100 5000
350000
404500
44000
60500
174000
210500
349500
33000
293500
321000
495000
147500
135500
34500
474500
191000
161000
494000
421000
137500
298000
278000
423500
92000
198500
444500
425000
158500
51000
22000
322000
401500
427000
366500
462500
101000
77500
312500
134500
371500
134000
129500
19000
269500
164500
494000
460500
326000
488000
382000
463500
286500
160000
387500
379000
359000
332500
304000
17500
384000
326500
340000
286000
254000
207000
248500
355500
285000
61000
490000
156500
195000
120000
176000
465000
284500
170500
426000
110500
159000
308000
74500
445500
468500
462000
324500
327500
295000
129000
345500
179000
456000
185500
465000
210000
393000
214000
65500
178000
275000
1  68
6  36 3 88 93 37 73
1  69
3  30 58 28
2  23 94
5  49 63 17 40 100
1  82
5  53 95 14 8 6
5  2 41 84 90 34
2  62 48
6  96 77 46 24 99 68
2  80 17
5  97 56 79 6 37
4  59 32 72 66
3  53 68 79
3  57 12 56
2  60 44
1  36
6  38 35 57 54 14 73
2  10 28
1  16
4  69 74 97 40
3  34 93 8
1  28
4  24 83 26 97
2  15 34
4  71 88 67 44
2  77 72
2  93 36
1  67
2  41 7
4  33 14 79 61
5  3 43 61 86 69
4  4 84 90 57
4  77 24 98 97
1  69
2  93 5
2  60 37
5  66 4 3 80 82
4  58 85 6 18
5  75 74 58 63 31
1  40
4  10 36 55 79
4  48 83 93 7
2  63 73
2  65 52
1  28
1  90
2  26 59
1  100
2  66 62
4  78 1 17 87
3  72 65 100
2  48 93
2  68 55
6  91 20 50 95 47 59
6  80 85 43 87 84 75
4  46 38 30 47
4  17 83 25 82
5  44 29 75 69 96
2  67 86
3  17 81 95
5  65 74 59 8 61
3  83 13 88
2  42 34
5  58 16 98 39 41
5  73 10 64 2 76
3  50 93 30
3  67 95 19
2  2 79
5  85 92 55 4 33
6  77 91 4 74 30 1
1  98
5  23 61 75 99 10
2  91 40
5  58 34 88 84 36
5  51 20 59 6 23
6  93 99 82 97 73 12
6  86 9 71 69 46 8
5  71 99 18 40 57
4  28 40 87 95
6  6 53 95 29 44 88
2  26 84
6  37 81 86 46 52 94
1  97
1  93
4  100 10 7 56
4  34 96 48 28
6  54 80 82 23 68 10
3  52 9 85
2  95 30
6  89 44 81 90 37 47
6  46 54 7 87 41 14
2  8 94
1  89
1  73
6  65 25 8 50 57 2
5  41 90 23 21 79
4  68 69 5 21
1  12
1  54
4  22 79 73 15
6  62 32 57 60 97 81
5  46 38 68 25 78
4  48 99 36 7
4  4 12 87 18
2  95 71
6  16 50 61 31 34 23
4  91 82 58 71
3  4 8 17
2  86 74
5  84 10 82 50 14
6  37 31 16 2 4 46
4  65 76 86 87
3  76 69 96
3  18 99 54
3  26 39 8
1  23
2  82 72
2  75 8
4  90 38 64 93
6  15 58 60 1 44 97
5  13 92 22 30 91
5  64 16 14 71 17
3  88 99 7
2  73 15
5  62 53 44 55 36
4  12 96 59 56
6  34 68 84 56 98 74
2  61 90
3  32 6 79
2  4 86
3  76 100 18
3  53 61 92
6  19 4 83 78 59 75
1  26
4  67 23 32 97
5  22 40 15 28 18
2  31 4
5  7 4 88 45 56
3  36 44 68
3  27 45 97
1  56
2  60 22
3  92 18 29
1  58
3  40 76 71
5  47 78 82 34 22
3  83 57 81
3  96 8 94
6  9 50 16 68 71 61
4  89 72 47 32
1  22
1  82
6  54 59 82 88 80 20
5  37 100 19 33 7
1  25
1  62
3  83 33 1
3  22 90 13
5  21 24 89 29 5
6  82 63 71 70 43 90
3  80 90 58
1  97
5  37 12 32 77 95
4  77 36 86 67
3  53 88 71
3  16 75 31
6  38 1 67 81 91 5
4  80 62 72 77
2  9 88
4  86 82 27 63
2  12 29
4  64 16 36 6
2  10 36
2  48 36
6  28 27 99 88 6 61
4  82 93 68 70
4  53 52 82 15
5  94 44 33 57 59
5  63 90 78 98 18
2  34 13
4  60 12 40 66
5  99 48 65 67 17
2  19 68
1  34
3  94 77 69
4  35 37 14 25
1  11
3  39 45 55
6  4 66 31 69 38 30
1  2
6  34 21 14 1 22 47
3  16 24 6
4  59 42 80 83
4  91 25 94 35
5  85 39 45 15 8
5  44 24 84 39 57
1  53
4  27 100 95 42
2  100 9
5  41 89 63 96 79
6  90 13 68 74 51 12
6  58 94 32 82 78 70
3  82 23 95
1  22
6  50 44 89 59 25 30
3  88 25 75
1  38
3  88 89 54
5  46 48 6 27 26
5  65 8 98 59 16
2  48 66
4  36 24 87 65
5  74 90 95 49 4
2  91 20
3  66 93 72
6  18 47 57 25 45 16
3  63 5 26
6  29 12 64 98 86 54
6  35 58 24 26 49 44
5  14 9 63 85 1
5  32 58 5 76 73
3  39 36 50
4  34 78 76 98
5  61 51 68 96 9
6  21 57 34 91 70 43
4  55 44 33 86
1  38
4  73 83 100 8
2  63 42
1  38
3  86 99 91
4  94 99 44 14
4  78 5 25 21
4  80 64 90 65
4  28 26 37 11
2  44 43
6  86 53 25 26 38 23
1  91
1  15
3  31 69 13
3  94 33 92
5  97 82 38 60 10
4  96 20 89 40
4  76 26 14 1
4  52 24 67 43
3  81 78 70
3  91 5 44
2  96 16
2  77 54
5  86 17 76 6 5
1  67
5  41 81 80 92 33
1  59
5  43 40 53 13 89
3  17 33 66
1  49
6  89 2 64 75 18 39
5  22 54 46 2 95
2  82 87
4  85 45 35 28
6  87 40 73 30 56 5
6  68 53 80 56 54 44
2  72 83
1  94
3  55 95 31
5  77 17 41 62 75
6  45 62 28 18 91 83
2  85 50
5  65 6 29 8 36
6  90 45 93 26 100 88
4  81 64 74 22
2  35 96
1  80
4  41 97 48 24
2  33 74
6  97 80 21 4 15 94
4  13 20 58 1
5  39 65 50 60 90
6  56 3 65 13 44 61
4  67 80 92 41
5  89 20 94 92 34
1  86
6  27 5 51 81 90 91
2  50 80
1  5
5  80 18 26 41 78
6  20 69 33 93 57 53
6  49 87 100 35 79 26
3  30 53 20
2  43 51
5  23 66 73 5 45
6  30 85 67 23 4 36
4  96 93 8 82
3  94 81 76
5  7 15 3 59 35
2  1 85
6  23 50 62 28 94 52
4  78 19 80 82
4  35 78 47 42
4  88 36 40 64
1  46
5  12 4 33 5 97
2  28 46
5  55 40 34 12 17
4  91 99 6 25
5  52 67 35 40 3
5  3 12 19 81 23
2  92 55
2  88 76
4  34 59 9 73
6  21 90 45 11 88 50
3  63 2 3
6  42 5 71 44 17 89
2  39 12
1  94
3  4 70 94
3  28 2 9
2  22 99
4  33 86 15 68
3  16 70 45
4  75 15 1 91
1  25
2  16 40
2  55 43
6  48 80 20 50 89 40
5  87 5 4 73 19
5  21 35 42 66 92
1  80
6  7 84 16 36 100 56
4  54 99 51 1
5  71 51 67 11 22
4  15 26 33 97
3  67 38 11
4  54 91 50 60
5  66 96 74 22 54
2  20 4
2  98 74
5  65 85 100 18 99
2  44 31
2  90 98
4  100 57 14 91
1  73
4  72 68 39 93
2  66 13
2  94 11
6  73 75 84 72 93 82
6  37 13 19 26 11 79
2  67 92
1  73
4  81 44 32 20
3  54 86 49
5  80 60 78 52 34
4  24 27 43 21
4  55 40 89 65
2  14 31
1  30
1  74
1  47
1  30
5  59 16 32 38 95
6  15 46 25 76 69 52
2  89 15
5  29 3 37 46 17
5  56 46 71 29 57
2  34 87
1  93
1  32
2  96 23
3  41 47 20
1  99
3  99 13 9
2  16 46
5  32 13 28 78 83
4  35 1 90 21
1  83
2  32 13
1  54
4  58 1 76 67
6  13 65 12 22 92 27
4  64 59 79 91
3  62 47 71
4  37 91 62 19
1  94
2  29 48
6  86 49 63 53 48 76
2  60 98
1  87
4  73 45 43 63
5  5 9 52 66 46
3  28 64 55
2  95 83
5  82 69 18 45 21
4  20 39 24 18
3  10 81 20
4  24 82 37 28
6  88 94 36 31 21 100
6  43 94 67 11 75 36
2  19 57
6  39 95 17 56 42 27
3  61 82 60
3  18 87 34
1  80
5  36 1 69 21 43
4  88 54 37 23
5  55 79 75 94 74
6  49 15 18 85 76 100
3  18 17 31
4  23 11 21 59
1  89
5  54 51 66 7 87
6  89 42 67 63 35 40
4  84 54 72 69
2  72 13
3  88 43 98
1  53
2  69 64
1  47
2  57 13
2  44 100
1  85
4  75 20 6 30
1  60
1  71
6  72 83 36 60 26 34
5  78 52 39 42 58
6  59 15 98 82 94 43
4  69 63 70 98
4  29 99 35 17
5  18 53 31 43 86
1  21
3  40 62 95
2  20 9
2  2 68
2  96 11
6  64 73 54 62 37 82
4  72 99 31 89
4  61 32 37 62
4  73 2 14 67
2  33 76
3  35 43 70
2  54 94
2  7 55
4  89 15 34 88
3  23 38 6
4  74 68 6 47
5  19 14 96 52 89
3  86 32 14
1  85
5  9 11 75 63 73
4  77 7 50 22
2  88 28
6  62 95 89 8 64 22
4  59 10 4 45
3  18 60 27
6  68 38 59 31 11 22
1  17
5  29 47 59 56 30
2  50 19
2  14 27
3  72 85 59
5  30 1 92 89 27
5  57 65 35 87 75
4  94 92 27 22
3  86 77 68
1  27
6  33 40 13 82 12 98
3  87 27 41
5  16 68 55 73 32
6  59 6 46 53 97 73
5  35 58 51 2 63
5  88 96 18 1 77
2  98 17
1  25
4  94 40 25 49
1  57
3  71 62 84
2  59 56
6  93 14 48 95 77 25
5  72 42 83 49 71
5  66 87 5 24 80
3  48 29 57
1  66
2  66 49
3  24 5 47
1  18
6  11 94 18 93 66 60
5  15 31 55 81 17
4  4 97 3 51
2  60 55
6  87 20 39 36 44 82
4  61 76 71 55
6  63 21 53 38 35 83
6  15 100 51 18 96 54
5  20 14 23 11 100
3  50 35 86
6  17 46 54 93 9 86
5  29 38 17 64 20
1  78
2  60 96
1  14
4  35 27 87 45
2  30 94
4  15 86 78 61
3  70 77 47
4  56 76 93 73
3  13 81 17
2  41 12
3  54 76 80
5  63 25 7 92 18
5  7 4 45 68 43
1  45
6  70 100 65 62 73 3
5  53 20 5 94 32
4  47 7 30 28
5  54 34 62 72 1
5  75 45 36 17 60
5  6 29 80 71 90
4  74 64 4 93
5  97 24 19 44 31
3  71 100 3
1  61
5  5 29 49 64 66
1  43
5  37 23 42 26 74
1  90
5  7 58 74 30 76
2  61 25
6  60 27 93 21 1 97
3  49 46 14
1  53
4  85 90 79 26
1  52
3  5 29 47
4  3 76 39 20
3  63 9 97
6  1 17 89 97 67 38
3  80 51 95
3  35 84 15
4  99 67 100 4
6  46 66 98 22 4 18
4  66 26 54 55
2  71 44
2  38 81
4  18 32 60 54
4  44 68 27 43
3  26 46 29
5  12 26 94 15 43
4  81 68 6 35
6  76 78 17 14 59 81
2  90 41
6  56 84 52 82 27 86
1  73
1  80
5  40 74 98 83 25
5  50 30 13 44 6
6  61 19 50 41 49 39
5  33 95 66 84 77
6  69 85 64 83 47 22
3  45 4 62
2  54 92
3  98 97 26
4  15 75 99 64
1  80
6  8 45 80 84 37 49
5  100 31 33 47 53
5  91 57 31 13 10
2  48 8
2  74 65
2  49 63
6  62 43 94 69 88 73
4  24 22 52 54
5  4 23 61 54 74
5  76 21 77 95 42
2  43 4
2  4 47
2  73 34
6  26 57 12 48 80 64
1  50
5  24 10 28 78 83
6  53 4 74 48 99 15
5  41 19 100 45 65
2  18 99
1  43
4  19 90 35 82
6  85 49 14 94 76 91
5  73 44 81 46 92
5  61 66 19 80 65
4  44 82 81 42
6  24 97 7 13 32 89
1  16
3  18 10 13
1  86
6  53 67 31 44 45 92
1  64
5  74 27 15 55 7
4  43 30 54 50
3  85 38 46
6  75 63 10 88 71 96
5  23 62 4 66 6
6  75 69 66 48 95 81
1  1
3  45 31 90
6  73 75 33 19 74 8
5  84 95 52 79 68
5  40 71 41 45 66
1  14
2  63 8
1  65
1  48
1  40
3  4 12 37
2  86 44
1  69
3  63 48 6
3  87 77 78
2  42 92
3  73 55 53
6  19 62 32 28 1 70
2  13 81
5  43 67 12 54 36
4  17 83 56 54
5  33 31 1 74 23
3  47 77 98
2  95 59
4  23 60 32 54
5  12 22 15 79 34
5  14 84 85 96 40
3  65 72 68
4  46 91 10 93
4  7 23 62 66
6  84 25 17 38 97 29
4  12 7 94 80
2  77 64
1  17
1  80
6  70 44 34 60 53 26
2  60 49
6  25 35 72 50 51 10
3  79 70 58
6  63 38 6 39 2 21
4  3 100 43 73
3  77 32 96
1  58
4  51 45 80 85
1  29
3  26 76 15
6  34 100 57 71 5 96
5  26 51 75 93 47
5  70 79 65 72 37
2  23 81
6  8 98 28 43 23 4
4  18 37 57 75
1  62
5  79 87 21 54 13
1  1
5  83 79 45 54 15
4  76 96 64 83
6  91 26 16 94 83 34
2  39 9
3  1 79 16
6  100 69 13 80 96 48
2  49 62
6  25 58 53 8 51 43
2  67 37
1  1
5  54 9 4 55 88
2  42 87
6  41 99 56 21 94 3
3  43 65 35
5  23 87 75 74 30
1  40
5  24 41 34 78 49
3  32 36 57
5  23 44 14 21 100
3  15 2 81
4  67 16 25 90
1  100
4  33 8 3 100
2  43 34
1  92
5  40 28 27 13 50
5  27 71 70 62 86
5  42 43 39 58 68
2  60 68
6  93 76 92 7 36 25
1  28
6  55 56 23 67 6 93
6  76 62 55 61 33 97
1  71
4  72 99 14 40
6  6 16 82 97 23 18
2  37 46
1  92
1  39
4  6 31 52 82
6  6 43 26 2 47 96
4  18 95 69 58
5  74 73 65 71 95
5  92 32 27 9 23
2  48 81
2  79 32
1  71
3  57 96 39
1  92
6  21 87 62 78 69 35
4  34 6 46 15
6  77 42 6 100 70 53
5  3 31 13 17 2
3  74 98 88
5  89 81 97 75 43
5  44 77 25 83 70
6  80 47 34 85 46 3
3  26 6 69
3  23 70 88
6  67 75 72 56 68 31
6  42 74 75 67 51 57
3  43 37 82
5  22 28 80 59 54
6  27 92 7 96 79 3
4  54 74 18 9
3  48 7 84
2  81 50
5  38 86 16 74 67
6  95 71 54 48 56 80
3  63 76 18
4  38 71 56 79
5  3 86 63 25 66
1  97
1  97
1  78
4  4 73 58 75
2  5 30
1  44
6  82 61 57 20 31 95
5  10 74 78 95 36
1  61
3  99 64 43
1  42
1  15
1  64
6  40 69 19 45 12 27
5  68 46 3 62 20
1  35
6  7 70 100 67 16 98
2  59 9
5  65 24 86 28 13
2  96 32
5  8 43 97 80 10
3  82 72 62
6  6 59 1 76 67 92
4  98 51 66 70
1  89
4  43 2 81 39
2  52 46
5  48 25 86 90 7
4  52 1 63 11
1  38
5  68 29 25 66 79
6  35 94 79 91 36 80
5  75 13 23 20 88
5  45 73 60 52 29
1  53
6  22 54 29 91 58 15
6  37 5 22 31 83 12
4  63 83 41 75
1  60
4  76 5 35 56
4  46 9 55 68
4  84 58 83 41
5  69 78 77 91 8
4  2 74 22 85
1  96
6  74 58 65 78 92 100
2  56 46
3  10 13 3
6  70 86 34 43 54 11
2  44 19
5  46 92 99 31 5
6  20 78 53 85 56 45
6  89 100 29 30 9 42
2  2 12
2  36 54
5  46 72 16 64 50
4  56 49 92 60
3  11 38 96
6  93 40 79 82 39 8
1  48
3  44 49 60
4  84 14 34 30
6  49 94 35 11 83 2
1  26
1  47
2  8 40
4  86 21 99 94
2  46 42
5  95 2 37 79 15
5  9 100 19 2 35
2  51 17
2  60 43
3  7 63 51
3  23 37 66
2  30 97
4  72 61 74 9
3  88 79 48
6  98 50 22 27 1 39
4  60 81 1 67
3  52 12 67
6  77 88 19 74 54 90
3  15 63 55
4  51 33 1 39
2  51 61
4  51 99 13 11
5  14 77 24 65 88
6  53 65 77 71 39 31
4  84 45 24 38
6  74 71 99 13 100 49
5  56 99 72 69 9
4  82 86 75 47
5  64 100 38 41 70
5  71 31 60 16 54
6  14 27 68 12 39 61
1  24
4  83 92 68 33
5  53 7 20 26 71
2  63 12
6  39 83 19 99 98 72
6  11 99 64 23 38 32
5  49 55 42 31 46
1  64
2  62 71
3  88 42 57
3  53 45 89
3  64 87 33
3  83 44 34
3  66 71 78
3  20 32 89
4  78 98 15 97
4  85 35 46 27
6  96 80 37 85 15 100
5  47 35 54 90 68
6  56 39 78 3 58 10
6  9 87 89 23 84 47
1  19
6  34 11 89 13 47 73
2  47 44
5  81 98 64 49 97
2  87 75
2  45 84
1  53
5  1 76 54 48 83
5  41 16 83 29 1
4  76 45 29 56
3  93 5 39
1  92
1  32
3  97 44 90
4  45 65 21 92
3  93 32 63
5  61 91 5 46 80
1  75
3  47 67 40
6  77 32 98 9 68 94
4  57 61 97 21
5  88 68 74 20 30
3  80 20 54
3  66 33 46
3  69 92 6
1  77
5  40 75 91 8 69
3  64 29 39
6  10 27 53 84 47 82
2  26 2
6  67 19 12 6 87 4
1  95
5  94 35 55 85 42
2  27 6
4  65 91 61 92
3  45 38 24
5  64 25 63 30 92
5  41 98 68 45 9
4  26 3 98 80
6  39 3 13 44 55 78
3  16 69 77
4  7 100 37 70
2  99 16
5  40 13 48 85 22
1  10
2  8 90
1  46
6  23 90 47 1 24 63
5  100 22 76 58 45
2  57 43
3  37 83 52
6  67 74 94 76 97 1
4  7 47 58 29
3  5 30 60
4  99 60 88 74
4  46 18 82 3
4  21 39 44 73
2  10 46
1  86
3  16 51 49
4  8 78 98 13
1  58
5  5 17 66 78 75
1  96
4  14 56 77 52
6  49 74 9 94 89 36
1  45
6  66 53 62 63 65 68
2  43 72
3  9 50 11
2  45 66
3  1 43 86
6  92 59 8 85 47 2
2  50 46
1  15
6  67 78 63 34 98 5
1  34
1  56
3  33 1 10
4  1 52 100 43
1  7
2  57 8
3  6 54 21
4  20 99 14 54
6  19 60 30 32 16 73
4  16 82 31 34
5  16 77 93 22 4
3  30 53 55
5  6 75 35 26 74
3  80 70 67
3  99 98 54
5  63 69 54 93 85
6  76 100 64 68 22 67
1  52
2  70 35
2  45 70
4  18 30 88 84
5  86 82 22 57 44
6  11 37 76 98 12 61
5  97 28 95 49 47
4  84 72 8 53
2  26 70
4  13 54 20 99
3  42 56 80
2  66 16
1  63
2  83 23
1  80
4  1 28 97 64
1  69
5  64 90 98 34 42
1  88
4  9 23 3 64
1  35
2  18 42
6  46 25 15 52 5 65
4  32 62 16 43
2  87 6
2  84 40
4  94 27 22 2
3  24 65 51
4  94 69 100 86
1  24
6  65 28 16 60 26 32
1  55
2  9 74
1  48
3  96 74 56
6  23 79 63 74 37 56
3  36 41 55
4  41 20 88 5
3  47 30 67
3  85 58 87
1  92
5  78 48 79 100 26
3  74 62 97
1  98
3  70 57 79
6  44 83 25 91 13 40
6  76 97 55 62 2 46
3  79 93 23
5  19 64 52 81 61
4  78 99 36 35
5  25 79 60 49 70
5  40 10 69 15 7
2  77 8
5  21 87 62 43 66
5  7 18 61 68 84
3  66 20 74
3  44 52 3
6  22 75 32 31 44 47
3  67 24 45
3  44 31 98
6  97 78 94 14 39 61
6  77 27 16 51 70 60
1  72
4  24 46 84 54
6  31 91 56 55 36 92
6  66 89 86 62 79 76
1  40
5  81 67 88 31 36
3  33 7 100
4  53 83 11 42
1  1
6  69 36 89 67 2 77
4  64 43 31 39
3  71 11 28
3  98 59 72
3  91 79 45
3  31 28 58
5  41 58 69 9 94
4  76 96 34 28
4  76 58 98 22
2  9 50
4  6 8 37 52
6  15 96 46 23 3 17
4  61 86 72 54
3  48 50 76
5  9 52 33 6 74
4  14 23 26 20
2  62 71
2  77 67
5  22 89 76 38 52
3  24 90 67
5  39 43 45 47 94
5  53 68 38 67 90
4  87 20 25 58
3  1 24 21
2  12 96
4  63 31 83 87
2  49 57
4  91 2 6 85
5  59 52 17 25 42
5  12 61 3 69 9
1  93
2  25 5
2  84 68
4  67 54 75 16
1  34
1  12
3  92 90 97
3  7 22 85
6  33 46 88 2 54 91
6  82 16 98 6 99 65
4  66 18 35 81
2  68 88
3  7 79 29
1  22
3  25 6 20
4  51 8 58 5
6  52 86 14 50 91 12
1  51
5  32 85 59 60 53
3  98 59 25
2  62 46
4  86 52 81 43
1  88
6  7 86 52 93 99 1
5  11 15 34 88 47
2  47 6
5  92 4 30 16 91
4  91 77 14 72
2  16 60
2  23 46
5  15 44 71 98 55
6  32 43 50 89 37 21
5  40 51 96 70 42
4  61 18 71 32
3  87 91 55
1  36
2  24 80
6  22 34 80 54 77 12
1  65
3  25 45 88
5  41 57 16 99 18
2  70 49
5  56 40 23 65 75
3  89 55 42
1  89
2  65 33
5  30 81 92 74 68
4  15 25 82 13
3  15 82 91
5  38 30 7 2 5
4  91 59 95 2
3  16 66 12
3  33 42 29
2  15 97
6  29 22 71 42 64 86
2  54 69
4  84 75 62 88
2  53 47
2  55 95
3  20 7 86
4  48 14 77 62
1  66
6  32 37 95 22 55 49
6  15 32 65 77 20 93
2  67 14
5  61 52 3 67 37
4  14 51 31 76
4  97 66 93 34
6  88 56 53 36 46 67
5  10 44 87 2 73
4  16 56 14 68
4  80 4 13 94
4  44 69 16 41
3  9 74 32
6  29 85 32 74 52 100
6  95 87 86 67 40 2
2  53 69
5  33 73 93 26 27
3  94 43 76
2  52 49
4  48 78 44 79
4  95 79 35 90
4  21 56 5 22
5  57 90 58 62 50
1  89
6  9 32 61 36 83 10
6  30 87 39 9 38 34
6  72 23 52 92 79 56
1  57
1  3
1  2
4  64 17 53 49
2  84 10
4  66 19 56 96
1  95
1  42
2  90 14
4  41 6 31 97
2  88 9
2  2 10
6  66 27 38 15 51 22
2  12 88
3  68 83 47
4  86 88 91 76
1  42
1  7
5  13 26 59 22 47
4  32 26 58 70
3  8 92 63
2  79 5
6  62 51 49 48 39 23
3  80 40 47
4  52 73 11 19
5  5 51 97 62 21
3  70 12 100
6  91 4 75 52 55 23
6  93 62 22 33 41 61
5  93 13 52 4 86
5  75 90 21 71 51
3  7 20 54
1  9
3  10 83 96
4  6 95 57 67
1  89
1  78
5  1 90 20 4 76
6  78 65 11 49 16 53
4  36 6 62 44
3  72 27 46
3  33 41 92
6  57 81 7 34 49 8
2  69 11
6  58 89 64 69 38 80
2  93 16
2  55 60
5  26 86 22 61 19
4  53 18 19 34
2  53 82
2  77 50
3  76 8 32
3  77 69 19
6  62 34 25 17 93 1
3  79 22 3
6  84 55 15 3 88 39
4  70 31 20 13
1  28
3  46 5 13
4  2 75 98 27
6  91 27 33 69 49 35
4  33 89 80 35
5  18 90 47 88 20
4  1 27 94 45
5  98 57 36 100 32
2  26 22
2  52 55
6  1 89 57 33 78 36
5  55 54 56 1 42
5  66 42 2 59 87
5  57 44 9 56 75
3  81 97 64
2  51 55
2  39 12
4  17 48 33 71
1  89
5  43 65 37 85 67
6  71 40 52 14 48 7
6  89 88 85 53 21 35
1  54
5  19 91 66 52 61
4  40 32 10 4
5  94 71 63 64 10
1  78
4  21 65 47 9
3  99 29 85
1  82
4  24 1 49 90
4  9 56 92 40
4  96 8 59 66
5  22 75 85 100 33
1  64
5  14 77 42 98 82
2  56 6
2  4 95
5  13 51 66 53 16
4  60 74 27 31
6  2 15 95 34 20 59
1  33
5  88 75 70 97 25
5  20 29 70 95 42
2  61 94
3  22 54 10
3  85 6 49
6  100 82 19 59 94 51
2  81 25
6  50 22 25 42 54 95
3  95 15 96
6  51 17 43 61 65 27
4  14 26 66 96
3  24 89 95
4  69 20 54 19
3  79 44 83
2  39 19
2  53 14
1  4
2  59 64
6  86 29 9 11 94 4
4  18 92 48 72
4  68 26 80 9
1  24
6  37 62 9 64 15 23
5  18 53 38 82 48
2  10 56
2  4 60
6  22 51 35 94 12 2
2  91 10
2  14 1
4  76 9 23 90
2  3 8
6  40 89 32 63 99 88
6  2 47 82 24 98 16
1  9
2  36 100
2  59 14
2  18 89
3  41 79 67
3  86 50 82
5  81 44 72 68 39
5  15 21 98 12 37
1  20
4  49 20 81 7
2  8 25
2  44 65
6  10 7 85 59 89 40
2  31 8
5  5 22 92 2 33
2  16 53
5  65 72 62 5 70
6  26 13 61 25 22 68
1  81
4  68 21 89 99
2  60 3
3  52 5 83
5  21 35 61 85 7
2  56 12
6  52 37 5 12 62 27
5  71 8 35 39 28
2  37 56
5  40 5 35 45 87
1  65
2  75 49
2  97 5
3  89 57 76
6  69 37 20 47 8 27
5  46 55 5 83 11
6  22 15 23 67 2 36
2  24 10
5  53 7 85 92 96
3  68 88 9
1  8
4  13 35 37 58
6  42 41 100 30 63 15
4  29 16 88 59
3  98 38 93
1  22
6  99 63 52 87 71 57
6  26 69 29 63 27 18
1  67
1  34
2  31 85
4  47 72 16 87
5  54 79 73 76 63
5  38 15 59 9 72
4  34 40 81 97
4  99 1 34 15
3  63 46 19
2  93 90
3  79 59 89
4  32 65 20 3
1  34
4  10 5 14 44
3  95 40 12
6  41 45 8 74 54 92
2  46 82
4  24 41 52 81
5  16 100 75 18 34
3  28 39 49
5  84 44 11 95 37
4  39 44 25 46
6  17 73 43 98 35 67
3  86 47 10
1  47
6  19 81 20 46 69 17
1  13
2  97 49
5  36 93 4 82 90
2  54 33
2  89 99
4  75 45 66 76
6  50 95 72 70 41 91
3  57 93 52
6  89 100 64 25 92 67
1  82
6  60 14 4 48 12 23
4  25 99 49 75
6  21 45 34 12 84 91
1  35
5  93 34 38 18 26
1  23
1  91
5  21 95 30 33 54
4  90 79 51 39
4  44 59 99 77
5  82 67 74 16 41
4  50 79 84 76
5  6 83 75 88 4
5  17 37 23 69 27
1  20
4  55 63 23 53
3  93 35 5
4  50 46 33 100
2  16 75
1  22
4  83 9 62 51
2  99 74
6  25 75 14 89 29 76
1  82
1  4
1  20
5  66 2 65 90 18
3  98 39 97
5  48 59 31 74 57
1  68
5  78 82 70 7 57
5  89 72 85 5 91
4  70 56 35 45
5  74 43 12 71 23
4  29 54 34 86
4  2 67 36 83
3  43 40 17
2  11 2
3  1 56 5
4  11 39 1 84
1  44
6  83 67 56 11 20 89
6  78 90 63 13 72 99
4  11 16 86 22
1  21
2  72 25
5  83 64 78 66 76
2  62 58
6  17 69 8 5 65 85
6  28 98 66 26 53 77
3  39 98 58
4  20 30 84 97
1  48
5  78 23 96 40 80
5  56 48 91 61 13
5  55 40 74 20 66
2  97 7
4  94 65 23 14
6  7 10 6 54 84 77
5  23 56 63 79 4
4  39 16 29 93
4  3 13 21 28
1  28
6  3 92 15 17 86 22
2  92 75
1  75
4  89 98 7 52
5  11 5 16 26 34
1  82
3  21 2 64
2  29 55
2  21 70
3  6 91 75
6  66 84 72 17 73 70
2  24 46
3  29 62 60
4  70 41 98 91
3  61 21 72
1  54
6  86 3 98 76 77 95
3  61 66 58
2  36 82
4  82 15 86 43
5  48 12 15 46 3
4  7 23 28 76
2  8 78
1  84
4  11 25 15 77
5  48 12 64 5 93
5  91 36 52 39 48
4  84 50 22 90
5  50 12 48 69 20
2  86 3
5  96 28 95 72 10
3  84 73 48
5  51 38 12 3 76
4  68 60 8 90
3  80 40 62
2  9 81
4  94 84 31 89
1  25
4  21 67 45 93
1  21
3  52 32 46
2  91 14
6  99 4 37 78 43 98
1  51
5  55 45 63 86 33
5  10 94 93 77 38
6  91 58 30 43 90 75
5  81 89 58 79 92
6  56 35 93 59 86 71
1  30
2  99 63
1  9
4  98 86 94 84
5  52 13 19 42 88
6  22 76 47 1 68 41
4  3 33 15 89
1  29
2  37 28
5  42 36 37 40 21
2  23 97
5  35 15 24 23 4
3  98 50 47
4  90 2 68 23
2  57 26
3  74 62 73
4  3 9 91 43
2  22 65
2  4 100
3  28 22 44
5  20 94 19 86 84
2  54 6
3  10 32 84
5  93 56 38 96 64
2  39 93
3  3 19 54
1  59
5  25 3 53 45 96
5  30 80 93 83 85
2  92 17
1  75
1  69
1  5
2  41 43
2  91 46
3  44 49 2
2  73 5
5  17 1 49 47 80
3  30 65 71
2  81 84
6  90 53 9 95 85 49
3  10 40 83
4  83 31 55 7
1  59
5  21 59 32 67 38
5  96 3 43 17 83
2  13 72
5  21 66 63 70 3
5  9 86 25 92 16
5  99 20 38 82 40
6  14 6 34 86 1 36
2  18 19
4  30 91 32 50
4  94 19 59 66
2  45 90
2  61 69
2  80 7
6  19 3 12 24 37 97
2  72 25
3  91 78 72
5  10 21 37 4 40
6  69 67 40 59 86 100
2  3 79
3  2 97 36
1  21
5  11 46 44 35 87
3  13 58 15
2  79 51
2  18 47
6  85 86 52 70 80 73
4  13 74 61 49
6  82 21 98 27 65 32
1  99
3  72 13 67
3  64 92 68
1  86
4  96 38 22 81
1  94
3  30 68 5
5  55 87 99 53 13
4  85 26 61 29
6  74 96 47 37 88 14
3  73 66 42
1  87
2  26 81
4  55 49 71 33
1  57
2  56 70
6  41 96 54 70 93 28
4  39 64 52 53
1  24
2  52 34
1  73
4  86 39 14 35
1  47
3  67 77 95
3  70 35 31
2  4 23
4  68 62 15 20
1  25
3  32 76 77
3  49 36 23
6  50 57 96 95 62 73
6  98 43 24 28 66 27
4  17 95 13 32
1  27
4  58 32 35 95
5  71 17 66 20 74
4  16 69 23 88
4  20 31 81 48
6  8 99 13 3 11 45
1  37
6  74 95 32 8 90 11
5  6 76 98 80 37
1  48
4  1 6 80 31
6  27 94 25 40 96 36
6  12 73 84 86 67 15
6  56 25 72 62 1 70
3  38 83 89
6  84 94 77 15 81 3
3  74 28 81
5  64 65 82 36 49
5  2 64 61 58 88
2  19 89
1  60
2  84 49
2  67 42
6  81 23 3 22 96 31
1  66
6  68 48 29 16 15 31
5  75 88 67 7 56
1  66
5  90 14 6 57 56
1  37
5  8 59 74 38 61
3  32 29 87
4  45 1 90 23
5  78 90 82 84 46
6  50 27 78 63 32 35
2  37 71
6  45 29 70 83 90 9
1  18
6  74 62 97 64 85 72
3  75 53 25
2  41 74
3  19 37 79
4  56 16 24 52
4  53 22 42 31
4  60 26 29 22
2  92 7
6  33 82 46 57 1 87
2  48 5
5  26 58 22 41 82
5  1 34 95 43 76
2  98 36
3  27 58 72
2  65 51
3  10 8 47
6  38 94 2 5 19 59
2  60 40
6  61 74 94 3 49 19
1  84
5  27 42 40 45 6
1  95
4  14 3 97 10
3  91 11 45
1  70
5  70 10 71 30 83
4  32 31 83 15
4  59 56 90 3
4  93 98 12 7
6  9 16 40 100 27 85
1  96
4  78 5 26 7
6  90 39 19 72 71 34
2  29 90
1  31
4  4 29 63 11
2  71 26
5  70 53 52 79 48
1  56
4  32 63 41 22
1  59
6  72 92 15 100 81 26
2  31 30
4  93 40 87 64
4  54 34 18 6
1  66
1  68
2  45 31
4  66 32 18 59
1  9
5  3 90 100 33 20
2  92 13
5  78 77 35 32 11
4  37 23 19 49
6  37 94 21 96 59 52
1  18
4  22 91 58 11
6  90 31 19 81 44 87
4  20 22 90 31
5  26 53 92 75 43
2  68 63
2  27 15
3  44 70 59
3  27 69 24
1  99
3  98 43 29
4  63 50 45 93
2  71 45
1  46
6  44 14 51 68 41 66
1  84
3  63 19 62
2  42 78
2  84 75
5  12 31 34 61 76
2  84 46
5  99 92 59 42 6
1  10
3  74 14 30
1  76
3  70 7 89
3  37 72 22
1  84
4  42 44 28 68
2  74 39
2  65 97
5  70 6 78 16 79
6  45 88 67 92 57 74
5  4 10 53 26 18
3  78 60 80
1  28
1  78
4  34 43 63 2
1  68
5  28 47 70 72 34
3  64 90 10
3  94 20 97
2  38 32
6  98 12 1 25 19 78
6  52 21 53 54 33 20
2  60 67
1  32
6  38 95 90 48 39 83
4  36 2 5 67
6  2 79 98 26 97 76
1  49
6  68 2 28 88 34 87
4  35 18 54 73
1  43
2  52 26
6  87 27 90 54 24 92
2  22 17
2  98 33
5  93 1 79 21 88
1  7
3  47 25 95
2  38 37
3  89 62 25
5  89 15 28 13 6
4  34 23 87 31
4  64 24 55 43
3  43 55 51
6  2 76 79 21 13 15
4  1 77 84 75
4  98 2 78 3
4  12 25 48 43
5  11 66 34 54 10
5  8 60 10 35 38
2  47 53
6  48 29 72 22 95 69
2  72 85
6  97 32 26 76 43 92
1  96
1  85
1  61
3  13 96 82
3  43 34 31
6  63 2 12 57 71 36
2  43 21
1  39
4  38 15 95 30
2  91 31
1  94
6  53 7 87 34 49 30
5  79 20 30 81 32
6  52 67 16 94 88 28
2  40 66
3  34 96 70
2  27 78
2  18 30
2  5 64
5  34 31 51 53 61
2  85 48
5  51 64 76 38 92
1  77
4  55 11 53 24
3  79 2 53
6  31 77 1 94 49 35
2  100 88
6  31 72 32 13 23 95
6  61 86 97 38 44 51
3  96 75 83
5  76 36 71 7 13
5  100 62 6 24 61
6  9 91 65 40 4 88
3  92 48 21
6  86 64 39 34 60 14
1  34
6  52 5 95 64 77 25
5  19 86 76 27 41
4  80 28 2 72
5  22 60 61 86 99
6  46 12 10 80 1 62
6  95 25 61 90 50 43
1  35
2  34 11
4  100 90 87 1
4  63 23 21 24
1  20
2  54 32
2  33 32
6  17 27 13 77 16 63
2  23 97
3  57 7 96
4  97 82 57 58
3  79 67 87
6  85 41 30 12 73 61
6  90 88 13 66 4 75
6  27 71 22 83 78 17
3  74 99 95
2  43 74
1  10
4  7 94 1 37
1  74
6  4 63 85 16 28 88
6  13 14 61 34 97 38
4  36 11 49 30
3  91 4 51
1  65
4  94 66 98 39
6  1 75 17 29 63 7
3  77 67 75
5  4 26 8 15 74
3  56 65 42
1  65
1  64
4  71 57 56 10
3  57 11 22
5  39 84 79 81 60
3  55 33 50
5  41 65 54 79 21
2  20 27
5  26 90 41 97 47
6  6 93 52 16 14 25
4  98 4 35 58
3  90 99 70
2  63 24
1  83
3  28 10 24
4  99 65 50 45
4  55 38 13 71
4  37 25 49 41
4  6 90 49 96
6  19 26 51 42 34 83
4  43 7 15 42
5  64 87 32 19 24
3  90 76 81
1  25
2  74 30
1  23
2  98 41
4  48 83 85 81
4  46 23 72 61
4  43 25 51 75
3  74 18 33
3  98 47 74
2  20 3
2  42 29
2  83 80
5  65 64 53 29 9
5  1 70 40 44 94
6  18 37 64 36 69 13
3  15 86 52
3  89 80 76
2  5 58
6  77 22 60 30 51 69
1  52
3  45 95 31
3  13 67 98
3  36 11 83
3  96 35 84
6  14 60 1 19 17 97
6  39 57 24 89 25 29
3  63 73 35
6  7 48 60 5 97 96
1  79
3  10 14 29
6  28 89 96 46 5 93
3  44 49 64
2  74 92
5  36 65 8 29 71
4  89 75 52 84
6  31 29 100 44 58 94
5  46 89 16 51 81
4  95 29 19 27
1  11
6  38 75 7 66 45 62
4  20 13 38 9
3  67 9 86
2  2 56
5  90 72 21 71 27
1  100
3  41 2 56
3  39 30 46
1  75
1  59
6  19 97 4 62 64 12
3  88 14 3
4  3 74 78 1
6  73 46 33 74 2 72
1  31
2  18 6
2  77 1
3  73 4 36
1  51
2  29 53
5  32 27 57 5 49
5  72 81 51 73 53
4  4 70 81 10
6  57 10 37 29 14 41
4  29 91 88 57
3  68 89 70
2  94 97
5  71 68 54 21 41
1  84
3  76 64 54
5  20 64 6 49 77
3  14 6 37
1  62
5  69 51 50 93 44
3  66 14 19
3  55 25 18
6  1 82 53 70 2 16
5  51 93 22 64 98
4  65 60 38 33
1  88
2  53 33
6  67 46 10 1 100 35
2  99 35
6  51 5 1 67 81 60
1  15
4  60 79 16 98
1  26
6  38 79 17 29 45 63
3  46 63 72
4  61 7 63 12
1  63
5  92 14 38 94 28
6  53 7 10 51 19 36
3  57 14 52
6  59 15 23 4 77 94
5  37 1 29 49 12
6  26 3 6 63 96 34
4  49 41 67 99
4  2 34 16 15
6  100 74 99 22 78 76
1  44
1  17
5  61 28 65 87 31
5  50 27 4 6 75
3  72 74 4
5  8 19 88 93 61
6  40 38 67 56 82 79
5  55 39 100 19 25
2  89 74
4  93 80 31 37
4  5 40 24 12
4  12 4 76 72
6  16 10 62 72 91 40
3  46 79 43
4  4 72 53 77
2  45 57
4  81 8 63 20
2  75 78
3  79 53 14
5  69 23 35 40 14
5  83 59 54 25 23
4  97 76 34 24
2  90 83
1  97
3  21 28 20
6  70 99 51 83 72 20
1  7
4  20 82 42 79
3  66 1 92
4  77 25 86 96
1  68
6  11 13 18 39 33 16
1  31
4  90 3 85 96
1  44
1  91
6  93 26 51 94 17 13
5  42 98 66 56 63
4  79 80 5 11
6  12 42 61 2 44 46
6  53 89 12 43 74 4
5  24 98 85 36 68
2  34 33
5  99 95 48 77 75
4  88 69 64 29
2  66 72
5  63 25 74 67 36
5  35 59 76 19 95
3  44 28 75
2  26 70
5  3 45 25 91 14
6  19 43 54 91 17 16
1  79
6  82 15 68 16 74 43
3  68 85 79
6  60 4 22 30 76 24
5  100 14 87 88 33
2  42 24
3  58 39 24
3  20 39 14
3  12 56 70
5  41 49 75 100 52
6  30 28 19 3 27 33
6  15 66 19 56 89 64
1  28
6  60 47 26 73 83 37
2  53 16
5  1 90 69 53 86
6  80 5 1 7 38 90
2  3 9
5  92 73 91 19 60
3  66 86 23
3  22 52 1
3  20 2 28
6  55 13 86 35 18 87
3  55 76 63
4  85 41 49 57
2  67 16
5  33 2 3 82 23
4  83 61 74 85
6  62 39 2 48 73 19
3  15 73 10
5  30 95 17 78 51
3  45 67 28
5  68 30 59 91 84
3  52 57 25
3  19 63 42
4  36 60 1 51
2  10 27
4  5 44 39 55
6  83 22 19 60 90 48
2  80 32
4  32 88 82 72
1  45
1  72
5  73 72 31 4 82
4  65 86 2 4
3  93 86 63
1  45
4  60 63 32 91
2  64 78
1  35
6  47 56 28 19 58 23
1  16
6  96 18 91 36 10 77
6  22 50 81 84 82 71
1  45
3  6 79 32
4  26 88 79 45
1  37
5  24 53 55 19 70
3  55 80 22
4  1 44 3 81
2  85 51
2  30 99
3  9 31 88
3  18 67 79
2  3 46
4  56 100 75 25
3  29 4 68
5  4 11 85 84 38
5  35 69 99 34 4
1  64
6  41 81 58 19 13 61
4  69 16 64 43
3  9 72 43
5  54 47 87 39 30
2  8 65
6  7 98 97 13 61 88
4  42 45 72 55
1  36
2  20 100
4  60 8 38 3
6  91 49 71 30 79 96
3  43 88 44
3  85 57 1
5  10 42 16 82 97
2  17 20
3  17 85 100
2  23 2
1  13
4  79 42 29 75
5  71 63 22 10 47
5  10 18 88 52 34
5  49 55 86 68 95
1  53
6  26 75 96 34 88 46
1  30
5  87 9 45 50 30
4  96 8 64 14
6  16 47 64 1 50 31
6  52 83 90 78 58 86
1  46
2  24 75
1  11
5  50 60 13 4 55
2  67 69
1  82
1  80
3  17 30 76
1  81
4  1 58 16 87
5  61 18 92 36 23
1  18
5  62 31 76 16 51
3  85 67 24
6  46 69 16 76 45 27
4  3 28 14 19
1  83
5  32 74 15 54 76
2  26 37
4  1 53 15 43
3  81 67 37
2  35 52
1  79
5  58 82 6 71 100
2  54 79
4  27 94 4 3
2  30 40
6  31 93 4 73 30 85
3  66 11 74
1  13
4  95 70 33 100
3  33 19 94
1  70
2  5 73
2  31 3
4  20 33 56 24
1  85
1  44
3  19 18 67
2  69 61
1  2
4  42 35 80 46
3  56 50 22
5  80 25 42 100 57
6  23 62 82 31 6 32
3  23 98 79
6  59 79 94 20 28 100
4  73 48 11 23
5  90 3 94 31 2
4  28 25 13 10
4  19 41 3 39
5  33 97 60 27 17
5  55 16 34 28 63
3  50 33 52
2  64 53
5  92 78 90 1 32
1  42
3  49 80 15
5  77 75 8 93 54
4  8 87 90 71
2  39 3
4  90 30 28 43
1  20
2  97 20
4  4 62 86 53
3  100 35 17
5  43 9 27 5 17
1  94
6  45 33 90 9 22 19
3  65 26 56
6  22 76 36 26 37 79
5  21 13 94 95 56
1  22
4  20 36 53 6
5  86 96 89 7 15
2  72 40
5  56 62 92 88 93
1  66
5  34 79 64 29 67
3  93 86 46
6  66 31 87 55 38 1
5  10 40 60 66 2
1  57
6  9 70 54 78 4 33
3  32 66 7
5  59 93 67 5 84
2  36 70
6  74 70 65 83 10 25
3  11 41 5
6  49 75 53 26 78 86
5  10 52 74 91 11
4  57 15 50 89
4  19 75 25 88
3  7 98 64
4  8 4 60 7
4  34 60 79 12
3  46 22 96
2  12 6
6  69 21 35 58 71 53
2  96 41
5  3 38 34 57 46
3  17 52 91
4  11 69 63 55
1  84
4  33 96 56 18
4  77 52 22 47
1  53
3  45 24 82
4  1 28 95 18
5  85 68 90 53 30
3  67 14 95
6  9 51 16 73 27 68
6  74 71 47 16 70 60
6  27 61 25 22 78 4
1  46
6  59 76 38 26 89 33
2  97 83
3  70 10 7
4  84 78 11 100
6  81 59 90 8 20 15
2  98 18
3  44 11 93
2  48 18
1  80
3  4 63 82
5  73 88 37 56 66
3  55 59 28
1  49
3  34 63 32
5  98 75 90 93 38
1  100
2  50 4
5  31 77 52 19 13
1  85
4  62 43 88 76
6  22 9 54 85 40 34
5  14 24 72 7 62
5  7 78 29 11 58
4  87 9 79 100
1  63
4  77 6 47 52
6  68 61 50 53 100 84
3  14 8 6
2  69 85
2  47 14
3  4 73 24
1  51
2  28 13
5  4 18 29 56 15
6  17 65 48 82 30 56
6  51 24 72 78 71 85
1  74
4  40 86 8 63
1  21
3  17 39 73
5  53 69 89 17 5
4  99 35 20 85
6  43 56 64 13 41 79
6  98 18 73 5 80 85
2  24 2
4  97 75 16 66
4  32 82 68 96
5  3 15 65 89 58
2  52 71
4  30 58 59 48
2  63 27
1  88
4  16 51 48 91
4  13 54 98 95
2  94 75
2  9 40
1  66
4  64 37 21 93
6  80 41 24 42 68 38
2  19 54
5  66 44 47 79 97
3  73 18 39
3  42 47 87
4  13 47 17 50
5  10 43 47 51 67
6  18 4 36 57 98 1
1  45
5  97 90 53 15 28
6  57 75 86 10 87 32
2  36 99
3  79 45 87
3  33 4 49
3  39 6 48
3  6 93 20
1  82
5  17 10 71 73 84
4  83 71 88 9
1  86
3  85 31 32
2  63 35
5  13 74 83 61 14
6  53 33 90 35 4 7
3  74 79 28
2  62 99
1  70
1  3
1  90
2  47 19
6  82 97 8 56 80 68
5  69 21 2 59 56
1  65
6  79 44 28 9 5 27
2  75 31
2  90 20
4  37 39 55 18
3  63 73 16
2  42 84
4  44 42 7 49
1  7
2  50 35
3  55 61 29
6  88 19 12 48 55 51
1  72
6  65 45 2 95 87 86
3  31 28 53
5  34 59 7 84 93
3  38 54 3
4  45 91 85 56
3  39 6 41
1  92
1  56
6  100 42 80 45 72 7
6  51 41 56 57 25 49
6  62 2 28 47 93 12
1  31
4  8 72 61 100
5  16 94 76 58 74
2  30 80
2  81 21
5  38 45 22 36 7
2  38 34
5  31 46 71 62 96
5  33 57 79 10 73
5  85 30 46 6 60
2  24 40
3  97 77 91
2  13 97
3  51 31 10
5  76 80 42 71 59
5  28 38 84 100 10
5  29 56 74 89 81
6  29 27 94 6 17 11
2  14 51
5  44 60 49 20 40
6  91 99 65 18 37 48
1  46
1  46
1  89
3  82 86 63
1  79
5  25 90 86 39 41
4  83 100 4 2
3  94 92 39
4  10 75 6 26
2  21 71
2  10 5
1  96
5  11 75 35 36 64
2  74 4
5  56 4 79 58 44
5  49 82 30 58 56
3  84 77 56
4  98 65 59 1
4  27 11 35 61
3  98 82 20
1  57
5  5 35 33 48 7
5  30 37 40 86 72
2  62 28
5  60 93 36 53 62
5  87 23 17 85 5
3  86 61 12
6  96 44 38 3 26 67
3  65 53 11
6  14 38 64 73 30 100
2  83 61
1  69
6  18 53 88 54 39 49
4  28 45 9 66
3  34 33 87
6  85 97 86 98 35 49
5  65 49 3 47 9
1  16
6  22 69 81 76 7 29
3  35 73 50
6  20 84 32 6 82 16
1  67
1  38
1  85
1  64
6  49 73 91 64 65 13
2  46 88
3  74 29 73
3  78 72 66
4  4 72 43 20
5  9 33 12 25 17
1  88
1  62
4  94 25 26 6
4  71 94 95 44
2  67 91
6  39 56 61 42 28 3
4  2 12 94 13
3  11 25 24
1  87
6  8 11 10 14 68 80
1  63
2  30 14
2  68 70
6  10 97 92 70 98 3
4  10 38 74 35
4  87 21 45 95
2  55 8
6  34 15 62 58 44 92
5  73 59 40 62 68
3  53 38 35
4  1 44 93 74
5  54 61 100 99 55
2  54 63
2  87 77
6  44 20 83 15 93 42
4  54 10 91 6
3  25 61 48
5  54 22 47 8 82
3  7 37 77
4  99 7 46 76
6  90 95 82 4 87 24
4  41 33 49 46
5  74 7 28 42 60
3  89 68 31
3  74 68 11
2  66 18
5  41 16 68 36 98
5  23 21 30 63 53
5  9 33 52 16 60
6  76 8 82 43 39 16
1  6
2  49 72
3  27 13 60
6  48 57 67 71 77 97
3  30 76 43
4  27 59 22 20
3  30 1 77
5  16 93 73 42 41
3  85 68 56
3  63 4 1
2  75 77
2  8 7
1  51
5  28 9 91 47 42
2  48 19
6  63 11 60 5 52 4
6  19 60 33 82 64 11
3  10 36 46
1  37
6  85 64 5 75 10 47
6  57 65 82 20 76 41
2  27 45
1  46
1  46
2  68 78
3  6 88 73
4  4 9 47 88
5  52 63 82 98 57
3  62 38 59
3  79 83 64
2  95 9
2  40 35
6  18 71 100 5 43 51
1  52
6  96 24 49 58 6 46
1  44
1  52
1  45
2  85 8
4  79 16 80 19
4  75 36 21 41
4  26 49 16 23
3  39 71 2
3  16 88 24
5  91 68 97 75 76
3  54 92 30
5  42 5 9 63 79
3  26 4 98
3  26 42 80
6  43 24 13 59 12 36
2  2 4
2  77 79
5  31 70 2 3 11
1  11
5  85 60 100 88 57
3  14 98 21
1  41
3  23 99 56
4  24 58 62 47
3  41 18 65
1  19
5  21 25 78 94 9
3  93 97 94
2  11 92
4  21 32 98 43
2  54 1
4  12 62 100 46
1  18
1  12
3  77 33 61
4  27 70 92 20
4  85 53 76 6
6  7 4 39 37 57 91
5  100 91 14 2 8
2  13 45
1  46
1  55
5  75 47 91 41 31
3  16 7 49
1  14
4  51 10 89 41
5  89 31 92 90 39
1  3
5  16 48 88 71 19
4  17 10 3 48
4  19 54 1 31
4  54 81 17 63
5  58 41 89 32 48
2  46 51
1  62
6  98 32 17 61 48 26
4  95 78 82 49
5  12 15 33 93 32
6  62 89 35 19 77 67
4  4 12 17 14
5  15 12 5 31 73
4  57 35 47 17
6  13 28 10 46 20 42
3  81 30 75
6  7 41 67 11 53 83
2  26 97
3  31 28 9
5  84 44 30 18 60
2  31 88
3  76 8 16
6  6 91 88 12 31 54
2  84 37
3  10 34 85
3  61 93 22
3  37 52 63
6  76 94 84 11 70 91
6  85 79 91 76 67 3
1  21
2  90 57
5  99 90 57 39 51
3  61 95 87
1  57
5  88 50 67 98 19
4  84 4 36 74
5  3 77 85 23 2
5  79 75 74 69 32
1  19
5  72 14 68 84 71
4  72 20 17 70
3  74 53 43
1  27
2  12 3
1  34
1  81
1  80
4  82 11 66 100
6  38 14 60 21 84 10
6  4 27 61 42 100 14
6  10 40 6 21 42 12
4  47 92 67 26
3  48 37 11
3  29 48 62
6  69 45 98 61 48 24
2  90 24
3  75 33 74
5  54 16 91 8 63
5  75 88 27 23 24
3  71 52 85
2  40 54
5  38 14 24 62 35
1  86
5  88 19 43 67 72
4  58 80 21 40
4  9 67 76 33
1  46
6  89 77 25 42 53 62
4  77 23 90 8
4  78 27 2 45
6  61 2 77 81 41 31
6  7 22 11 53 6 99
2  30 40
5  92 95 59 14 85
3  22 43 26
3  45 70 46
1  71
2  86 12
4  75 18 59 96
2  12 2
2  41 31
4  23 62 81 36
3  29 58 89
4  6 33 23 52
3  94 74 22
1  27
6  23 86 92 51 97 93
5  37 24 43 59 46
1  39
5  50 67 40 38 20
3  71 43 97
1  36
5  29 40 97 25 62
5  16 12 79 9 89
1  33
2  74 79
3  13 61 86
5  100 23 99 46 94
3  43 100 77
1  28
1  10
4  78 92 68 89
5  77 78 85 9 59
6  44 71 47 30 49 52
3  92 45 89
3  45 65 47
5  81 57 25 58 49
6  47 19 69 24 4 78
2  62 64
5  32 11 6 81 57
4  29 49 3 17
5  47 82 30 20 62
6  44 20 35 37 67 54
1  90
4  82 23 19 46
6  50 56 4 31 13 61
4  62 63 76 45
1  58
5  29 20 61 73 39
6  9 5 49 14 95 6
6  17 24 41 16 74 97
2  4 9
5  63 71 43 39 15
4  96 89 81 16
3  54 45 62
4  94 76 53 99
5  70 22 11 85 95
1  4
6  16 83 62 86 25 1
1  77
6  89 58 12 38 11 65
5  73 23 76 48 75
2  45 97
2  30 92
3  33 90 50
1  52
3  40 52 35
1  48
2  74 59
4  85 24 45 57
3  20 4 22
6  21 67 91 49 97 82
5  29 72 32 44 24
4  84 75 1 100
2  25 74
5  86 59 5 30 15
4  50 19 73 45
3  40 35 88
3  17 70 65
6  2 8 12 68 91 87
5  91 9 93 65 90
5  23 95 9 38 45
4  56 18 2 95
4  37 83 93 54
4  58 42 53 65
4  21 56 41 89
3  49 81 11
3  59 33 67
5  78 25 26 95 27
2  52 64
1  45
1  54
1  59
1  67
1  27
2  53 15
5  2 96 79 40 54
1  73
2  82 51
3  7 46 72
2  98 36
2  43 52
5  44 11 89 23 15
2  75 30
1  76
2  80 16
5  91 89 99 73 39
3  79 85 17
1  82
4  34 24 4 15
5  14 3 78 37 18
1  11
3  11 87 71
6  3 50 81 91 48 53
2  93 32
1  9
3  95 60 70
2  64 85
6  78 88 63 14 5 73
2  52 83
1  22
5  13 71 53 4 19
1  33
1  37
3  20 73 40
5  43 58 44 27 21
1  6
2  19 78
4  70 61 68 92
2  81 62
6  84 81 90 16 93 27
4  12 99 2 92
3  59 35 68
1  55
5  7 89 99 85 46
5  45 14 59 77 94
2  62 78
1  52
6  95 78 55 7 77 56
6  18 14 33 85 16 88
4  23 76 65 7
2  33 51
3  92 28 13
6  5 15 41 98 9 18
4  15 95 7 13
1  21
3  98 37 32
4  59 7 28 66
2  61 17
4  52 44 89 65
2  93 79
5  91 88 42 2 85
3  14 97 69
4  95 5 91 58
4  98 85 28 25
3  44 86 97
6  75 61 20 68 40 93
4  27 83 99 29
5  47 43 65 16 1
4  20 92 16 83
6  1 11 13 46 55 99
3  42 74 3
4  41 43 54 98
5  37 97 98 4 44
3  68 59 41
2  78 32
3  61 20 42
5  33 87 26 31 29
5  4 32 29 45 74
5  42 19 39 22 82
5  90 40 19 16 18
3  58 78 69
6  49 1 87 74 32 15
3  36 46 70
5  20 52 22 61 70
4  100 92 42 78
5  81 96 97 98 46
4  76 14 54 25
1  41
6  47 56 39 83 2 8
4  21 59 84 82
2  44 81
2  85 59
1  66
4  97 64 100 52
3  14 6 63
2  46 61
5  2 100 57 3 7
2  23 66
1  4
6  47 85 13 31 44 96
6  10 59 98 61 12 67
4  40 12 22 15
1  21
5  16 28 90 39 93
6  43 86 39 27 98 69
5  10 65 69 20 24
4  81 22 77 47
5  17 59 4 31 72
2  2 87
4  91 25 44 84
5  29 22 94 27 91
4  37 55 33 56
5  98 36 1 75 83
5  92 41 87 22 12
1  24
6  63 15 24 6 98 91
3  19 85 61
1  49
6  64 82 52 43 80 88
3  54 70 26
3  11 12 68
2  23 91
2  85 5
3  91 2 36
2  20 21
6  29 70 81 92 51 33
3  30 21 77
5  90 3 29 100 15
6  22 37 86 43 90 87
1  92
2  36 11
3  21 40 12
1  32
4  34 66 91 54
3  74 44 45
1  43
4  98 65 96 83
1  17
5  94 28 64 17 63
5  59 83 15 71 84
3  32 18 11
2  72 53
6  15 98 99 58 56 97
2  51 79
2  67 52
2  95 16
3  57 90 98
3  5 68 24
3  100 42 60
2  13 19
2  10 18
6  65 14 7 16 93 36
5  44 58 77 59 97
2  49 94
5  53 62 97 3 39
4  84 52 75 3
5  84 20 64 49 34
5  64 26 5 46 70
4  23 29 60 56
5  54 29 31 15 26
2  76 64
6  60 15 69 62 94 53
5  57 2 16 27 65
3  32 11 95
2  39 54
6  17 7 47 22 42 80
6  6 74 57 20 43 19
1  96
1  70
6  16 97 62 57 28 73
5  22 6 76 94 82
1  69
1  52
3  1 57 22
4  77 65 76 90
4  76 60 56 91
4  17 47 84 89
1  6
6  20 81 88 42 63 98
1  66
3  58 66 6
5  22 82 43 98 71
1  73
2  58 64
6  74 11 70 63 24 75
4  43 56 44 84
2  41 94
5  90 51 49 95 29
5  76 72 68 47 74
3  77 31 4
4  5 14 32 67
3  7 23 80
4  66 64 81 7
4  64 97 7 13
6  36 83 67 8 51 14
5  91 12 94 53 16
1  85
5  44 92 4 24 54
5  87 34 77 43 98
5  50 10 64 86 93
2  93 44
3  74 34 35
6  28 87 100 35 71 81
5  63 85 1 16 55
6  50 31 48 4 80 58
5  65 50 98 58 93
3  31 27 76
1  54
4  15 88 34 96
4  96 81 67 12
3  54 61 66
6  8 70 64 65 37 28
1  35
6  8 77 16 34 52 31
6  15 46 75 48 42 40
3  22 6 55
4  60 16 22 43
2  92 6
6  28 34 2 62 19 9
3  35 42 91
4  29 5 11 3
4  53 43 96 74
3  51 30 7
4  52 50 89 43
4  76 71 89 78
2  7 86
5  42 28 61 7 57
4  18 59 70 1
1  44
3  64 73 56
2  25 5
2  68 59
6  38 48 70 71 55 56
3  96 83 2
1  40
4  20 98 84 89
6  97 32 48 61 5 3
6  30 7 97 66 100 35
1  69
1  67
2  46 63
1  47
4  46 14 84 44
6  72 43 94 4 90 54
1  93
3  38 99 50
3  65 49 70
5  18 75 44 41 21
1  48
5  70 93 81 53 37
5  25 79 70 28 69
2  36 61
5  74 59 17 8 24
4  77 100 83 52
3  24 72 50
5  39 19 64 72 100
6  96 79 65 24 47 89
4  7 56 33 66
5  41 89 37 18 20
5  33 43 40 82 14
5  1 77 96 73 91
5  55 91 2 44 51
1  99
5  74 70 23 63 7
3  52 26 8
6  69 48 66 82 25 58
2  38 35
1  6
6  65 97 91 8 47 99
1  30
5  76 53 35 83 93
6  8 1 70 76 48 35
4  72 1 15 92
3  50 2 45
3  67 41 29
5  88 27 81 17 99
4  70 34 39 62
2  47 62
6  22 9 24 79 81 25
6  73 63 43 74 8 81
3  48 10 16
3  36 96 53
3  53 22 69
6  83 88 37 44 77 59
4  1 38 33 26
2  6 89
5  79 96 55 20 43
4  35 79 100 31
2  34 83
4  3 74 34 91
1  78
5  69 31 68 6 64
6  37 69 81 10 48 76
4  67 19 28 2
6  27 32 28 61 15 80
4  88 14 53 98
6  20 66 21 88 72 85
5  8 53 62 18 100
3  82 67 57
1  68
4  37 100 81 97
1  60
4  2 73 13 100
4  33 66 85 20
3  69 1 44
2  62 21
6  44 87 55 53 8 89
4  89 86 68 49
3  70 21 58
5  85 90 34 70 10
5  38 10 14 59 71
5  79 69 19 66 24
5  20 31 60 74 19
3  41 67 91
1  88
3  78 73 38
1  42
3  81 80 56
6  38 27 70 17 96 88
5  19 58 2 49 18
5  68 63 16 35 53
2  23 1
1  96
3  14 37 84
6  17 40 89 55 66 58
5  62 45 54 80 3
4  29 21 31 97
5  46 31 36 71 54
3  74 49 73
6  86 57 82 2 96 71
4  62 29 27 23
5  81 3 76 36 31
6  67 27 79 13 58 14
5  11 49 57 60 22
3  45 78 27
3  74 98 3
3  26 30 58
6  10 60 74 46 91 69
1  18
3  24 75 61
1  86
1  64
3  31 9 90
1  36
3  81 33 39
1  58
5  74 56 78 33 29
2  24 98
3  41 45 58
1  6
4  1 15 29 46
3  38 36 53
5  72 33 5 10 49
4  78 22 17 55
4  45 78 43 12
2  87 69
3  92 34 35
1  63
5  51 100 15 3 72
6  36 77 96 85 38 74
1  54
2  60 99
1  38
3  17 57 28
6  90 20 25 26 82 4
5  82 19 80 53 5
1  30
1  100
4  74 5 21 3
4  20 8 3 61
2  59 88
1  48
1  29
5  33 11 76 9 92
6  88 45 100 3 74 2
3  74 7 61
5  71 80 84 74 40
1  32
2  18 80
3  46 52 67
4  28 75 48 22
4  93 21 65 66
2  67 6
6  73 66 71 44 46 54
1  85
4  48 12 78 27
3  24 78 12
5  5 87 28 27 49
2  48 13
6  68 80 91 62 52 57
2  96 2
6  12 86 47 60 98 25
6  43 48 64 55 28 69
3  55 96 90
5  43 3 59 11 82
3  72 33 6
1  28
1  90
3  93 36 99
6  60 85 33 8 49 88
3  18 29 90
1  18
4  56 20 23 66
1  73
3  35 78 42
4  84 31 2 76
4  1 66 26 86
6  34 35 85 69 53 14
4  66 31 22 51
3  87 52 17
2  87 95
4  49 78 97 50
4  64 51 19 90
3  17 23 71
1  91
2  15 49
6  46 71 9 97 16 96
3  33 21 35
2  87 83
1  84
2  58 47
5  76 36 18 93 58
6  94 49 11 9 97 98
4  68 7 51 83
1  99
1  22
2  42 9
1  46
6  48 3 38 30 79 73
3  72 31 36
4  79 46 74 76
3  28 44 51
5  27 52 77 42 74
1  83
5  26 29 74 73 32
1  3
1  84
3  81 15 86
3  94 31 20
5  75 48 13 25 26
3  77 3 81
4  12 64 33 38
6  6 10 23 17 12 33
1  61
1  15
3  60 9 77
5  78 52 27 91 76
4  30 52 54 11
1  66
5  35 4 66 41 13
6  57 24 22 58 85 35
5  31 95 81 8 74
4  59 100 48 35
4  78 87 6 88
6  72 61 23 75 27 63
6  15 20 11 37 77 96
5  49 27 66 29 34
3  87 93 38
3  27 89 12
1  94
6  2 65 60 25 39 87
6  26 2 7 36 38 84
2  9 33
4  74 61 92 12
3  84 50 81
1  38
6  24 32 92 26 97 52
3  36 38 37
4  39 44 97 77
2  28 85
4  86 59 20 77
5  67 61 20 48 72
4  40 96 89 32
2  86 83
5  21 7 82 60 50
5  36 77 7 21 92
5  56 69 50 22 29
5  69 100 27 9 95
1  40
1  1
2  85 22
3  91 4 2
3  82 38 18
6  59 53 80 38 8 48
6  30 77 56 98 76 83
1  71
6  46 86 98 69 71 20
1  61
2  13 2
1  50
2  94 8
5  74 46 79 22 33
1  98
6  6 74 70 12 44 68
4  30 66 27 100
6  37 61 8 50 62 13
6  81 6 8 52 80 53
2  1 85
3  98 73 44
5  43 56 16 10 14
3  76 40 44
4  77 5 68 26
4  81 25 47 87
2  99 66
6  29 66 70 67 64 42
1  35
6  67 50 95 81 70 21
3  30 98 43
6  23 9 78 48 56 65
5  54 31 65 83 97
3  50 60 76
4  95 61 27 44
4  8 38 25 28
5  55 25 19 52 48
2  30 96
5  95 76 36 25 41
2  21 74
5  80 50 27 75 11
4  18 66 61 56
6  89 32 44 14 50 96
4  77 25 57 60
2  33 95
3  73 13 64
3  80 44 96
1  18
1  61
3  72 22 91
4  10 23 5 24
5  100 85 50 25 41
1  44
5  4 87 46 17 50
6  97 94 88 3 11 63
3  65 84 37
2  94 60
2  17 33
2  2 82
4  43 91 98 16
6  85 61 11 35 52 7
2  39 10
3  33 72 85
6  56 22 50 82 52 67
1  82
5  95 36 10 85 34
2  79 19
6  90 53 36 96 81 75
1  20
1  77
1  4
2  26 25
5  7 77 48 20 58
1  15
6  24 99 28 48 78 46
2  67 99
5  63 80 43 68 99
3  45 3 53
5  28 78 58 35 54
1  54
1  20
5  6 44 67 33 91
3  79 24 12
5  92 75 56 34 42
4  84 86 57 36
4  85 13 20 19
4  25 73 78 44
3  83 87 8
1  78
4  94 1 63 71
6  37 27 26 79 81 9
4  38 45 26 23
4  46 41 24 70
1  2
1  54
6  100 61 78 13 94 76
4  70 13 90 96
6  70 5 55 8 49 81
2  6 26
5  30 96 84 31 9
3  16 9 98
1  86
1  9
4  86 72 34 98
4  29 88 31 33
3  38 82 24
5  87 50 38 17 45
2  47 54
4  63 62 57 78
3  67 86 12
4  57 46 49 18
5  37 49 7 80 86
6  3 53 75 91 92 97
1  39
4  69 1 13 25
5  60 92 63 72 43
2  17 92
3  91 29 86
6  8 72 86 11 24 61
4  14 52 60 25
6  10 94 90 22 19 68
5  10 31 53 50 70
3  88 60 72
5  57 80 44 42 90
5  2 53 82 54 12
1  43
2  100 33
3  18 100 24
2  30 77
5  80 46 24 67 6
6  39 62 76 83 4 66
3  6 18 31
4  29 37 2 49
3  34 91 54
3  15 81 64
6  61 43 37 85 10 42
5  49 3 56 31 7
2  80 13
3  11 71 67
3  73 16 83
1  7
3  40 21 17
1  12
5  46 48 63 55 89
3  4 92 99
3  98 20 14
1  58
2  81 25
5  54 40 53 60 46
6  99 67 5 2 78 82
3  25 44 2
1  87
1  4
6  39 2 6 52 12 63
5  93 88 47 46 28
6  5 74 88 4 40 92
1  18
5  51 42 17 52 55
1  57
4  89 95 60 94
3  72 57 23
4  44 69 10 72
5  14 45 55 17 84
3  22 1 20
5  43 36 24 97 40
5  55 28 75 15 22
2  87 78
3  50 22 12
4  93 80 73 38
3  90 21 80
1  22
6  83 65 35 7 61 75
6  16 2 61 31 24 82
1  1
2  67 23
3  26 16 99
4  50 88 74 30
6  96 29 81 60 64 88
2  38 74
3  39 35 66
4  17 83 63 41
3  86 77 74
1  93
5  54 42 60 28 71
4  24 99 39 83
4  26 3 99 39
3  34 5 100
3  87 63 91
3  49 67 8
3  60 80 4
1  39
2  72 96
4  70 35 37 32
4  40 31 59 78
5  92 83 69 41 31
2  4 80
6  12 29 58 91 32 62
2  25 16
6  59 53 31 19 92 62
5  70 30 69 52 98
1  20
2  40 24
1  38
3  37 95 26
5  53 54 30 82 79
3  81 37 97
1  56
6  73 32 58 2 100 9
6  9 29 49 52 37 87
6  73 81 12 41 34 66
5  15 44 96 81 12
1  36
6  79 68 57 81 66 76
6  10 25 46 11 33 19
6  44 59 25 9 29 40
4  43 35 33 55
3  69 55 20
3  12 100 4
5  81 80 71 90 4
1  36
1  49
4  6 93 14 31
1  42
5  54 85 5 87 39
3  55 93 65
6  4 65 95 81 46 74
4  35 77 68 71
6  17 25 96 9 38 27
1  79
6  64 1 50 2 46 5
6  11 96 98 76 90 79
2  63 29
4  39 97 26 30
1  51
2  21 88
4  31 67 48 94
2  48 43
2  94 48
2  5 43
2  80 32
1  1
6  31 56 34 27 82 63
3  33 89 61
2  40 91
6  88 84 17 35 27 48
2  75 74
2  17 98
1  49
6  13 44 30 68 77 56
3  40 95 82
2  56 2
5  46 89 55 30 5
6  57 53 17 31 27 50
3  24 62 96
2  74 39
4  42 16 7 91
4  2 73 83 57
5  50 3 63 4 32
5  92 88 20 9 19
3  59 66 69
2  62 91
6  1 42 34 16 49 24
5  50 97 53 7 71
1  9
2  5 41
6  97 28 19 6 47 65
4  12 34 83 74
2  76 74
4  9 90 15 33
4  64 29 13 71
6  15 79 32 19 31 16
3  50 22 94
1  85
1  48
5  79 72 43 52 38
4  42 52 84 2
1  13
1  87
1  29
4  43 48 84 73
4  31 22 85 24
3  70 29 84
3  8 55 80
4  93 31 1 45
1  3
4  27 17 47 38
3  12 80 92
6  53 55 26 75 40 50
1  9
5  93 46 87 48 25
3  41 56 46
6  71 49 45 97 65 91
3  10 2 14
1  97
4  57 23 40 96
5  50 4 52 43 49
3  91 74 83
2  30 29
1  100
5  59 96 42 50 30
4  52 44 49 9
1  72
3  3 44 99
1  95
3  56 33 32
2  15 62
4  44 77 58 21
3  54 62 85
5  12 36 26 64 85
3  72 56 84
5  99 82 81 94 23
3  26 55 65
3  16 23 84
6  80 4 28 33 66 12
1  77
3  42 41 32
5  12 87 60 86 41
4  80 64 2 5
2  66 46
3  88 30 26
5  34 53 100 99 65
1  76
1  56
1  44
2  27 31
6  13 17 32 79 96 80
1  13
3  46 47 33
5  73 1 9 26 100
1  90
1  82
1  71
6  46 3 24 77 93 37
6  25 15 88 20 95 89
2  40 35
5  73 10 52 18 77
5  24 67 87 5 68
4  2 14 60 26
6  53 62 83 77 76 71
6  71 59 29 10 93 9
5  2 60 55 20 37
2  43 3
1  48
5  71 50 84 31 75
5  83 36 57 60 12
2  57 82
6  86 92 78 94 74 80
4  28 99 90 55
3  92 68 89
4  39 38 46 70
1  20
4  49 76 12 61
1  69
3  87 54 34
4  47 7 43 100
3  41 89 82
5  57 71 42 96 9
6  65 22 7 17 70 82
2  30 84
6  72 70 51 5 33 98
1  76
6  46 17 86 35 99 66
6  70 8 86 78 95 50
6  2 67 69 84 95 98
4  92 70 36 42
5  69 39 85 45 36
2  62 21
4  60 87 56 29
6  41 7 90 91 6 58
5  74 52 72 41 43
3  77 85 15
3  23 100 90
4  30 51 79 95
1  66
3  39 60 91
3  49 82 51
3  39 24 13
6  96 53 34 36 29 18
3  74 40 50
4  98 79 14 77
5  24 42 23 63 1
1  8
3  94 58 89
2  82 2
2  77 54
4  13 83 73 63
4  13 12 21 11
6  35 87 64 58 29 86
2  30 99
2  79 93
6  68 25 69 47 45 23
1  57
1  76
2  62 89
2  83 100
2  17 87
5  74 15 69 95 44
5  23 59 8 90 84
5  58 31 20 81 33
5  86 9 95 48 97
2  30 96
3  46 82 28
2  97 14
3  64 36 63
2  44 53
1  19
1  36
3  91 69 14
5  77 8 23 73 33
4  69 78 98 50
1  18
3  2 31 86
4  67 49 87 10
1  93
2  11 28
4  2 97 79 77
5  87 100 46 19 53
1  96
4  64 1 68 10
1  98
6  67 65 44 54 75 45
3  3 56 74
5  57 70 47 34 43
2  34 88
4  86 2 47 36
4  48 4 76 50
1  71
1  66
1  70
3  60 16 42
1  90
1  72
4  56 5 2 88
3  90 39 25
6  85 61 57 33 64 32
5  65 3 98 30 17
5  70 77 83 11 91
5  20 63 32 75 68
2  63 6
2  1 31
1  86
6  69 18 54 1 99 3
6  48 20 64 17 96 47
2  87 19
3  49 50 22
1  83
6  22 5 84 52 17 70
3  86 87 96
6  85 14 88 82 61 8
3  78 3 92
1  90
1  52
3  61 74 54
3  57 76 47
3  28 64 10
5  49 96 65 35 81
5  23 62 40 30 7
1  33
6  22 8 73 60 69 46
1  11
1  89
4  44 17 21 54
6  70 50 51 4 30 29
2  92 68
4  98 85 88 96
1  10
1  78
5  72 24 83 26 40
5  88 61 23 74 30
5  24 34 2 53 59
6  20 14 91 5 2 87
1  11
6  88 80 63 11 45 37
3  85 7 22
3  29 95 74
6  18 8 2 70 66 94
6  80 85 94 82 72 3
6  62 91 72 24 2 34
5  38 67 53 44 88
6  73 82 71 100 78 74
5  44 67 58 23 52
4  4 23 55 96
6  45 67 8 46 100 76
6  67 28 55 25 1 37
6  73 36 46 5 16 13
4  39 64 14 42
6  68 38 71 13 5 79
4  5 54 43 71
5  70 26 6 62 100
3  97 72 88
1  88
6  64 26 77 68 50 45
1  21
4  9 99 16 13
4  58 84 34 28
1  40
6  70 39 67 11 27 68
6  26 31 24 89 7 91
3  52 96 60
1  4
4  24 17 11 81
1  45
1  9
6  5 79 23 44 45 34
5  12 32 95 42 56
6  49 46 23 100 42 82
1  46
3  31 62 51
1  62
6  19 71 79 24 49 2
4  93 36 4 68
2  46 23
1  94
5  37 93 10 18 1
4  58 31 17 8
3  79 3 62
3  82 85 98
6  51 90 19 87 94 18
3  9 31 33
5  68 26 88 85 27
3  42 58 60
3  100 38 52
4  87 34 45 84
2  96 74
3  83 68 23
6  7 31 40 9 98 66
6  82 92 39 24 50 98
5  49 35 25 10 22
4  54 6 75 50
5  11 32 47 33 31
4  64 62 94 73
4  60 69 41 52
1  64
1  4
3  50 39 62
4  60 20 13 66
6  62 45 6 94 92 38
2  46 2
6  39 74 44 99 42 84
3  49 48 50
4  84 100 91 45
4  51 65 70 16
4  31 60 64 24
4  2 48 97 4
2  36 78
5  34 20 60 83 68
1  33
2  91 32
1  36
6  60 100 58 75 59 89
3  23 13 87
2  61 83
2  94 18
1  70
4  24 30 33 92
3  66 11 27
6  20 63 86 80 43 55
2  32 90
3  45 76 68
1  58
6  99 76 1 68 26 24
6  59 16 34 25 26 61
2  46 23
1  26
6  49 80 6 81 69 50
2  45 17
2  2 13
2  78 13
6  4 36 93 62 52 26
6  77 86 7 23 9 13
3  94 62 27
6  42 96 48 67 40 65
6  42 77 23 19 89 18
2  25 11
5  76 36 70 53 22
5  75 30 89 22 24
3  49 22 92
3  70 59 84
3  54 25 12
5  43 1 95 65 25
1  48
1  41
1  54
4  93 29 92 82
4  15 31 99 37
2  43 6
5  26 41 35 50 52
1  93
4  6 57 77 10
1  78
3  21 31 12
1  59
1  94
1  18
2  8 54
3  50 60 28
5  100 63 26 51 74
2  3 79
5  79 89 78 56 38
6  86 50 11 45 52 5
4  69 29 61 23
5  10 82 4 86 81
4  11 32 40 28
3  19 2 13
1  79
5  45 77 54 94 87
6  46 91 51 15 20 11
3  96 21 18
6  6 99 66 16 31 44
4  24 45 77 30
2  45 75
6  99 68 86 97 13 77
3  28 96 59
4  92 79 82 91
6  80 57 1 11 62 44
5  86 89 52 16 12
6  90 11 96 58 92 70
5  39 97 69 61 60
5  42 50 61 22 7
4  32 69 5 7
4  93 59 69 4
4  58 15 51 11
3  85 83 80
5  51 77 42 10 53
5  60 13 5 67 73
3  35 78 43
6  71 1 57 75 56 14
6  7 29 99 48 14 82
2  96 32
1  38
3  57 21 2
5  25 68 42 61 2
2  4 90
6  5 46 63 61 60 52
4  89 50 14 2
2  42 98
4  46 35 4 2
4  5 70 80 73
1  41
5  30 45 64 19 49
1  82
1  69
2  76 58
5  89 60 14 31 57
5  76 91 80 77 46
6  47 26 57 58 66 32
6  10 95 6 59 5 88
5  73 20 43 31 3
2  90 16
4  46 92 38 37
5  15 82 56 62 7
1  19
5  44 7 83 38 13
3  42 100 9
1  20
4  45 22 83 35
3  45 81 29
5  17 100 97 99 55
4  6 67 77 78
1  83
4  48 95 2 90
6  11 4 14 62 49 35
3  84 73 89
4  1 71 80 67
5  55 24 84 22 1
4  32 83 22 79
5  23 68 72 33 85
6  21 20 38 4 92 27
4  93 97 47 63
2  48 87
1  70
6  69 1 70 90 80 48
1  47
2  45 18
1  39
3  23 77 42
1  3
1  8
6  55 100 62 79 48 49
6  18 36 55 6 44 98
4  56 44 72 100
4  75 39 100 98
1  42
1  17
3  19 15 4
2  77 82
5  25 68 85 61 22
1  66
4  100 19 21 44
6  21 5 66 59 63 73
3  75 90 95
6  5 99 13 81 80 48
4  66 70 67 32
3  66 50 56
1  41
5  14 6 34 18 69
1  64
3  96 58 37
6  57 50 81 37 29 86
6  93 51 54 59 82 88
2  32 44
2  72 19
3  78 53 63
3  60 26 89
4  84 26 56 41
5  36 77 4 21 61
6  72 14 55 53 2 79
6  45 11 57 63 34 16
2  80 75
3  68 30 93
6  70 68 21 46 72 41
1  68
1  19
2  65 21
1  49
4  12 6 28 68
3  43 88 18
2  33 86
3  62 79 31
2  46 51
5  17 92 82 85 4
1  7
5  21 7 18 85 19
2  12 87
4  55 74 79 72
1  64
2  67 42
3  97 88 100
5  5 91 54 89 95
4  95 63 75 2
5  59 20 2 71 7
4  26 80 41 97
6  5 14 52 47 62 49
3  61 22 38
4  76 27 46 29
2  9 4
2  88 62
3  90 33 49
4  58 29 94 55
1  98
5  65 44 30 13 78
6  34 16 42 9 88 38
4  96 41 86 84
1  29
5  36 77 26 94 6
2  48 19
1  16
5  61 45 96 38 35
2  53 77
3  95 65 76
4  61 17 43 45
2  71 18
4  47 44 49 53
4  96 71 79 11
4  39 56 48 77
6  77 30 68 15 24 32
6  80 93 7 22 37 27
6  54 82 40 97 30 92
4  26 62 38 37
1  77
6  62 53 83 39 50 54
1  82
3  86 74 51
1  10
5  100 64 59 39 61
6  30 20 15 91 57 51
1  34
3  66 87 27
1  69
5  58 74 1 59 32
4  66 42 28 65
1  87
1  66
5  32 85 89 23 42
3  27 75 83
6  61 9 97 29 85 55
1  43
4  60 74 7 25
1  35
6  21 92 86 95 24 70
5  46 11 23 73 86
1  66
3  15 63 74
6  17 75 42 72 35 16
5  60 31 13 49 51
2  41 36
2  65 6
1  11
2  33 83
1  39
3  47 53 11
2  52 27
6  93 99 30 9 77 90
3  90 39 22
5  26 49 44 32 60
4  48 93 36 50
2  84 97
5  95 17 35 22 12
2  21 42
3  97 31 75
6  70 64 8 48 89 57
6  20 16 45 68 8 80
1  39
4  13 21 59 30
4  80 41 83 100
5  19 97 14 93 83
5  56 91 31 44 47
2  64 63
4  31 70 45 48
1  9
4  29 68 90 85
3  31 67 47
1  85
3  26 78 8
2  16 38
5  62 59 40 24 71
6  69 18 2 78 30 45
5  15 92 97 81 38
1  66
5  35 43 6 76 21
5  52 83 39 92 7
4  63 100 32 81
1  9
4  31 54 25 45
3  22 26 82
2  92 62
4  35 67 9 10
6  89 62 70 28 54 76
6  16 76 22 97 77 30
4  8 83 79 53
2  1 79
1  32
5  72 98 5 39 7
1  26
6  76 96 23 29 71 13
3  47 34 41
2  64 95
2  47 74
5  74 75 62 83 6
2  54 4
3  92 10 49
2  5 25
1  28
4  84 41 98 30
5  39 53 38 33 84
6  7 67 57 81 28 40
6  60 94 90 95 85 99
3  2 4 68
1  31
2  98 71
2  27 45
4  80 82 89 63
4  96 30 23 76
4  62 17 56 51
1  40
3  55 42 53
2  56 84
3  54 55 61
5  100 17 60 81 6
2  47 1
4  69 76 10 31
3  26 86 88
3  26 37 91
5  90 13 24 73 55
5  28 15 57 27 31
1  8
3  39 54 37
6  23 12 100 53 49 25
3  36 62 64
5  52 31 62 64 55
3  18 31 63
2  87 89
4  4 96 99 42
3  36 32 72
3  32 25 96
4  63 32 18 26
1  69
4  67 32 11 2
3  42 64 82
2  52 45
2  48 44
5  98 79 5 69 26
3  94 22 93
4  53 10 82 57
5  39 24 11 49 25
4  91 88 41 19
3  86 50 88
2  23 85
1  28
4  33 64 47 54
4  2 7 67 84
4  45 22 87 55
5  11 14 61 99 55
5  38 41 28 25 69
4  10 76 78 63
1  42
1  62
6  12 69 64 95 32 9
1  19
4  86 30 77 46
2  32 25
4  72 53 90 40
1  99
1  81
4  24 22 71 86
2  82 54
6  76 86 92 5 55 78
3  31 23 61
4  47 26 34 100
1  73
1  14
6  82 75 12 4 46 97
2  27 51
1  3
3  100 95 42
4  72 75 85 95
3  47 42 61
5  41 76 53 42 90
3  24 64 52
2  9 49
4  36 100 59 39
3  58 33 78
1  4
4  96 98 88 42
3  49 22 80
2  74 22
1  14
3  77 66 73
6  15 24 22 14 82 60
4  40 93 28 51
6  80 46 94 68 88 33
1  9
1  39
5  34 52 96 78 29
4  50 14 76 73
3  90 55 95
3  94 87 68
3  83 48 90
5  15 78 9 30 87
2  69 55
2  65 32
3  26 82 62
1  55
6  91 9 31 3 77 99
3  60 46 37
3  61 14 44
6  1 65 59 69 19 79
3  51 27 60
2  89 61
6  85 52 96 76 82 98
4  81 45 12 26
5  47 87 94 90 77
6  55 35 64 73 14 97
2  40 56
4  28 17 43 13
5  38 88 50 36 40
2  81 51
4  61 97 42 55
6  19 49 41 53 12 14
4  9 37 6 65
6  34 81 35 47 48 73
3  98 9 74
2  89 25
5  49 21 25 4 8
3  52 48 96
4  62 72 99 68
3  91 2 17
2  49 65
6  83 62 7 56 89 96
5  72 45 1 96 48
1  39
6  56 35 64 17 97 36
1  65
5  6 67 88 32 15
4  30 97 13 36
4  2 32 73 76
2  69 23
3  8 23 96
3  86 12 39
2  27 3
6  33 69 79 64 83 30
6  80 43 30 32 44 61
4  16 36 96 85
4  36 92 81 31
2  67 43
5  87 70 74 79 2
3  57 66 25
6  59 5 29 88 36 73
3  99 89 84
6  73 42 29 64 23 60
6  89 2 67 76 71 41
4  73 83 11 39
1  98
6  11 27 85 47 99 32
3  87 15 39
4  57 68 23 79
2  19 67
2  86 43
6  27 96 72 9 7 10
1  4
1  26
2  91 72
2  23 16
1  38
4  75 94 22 98
5  48 17 39 76 2
5  75 28 77 47 36
5  57 51 87 64 77
2  54 48
3  77 64 61
1  18
3  8 40 33
5  87 49 19 63 51
6  38 78 77 84 14 60
3  65 47 4
3  64 58 89
1  34
4  69 48 70 4
4  9 36 35 96
6  53 58 35 95 13 29
5  26 88 19 91 35
2  31 98
5  19 6 14 71 75
4  40 78 17 49
1  51
3  99 4 2
2  57 96
3  85 75 71
5  93 61 7 16 92
1  95
1  9
1  81
5  69 21 61 86 75
3  13 73 40
1  5
6  10 49 81 84 20 53
5  80 59 92 71 62
6  81 71 94 61 54 63
5  14 48 50 89 84
4  61 24 76 66
2  85 15
6  68 34 52 44 13 10
3  84 72 21
4  43 15 24 96
5  5 10 25 55 98
1  16
4  32 91 24 51
5  39 50 43 72 1
6  85 11 22 68 83 43
2  25 57
4  20 35 60 29
4  15 26 68 30
6  100 21 8 50 96 46
6  39 18 100 25 2 10
3  70 92 89
1  16
3  57 36 80
1  64
3  30 90 7
4  74 6 81 82
4  77 28 54 15
3  53 40 47
4  87 16 54 75
1  70
2  73 5
6  89 69 39 19 58 45
5  32 51 59 13 5
3  41 59 50
6  11 90 31 73 76 47
2  51 63
6  71 36 100 25 69 9
3  26 54 21
4  4 80 70 9
1  10
5  65 95 78 54 26
4  30 72 77 80
3  73 50 71
5  21 95 41 29 37
4  83 58 24 86
3  94 52 3
4  16 98 39 69
2  89 99
6  66 78 29 38 28 99
1  48
6  51 77 30 17 59 88
3  45 24 33
3  76 36 99
6  34 38 60 56 26 58
3  91 36 79
2  64 78
3  12 71 90
6  1 6 47 88 46 91
1  79
2  87 14
2  77 47
4  37 3 91 94
4  81 30 31 10
6  9 49 4 79 38 91
5  44 38 66 89 28
5  67 57 64 81 84
3  28 49 77
2  39 71
5  19 100 13 29 92
2  77 95
6  14 86 78 57 24 44
3  51 21 13
1  85
6  91 25 21 39 2 51
5  72 33 96 71 45
2  62 66
6  57 65 14 43 71 66
6  16 17 8 28 24 92
2  14 17
3  52 18 91
2  89 23
2  60 68
3  22 34 47
5  99 61 21 42 31
6  28 47 3 36 75 26
2  95 40
3  36 91 62
2  19 51
3  42 10 18
6  31 51 35 9 50 95
2  91 26
1  19
5  19 54 46 44 81
3  84 24 77
5  86 3 93 36 53
3  46 70 23
5  21 57 85 71 52
1  61
5  30 79 49 48 33
6  92 13 35 75 37 11
3  22 14 41
4  67 75 3 36
6  80 57 54 65 27 5
5  88 82 8 67 30
4  99 24 47 11
4  21 48 69 83
1  27
3  84 30 85
5  9 41 35 73 68
3  51 56 21
4  23 51 14 21
5  60 32 81 79 100
3  48 83 59
5  31 43 3 15 24
1  56
4  84 24 97 34
5  18 93 1 68 6
2  41 65
4  72 46 33 95
5  54 53 85 96 56
6  19 66 55 77 50 78
5  83 57 91 76 58
4  81 80 98 46
2  70 91
4  42 85 44 96
3  97 80 34
4  78 53 18 33
2  67 10
1  50
4  92 25 24 49
1  3
3  51 36 17
3  100 58 26
3  54 63 41
2  96 93
1  48
1  43
5  77 52 78 27 19
5  52 42 18 57 45
4  8 80 81 48
5  39 73 24 92 36
4  25 32 57 35
5  67 77 56 44 29
2  70 47
1  22
6  20 79 33 85 86 13
4  34 92 5 7
1  97
3  79 21 74
3  55 53 1
2  9 44
4  42 14 6 45
3  94 65 14
2  49 99
3  14 33 30
2  39 45
1  81
2  35 54
4  90 7 58 21
1  1
5  57 15 85 1 50
5  65 63 4 14 62
3  28 94 72
3  33 16 61
1  38
6  67 95 85 73 52 6
6  53 85 45 68 70 17
3  10 80 52
2  42 94
4  36 65 97 68
5  57 81 18 53 47
1  37
2  65 43
1  17
2  51 85
6  95 1 45 5 81 97
2  22 91
5  57 56 76 25 36
2  5 53
6  51 66 22 70 30 64
5  47 91 26 31 88
2  32 33
2  12 30
4  34 20 33 91
5  8 15 11 40 20
4  25 71 29 46
3  58 10 16
1  1
3  35 88 62
4  21 87 78 50
3  11 70 73
1  45
5  16 56 21 36 19
3  6 48 91
3  5 100 62
1  100
1  44
6  64 9 8 51 87 58
6  97 27 63 98 72 44
1  27
4  50 45 9 55
6  99 1 98 62 7 64
3  85 28 59
6  78 45 50 68 42 77
2  40 48
5  54 74 38 3 19
3  58 11 45
4  8 43 20 14
3  84 64 25
1  22
2  88 66
4  56 8 43 87
3  91 61 100
4  98 2 83 44
4  94 88 17 2
2  36 15
5  20 79 94 30 100
1  18
4  78 74 73 20
4  20 10 19 74
2  21 57
4  79 50 49 96
4  79 32 67 48
4  45 42 80 44
4  98 10 30 71
5  50 30 1 60 20
2  68 40
6  29 19 40 78 14 91
4  45 57 4 96
1  46
5  45 98 73 54 27
3  35 76 72
3  36 22 55
5  89 95 58 18 13
6  96 26 87 52 71 44
4  66 44 1 41
6  99 13 41 26 55 76
1  27
1  37
3  66 5 37
4  62 55 73 59
3  99 46 2
5  89 57 35 32 58
5  20 56 88 61 81
3  36 82 70
3  18 14 22
4  74 84 9 46
3  59 44 87
4  13 75 16 47
1  74
2  27 29
1  87
1  52
2  91 21
5  9 38 83 31 93
4  14 1 2 56
4  46 42 19 58
2  35 5
2  8 27
3  37 36 46
6  60 36 8 29 45 46
1  75
3  68 88 39
5  43 98 15 85 17
5  2 51 77 25 59
1  75
6  38 12 40 25 71 76
2  100 20
5  12 94 17 79 82
4  49 25 53 63
1  69
3  11 20 36
5  13 11 73 51 22
1  76
6  88 9 92 7 87 3
1  3
5  82 58 30 7 10
6  16 79 26 98 36 62
5  49 72 48 99 94
4  74 86 46 82
5  53 69 79 71 61
3  29 90 41
3  81 56 16
1  82
1  43
3  89 91 15
3  89 8 94
4  93 40 45 70
6  13 48 45 84 9 79
1  98
2  50 79
5  66 86 56 79 28
6  67 18 14 2 7 22
6  69 15 36 13 84 27
2  32 72
1  40
3  20 37 69
5  16 43 35 1 99
1  28
6  79 45 11 81 52 32
5  20 46 12 33 29
3  58 61 10
4  100 59 86 37
2  56 52
5  90 52 68 2 80
4  81 25 76 62
5  7 38 95 53 49
2  82 87
6  42 96 51 41 55 37
5  82 92 29 51 81
2  84 60
5  64 84 58 26 59
4  63 54 17 12
5  99 98 66 40 94
1  81
3  53 58 30
3  87 80 26
4  99 9 27 81
5  11 39 99 69 4
4  23 21 72 4
2  70 59
4  86 39 12 97
3  83 21 9
3  19 18 76
6  91 86 39 89 55 43
3  78 63 22
5  82 91 50 40 55
3  79 66 74
5  7 57 58 27 65
1  46
5  83 46 72 69 85
4  23 27 10 1
6  31 81 71 22 11 76
4  89 41 40 64
3  96 22 74
4  29 20 42 12
4  14 80 50 74
1  77
5  3 66 14 84 37
3  15 47 10
5  36 50 20 100 97
1  22
5  76 50 90 17 62
4  31 41 5 44
5  88 46 1 30 83
3  44 29 24
4  94 44 64 91
4  85 61 35 51
4  96 5 82 37
1  86
5  90 73 26 35 74
4  17 8 99 46
4  23 10 45 67
5  35 26 58 96 60
6  46 11 89 50 93 25
4  79 5 48 52
2  83 25
6  100 33 84 46 7 55
2  73 29
4  98 86 58 79
1  69
4  53 61 91 12
3  96 59 91
2  42 16
1  42
3  95 87 31
1  42
4  74 70 22 72
4  79 29 34 82
6  100 34 58 91 45 97
6  4 88 12 46 23 87
4  18 74 82 19
1  41
6  85 62 63 41 92 74
2  88 73
4  46 64 1 43
3  4 30 61
3  34 84 37
6  1 10 66 20 25 6
1  10
5  75 50 8 66 23
2  54 96
6  100 59 85 42 8 88
5  69 38 5 52 74
6  53 84 54 72 8 60
6  18 27 58 67 34 24
6  63 78 85 47 77 44
2  18 52
2  89 20
4  93 72 30 81
2  13 35
6  20 94 80 38 21 4
4  62 93 17 39
5  63 15 21 94 33
5  12 22 93 68 14
4  97 95 88 9
2  84 29
2  63 66
3  1 69 99
4  62 15 100 39
5  15 60 71 47 32
5  68 25 50 82 88
3  77 76 54
1  60
5  30 22 48 74 23
1  72
6  78 87 84 17 64 98
5  35 45 8 17 13
2  66 95
2  12 71
6  66 78 54 48 7 76
6  80 98 12 51 82 90
3  65 6 1
4  82 36 8 89
4  20 18 14 39
2  85 34
6  62 87 43 69 38 48
4  50 99 41 39
3  6 45 37
5  26 72 75 14 24
6  34 42 9 73 71 94
1  66
4  92 8 24 54
3  72 14 95
5  55 34 7 60 78
3  28 3 15
1  17
3  97 50 80
1  22
4  99 28 17 54
2  25 77
5  70 49 86 64 19
3  97 25 100
5  68 27 77 83 29
6  21 26 43 1 31 65
4  29 92 68 82
1  92
4  83 61 7 69
2  26 9
2  50 8
6  18 35 72 100 64 65
2  89 8
2  19 73
5  48 65 39 29 75
2  88 58
6  95 27 16 20 35 37
5  42 33 87 77 4
6  40 69 6 28 77 26
3  50 97 94
1  36
2  89 67
1  46
4  5 73 74 24
1  11
6  49 43 79 25 47 64
4  16 69 92 94
3  41 91 33
4  26 56 43 92
4  89 50 70 61
2  93 67
2  85 16
5  64 40 23 27 4
3  96 30 89
3  71 80 67
2  5 22
5  97 87 55 47 57
1  69
3  82 3 34
6  78 97 37 1 24 41
3  19 37 67
1  71
3  87 37 62
6  59 29 88 46 84 34
1  99
1  50
5  5 84 78 83 80
1  83
1  55
2  22 91
6  29 62 25 15 98 86
1  57
1  95
1  98
2  3 96
2  53 76
3  36 53 19
1  68
1  19
2  22 40
1  9
5  74 34 83 72 20
6  29 34 83 30 31 11
2  27 42
6  3 77 21 56 96 36
2  97 55
3  18 94 57
2  62 31
4  44 3 79 33
2  13 16
4  44 26 93 70
5  77 72 45 98 27
3  34 49 36
6  93 53 81 49 80 43
5  39 86 82 18 19
1  30
3  73 60 65
3  27 42 14
5  39 41 11 72 89
3  60 81 99
3  30 78 82
1  17
5  91 34 87 3 64
2  75 37
5  40 79 7 81 93
5  20 33 88 92 22
3  51 3 32
6  33 10 73 42 26 40
2  60 27
3  24 47 9
4  27 49 39 34
2  32 11
3  65 99 41
6  33 91 89 65 81 21
5  54 62 100 93 94
4  20 28 82 66
3  42 93 85
5  26 14 12 37 63
5  36 3 62 68 93
3  33 74 71
1  27
2  5 20
2  64 40
4  46 6 91 87
6  76 67 23 89 78 60
4  54 95 15 63
3  65 95 21
3  1 48 69
1  67
6  69 7 49 14 12 39
1  9
1  67
2  3 45
6  54 98 86 7 13 49
4  78 43 74 13
3  21 81 49
6  76 18 94 24 32 5
4  32 13 77 98
3  79 43 35
2  41 21
3  53 69 92
2  11 65
3  55 85 24
1  72
6  21 65 23 52 70 85
5  82 61 81 27 40
2  61 71
4  82 10 16 50
1  46
4  65 88 15 50
1  18
2  11 38
6  33 89 55 18 71 37
5  52 63 18 75 24
6  37 5 98 53 55 15
4  86 29 12 98
3  33 8 84
2  40 72
5  58 43 11 36 94
5  53 68 98 41 5
1  38
4  56 35 55 71
6  41 99 9 38 45 42
3  28 60 85
6  34 42 44 77 36 17
2  4 14
5  8 16 7 65 72
3  20 42 38
4  41 47 97 85
6  42 13 48 27 82 68
4  25 45 90 41
5  93 55 43 100 70
3  65 42 90
6  83 28 44 23 75 41
1  63
5  21 11 8 33 92
5  87 16 21 76 57
6  68 12 37 81 86 32
2  76 16
1  3
4  27 77 99 35
3  81 55 50
6  88 42 64 74 57 84
3  14 78 17
2  15 84
1  100
1  28
5  30 32 78 89 59
4  87 93 94 67
3  44 55 36
6  19 9 42 3 58 56
5  74 80 95 57 86
6  72 13 70 2 45 47
6  3 1 76 96 95 43
3  38 98 79
2  16 88
4  19 45 20 99
2  100 93
5  85 87 47 98 56
3  42 3 37
3  4 12 40
6  55 84 36 52 62 58
5  49 23 86 94 42
6  12 41 77 87 26 64
2  23 20
5  65 23 16 9 26
2  49 23
5  32 59 34 93 17
1  42
3  88 36 80
5  47 21 49 33 46
1  65
5  32 45 33 54 60
3  79 87 89
1  69
2  61 3
1  77
1  55
1  91
6  95 63 36 15 11 69
4  23 34 28 55
5  61 8 38 1 87
2  90 89
6  10 50 96 23 26 99
5  41 90 67 35 53
1  50
4  71 10 86 5
3  40 83 98
3  20 98 35
3  88 24 37
6  73 32 19 99 31 96
3  21 62 74
5  64 23 36 35 32
2  39 69
4  21 67 9 41
4  43 84 52 67
2  49 39
4  68 37 83 63
5  3 25 49 76 89
5  11 23 4 32 62
5  92 83 39 100 23
1  43
1  55
1  27
1  48
5  70 85 62 33 61
4  58 9 40 46
5  50 69 84 81 30
4  73 13 94 72
3  96 15 41
4  23 68 53 71
3  23 56 9
4  16 73 13 24
1  59
1  61
2  87 42
4  42 14 69 36
6  4 32 100 45 82 23
1  34
6  59 57 49 68 12 64
3  24 88 51
5  91 12 9 78 54
4  20 68 35 55
4  38 86 53 82
5  76 94 1 69 53
4  18 20 68 81
4  92 68 10 75
4  22 84 37 75
3  57 42 83
1  95
2  97 48
1  64
2  96 64
6  49 21 9 69 89 90
2  81 58
3  55 17 58
3  53 33 87
1  75
5  20 69 90 17 92
5  39 88 44 31 37
4  40 5 53 29
2  34 87
5  88 3 26 56 59
1  65
2  81 85
1  70
1  18
4  82 57 49 26
6  85 90 27 89 43 56
2  76 42
6  63 45 15 88 1 73
6  66 5 80 50 7 49
4  24 10 33 81
4  58 68 44 47
6  32 90 50 53 65 91
3  28 36 55
1  36
2  15 1
2  94 51
3  43 2 62
4  35 42 12 92
1  55
3  3 87 28
4  39 93 43 79
2  79 33
3  14 60 50
1  92
3  66 30 87
5  91 39 2 33 50
6  42 4 33 45 90 61
6  29 53 39 7 73 17
3  9 31 100
4  46 91 3 11
2  89 79
1  27
5  44 77 74 85 81
1  29
5  66 25 99 19 63
1  92
5  46 100 10 45 59
4  36 61 66 55
3  44 66 76
2  9 53
6  94 33 3 23 69 48
1  88
1  7
5  90 53 79 99 97
3  54 32 98
2  87 47
4  53 22 87 61
5  84 55 7 87 78
1  56
2  12 44
3  19 23 24
5  2 23 67 39 76
6  36 95 85 83 58 38
1  45
6  79 29 53 86 15 30
6  71 55 6 14 89 25
3  12 95 37
3  62 75 10
4  11 5 45 94
4  82 98 7 80
5  35 33 61 50 63
4  20 17 62 34
1  86
5  17 80 6 51 41
5  61 1 92 65 46
6  27 28 82 34 8 58
5  40 19 18 2 74
3  19 35 71
2  21 40
3  100 45 92
3  26 52 42
1  17
6  1 44 15 83 77 22
3  45 62 59
4  63 32 99 82
4  69 5 87 9
3  87 54 36
2  79 88
5  95 5 56 96 49
5  78 25 92 18 70
4  76 32 16 8
2  97 74
6  2 61 7 46 47 60
5  74 39 70 42 33
5  98 29 23 68 7
3  59 24 17
1  100
3  27 8 78
2  81 77
2  42 84
5  88 43 53 61 82
2  3 14
6  1 43 18 68 49 65
2  73 82
3  72 29 65
5  7 88 60 83 12
1  66
5  89 9 35 50 90
4  53 4 52 46
5  21 95 34 47 67
1  85
3  45 50 17
4  37 77 34 49
5  99 31 66 8 15
6  22 67 2 73 20 47
3  40 42 76
6  8 91 71 46 36 21
4  86 57 39 19
1  16
2  37 81
2  2 96
2  23 63
2  96 82
5  37 22 12 13 8
2  4 79
4  39 99 26 25
4  64 44 61 80
4  98 61 87 99
4  10 21 19 34
1  1
1  53
2  16 66
2  35 70
1  99
1  6
2  33 62
6  76 22 68 37 19 29
2  18 85
2  38 3
4  54 4 71 7
2  86 72
4  21 41 61 20
3  66 45 81
2  33 57
3  1 93 68
2  16 85
1  49
2  17 15
5  20 85 83 44 71
