100 5000
103000
349500
101500
179000
442000
231500
361000
314500
360000
365000
27000
461500
37000
464000
442000
45500
44500
165000
342500
451500
47000
337500
130500
136000
495500
118500
154000
335000
370500
114500
469000
474000
464500
70500
153500
406500
302000
14500
221000
162500
380000
248000
124000
417000
212500
66500
463000
257500
231500
305500
209000
279000
143000
340000
415500
139000
458500
69500
474000
329000
184500
443500
303500
149000
14000
457000
56000
316500
472000
277000
479500
352000
25500
103500
269000
238500
170500
232000
496500
402000
38000
205500
181500
181500
46000
97500
321000
5000
167000
295500
334000
352000
239000
138000
1000
253000
95000
57000
70000
67000
5  10 84 73 31 38
2  65 85
2  46 92
4  82 29 70 2
6  71 35 52 38 6 100
4  6 51 85 17
4  98 84 75 82
4  5 20 76 70
1  96
1  96
4  97 24 26 98
1  96
2  68 34
3  68 99 44
2  83 60
5  81 44 56 62 100
4  82 76 30 85
5  45 80 27 42 4
4  40 20 48 72
6  81 10 55 80 53 72
4  13 53 43 57
1  5
4  69 86 32 98
5  3 43 50 29 85
4  81 24 73 28
6  60 9 5 14 88 57
6  50 70 38 92 26 46
6  81 14 82 13 12 51
1  55
1  44
3  54 24 62
2  51 57
6  60 62 99 47 19 84
6  88 21 13 67 85 94
5  66 6 93 17 21
3  17 64 86
5  88 48 95 38 5
5  97 67 78 44 85
4  40 72 82 28
6  49 12 78 29 77 84
2  93 4
5  10 68 55 79 3
5  93 8 53 90 74
2  33 58
6  73 30 100 14 21 12
6  50 89 74 71 82 78
3  91 46 94
5  1 97 43 94 4
6  83 77 26 16 34 17
6  63 90 89 76 11 100
4  60 88 41 31
5  19 71 60 64 29
4  60 72 58 64
4  40 93 56 73
1  44
3  100 32 12
1  32
5  70 19 18 1 88
3  71 48 100
3  76 65 95
3  22 58 14
4  97 6 17 70
1  61
1  15
6  17 24 95 93 43 13
6  31 49 64 78 98 53
1  93
6  35 50 13 96 47 19
1  16
2  74 22
3  66 39 71
6  33 64 31 46 57 61
6  21 38 43 19 91 56
1  90
6  61 3 86 7 21 99
2  54 72
3  2 37 83
5  25 15 36 56 61
6  16 55 13 54 97 31
3  53 42 34
3  2 37 28
1  58
2  31 12
6  75 13 34 57 85 59
5  20 15 32 12 31
6  24 84 83 55 28 35
6  62 77 97 99 5 56
2  36 67
2  10 79
4  67 64 21 38
5  35 70 95 65 55
2  49 37
5  77 72 68 38 49
4  36 53 70 92
6  6 58 12 16 37 74
5  100 95 20 83 29
6  77 94 44 95 42 81
5  18 52 35 56 100
6  92 53 70 83 37 75
3  49 90 78
2  72 78
1  91
4  45 80 37 39
2  32 80
1  99
6  54 33 45 7 2 28
3  76 69 92
4  47 13 37 24
2  27 84
5  6 21 12 29 52
6  31 50 90 85 83 43
3  15 88 46
1  16
6  93 85 80 58 31 94
4  22 21 38 95
2  58 7
4  10 98 86 59
6  71 41 31 9 56 18
4  72 34 43 65
2  22 48
1  16
1  36
3  40 31 63
6  38 18 6 36 4 65
2  74 6
4  82 61 71 36
2  5 78
6  22 100 19 70 14 34
5  50 70 11 81 33
1  18
3  14 53 78
5  27 83 29 9 44
6  44 77 4 22 74 26
2  93 95
3  26 67 85
6  77 66 28 85 84 78
6  36 31 75 12 57 58
3  65 2 39
1  79
3  31 53 67
4  45 62 87 70
2  72 65
1  37
6  89 20 70 86 56 100
4  68 56 19 7
2  21 46
2  99 87
4  51 54 11 95
1  98
4  43 69 30 48
1  23
3  26 92 22
5  91 83 49 47 2
4  68 22 1 97
2  88 57
5  42 68 66 57 65
2  100 34
4  47 40 83 65
5  4 46 65 87 95
1  88
3  80 9 51
5  29 38 33 100 80
6  65 36 64 96 35 98
4  81 37 38 64
1  11
5  47 76 54 42 87
3  92 66 50
3  42 79 80
5  78 59 74 43 94
3  38 29 35
6  9 72 31 73 42 39
2  18 93
4  5 34 52 71
5  94 12 61 73 86
3  32 60 81
2  97 19
4  31 13 62 3
3  34 75 85
5  94 2 66 55 7
6  6 77 81 100 89 42
5  74 81 3 33 62
2  30 81
5  61 93 43 63 36
5  37 20 49 31 22
1  85
2  12 91
1  93
6  93 35 62 66 15 64
6  77 92 29 57 72 89
3  14 51 84
6  88 4 39 18 26 52
1  54
4  93 58 57 82
3  92 44 16
1  7
1  82
6  43 38 70 31 87 84
5  70 73 69 74 11
6  99 63 89 52 26 82
1  83
4  58 74 7 73
5  13 87 62 11 29
6  81 60 86 64 41 56
3  9 29 47
6  27 10 84 79 36 65
6  18 28 45 91 34 71
3  5 32 58
3  31 39 93
1  2
2  71 39
3  100 85 37
2  95 21
1  30
6  92 47 14 37 38 55
1  94
4  39 52 93 70
6  86 85 92 19 56 30
4  56 15 98 82
1  19
6  38 4 78 85 17 15
2  64 69
2  58 29
5  9 21 38 99 7
2  90 26
5  20 87 33 34 85
1  42
1  100
5  7 78 64 23 93
6  87 62 15 44 90 83
4  11 20 51 18
3  40 43 19
4  30 51 93 14
4  35 17 65 14
2  43 77
3  35 62 32
6  77 76 86 59 28 97
5  79 14 20 19 57
3  78 86 89
5  99 54 4 15 19
2  38 61
6  83 96 56 15 92 33
6  78 92 19 74 70 97
6  89 15 43 27 92 28
1  62
2  69 66
3  87 83 80
3  77 62 43
2  77 35
4  67 13 56 85
6  25 82 73 13 96 15
3  88 43 54
3  70 23 15
1  9
6  91 56 74 53 99 6
2  34 70
6  46 26 81 31 50 62
1  63
4  19 2 46 61
4  96 31 78 10
3  87 7 33
3  81 86 41
6  15 74 56 10 19 81
6  50 31 52 53 94 10
5  96 56 32 52 51
4  30 61 5 16
5  38 58 48 23 99
2  37 72
6  46 91 70 37 41 1
6  94 98 65 89 53 96
3  3 59 69
4  63 85 30 1
3  77 23 41
1  59
1  99
1  3
5  41 44 68 29 37
4  26 1 51 79
6  90 82 56 59 44 18
3  74 19 86
4  41 26 61 100
3  59 4 41
2  45 84
6  73 20 56 99 21 6
5  18 96 59 73 55
1  91
6  76 9 83 27 49 87
3  46 52 86
5  96 69 67 89 23
5  10 29 45 27 25
1  99
5  5 89 78 81 97
4  7 46 69 94
6  14 40 45 99 12 41
5  79 9 57 2 76
4  31 20 92 56
2  91 35
2  80 12
1  77
5  15 22 40 9 53
3  60 52 59
6  20 38 8 76 40 84
3  70 3 33
2  25 23
4  52 3 71 59
5  42 74 100 81 82
1  34
2  75 86
6  74 5 26 82 81 65
4  22 34 68 54
4  93 77 17 44
5  87 3 58 29 77
4  9 58 72 43
6  46 28 74 20 33 100
1  13
4  66 35 98 33
6  56 26 66 73 69 45
4  72 2 88 48
4  97 5 31 39
6  77 67 65 96 100 64
6  13 28 63 47 25 96
3  81 21 100
4  90 45 12 61
3  99 8 4
6  13 35 34 4 11 100
5  7 100 33 4 12
4  66 58 85 62
6  65 82 93 17 72 37
2  32 82
2  40 86
2  53 20
4  57 31 55 25
3  54 58 40
4  18 6 23 3
5  16 67 50 8 84
2  44 12
4  26 39 93 12
4  45 32 14 2
4  69 27 99 22
6  39 87 1 45 10 3
1  25
5  61 33 54 81 76
4  34 2 5 26
1  64
5  45 78 72 7 46
6  5 67 82 44 54 88
4  85 99 88 55
4  20 9 40 96
5  73 97 78 99 11
3  69 55 19
3  62 65 38
4  32 20 10 85
1  97
3  86 96 35
3  55 54 49
6  49 23 68 46 1 66
4  42 35 11 61
5  72 25 13 39 57
2  48 41
2  45 89
2  41 23
4  96 77 8 90
2  30 58
5  31 23 27 73 58
3  33 10 58
3  48 14 77
6  55 10 40 43 28 81
4  86 76 42 94
4  67 23 22 38
4  45 65 25 2
1  58
3  12 16 79
4  30 56 55 84
4  95 27 92 75
6  78 50 33 71 15 100
6  37 38 47 82 3 72
5  6 29 18 17 45
6  77 74 52 31 57 16
2  83 8
6  74 85 50 7 56 65
1  50
1  44
6  83 47 67 66 52 95
5  69 40 79 45 13
2  76 69
3  1 52 54
1  26
3  51 33 94
1  39
3  17 83 38
6  30 5 64 81 100 47
3  39 25 94
4  55 69 20 1
5  72 54 71 97 92
2  30 86
3  69 29 53
4  67 51 80 71
1  61
5  61 10 8 86 3
4  41 72 78 42
3  95 12 46
6  33 76 72 69 44 100
2  95 67
5  74 37 86 35 7
3  44 15 32
3  73 19 51
1  60
6  8 72 46 94 5 21
4  74 65 66 95
4  32 67 33 69
4  67 75 99 11
6  31 57 63 3 76 14
1  36
1  23
1  59
1  12
5  82 85 44 47 80
1  79
3  35 47 98
1  22
6  11 27 68 74 29 43
6  45 78 100 68 85 58
6  96 38 66 81 13 60
5  91 5 17 38 2
2  60 98
2  71 24
6  44 53 38 30 98 15
2  65 99
6  49 95 24 15 75 5
2  35 88
2  40 5
4  41 22 16 39
3  86 63 45
2  16 82
4  13 97 87 78
6  74 27 90 97 42 65
1  69
6  89 87 39 93 43 80
1  58
2  64 43
5  8 72 96 89 30
1  86
1  86
5  90 12 70 86 53
3  88 22 34
5  9 72 68 51 82
1  69
3  51 49 52
2  44 41
4  52 27 67 37
1  56
3  77 42 2
1  29
2  45 5
2  16 73
5  67 54 90 35 99
3  83 51 63
2  92 14
5  18 81 15 25 37
4  1 79 65 12
1  88
4  12 19 72 84
1  39
3  91 73 37
2  56 87
6  82 79 8 59 96 88
5  21 25 36 3 1
2  11 88
6  22 7 61 6 99 44
6  72 80 28 27 67 22
1  45
2  67 41
1  40
4  41 76 82 44
5  14 54 65 3 75
5  63 81 78 61 24
5  33 4 2 59 71
2  67 15
4  34 56 68 73
1  8
3  98 51 25
1  5
6  14 79 60 76 38 37
5  12 69 87 14 28
4  37 94 72 88
2  28 55
6  44 63 49 42 14 74
4  18 63 68 97
2  44 56
4  80 39 72 49
2  85 76
5  21 70 55 9 97
5  63 97 26 46 67
3  19 21 56
5  88 53 5 31 8
4  11 47 36 59
5  21 35 55 41 5
1  49
1  91
1  98
1  37
3  83 76 63
1  32
3  91 84 49
2  92 13
2  39 48
6  11 68 25 66 9 30
5  58 31 66 70 29
5  6 72 64 82 34
5  13 78 58 97 26
5  88 38 9 27 86
6  37 54 23 3 62 53
5  20 83 44 89 11
2  95 83
6  76 16 55 88 94 12
6  19 90 72 56 99 98
3  97 35 94
2  38 56
5  16 75 55 59 63
4  83 58 48 71
2  64 26
2  57 38
1  75
2  77 31
2  74 72
2  9 66
3  46 21 14
4  96 69 20 59
2  3 16
5  74 49 45 99 69
1  37
5  76 65 50 6 90
2  78 13
2  43 55
5  64 69 39 60 38
4  18 71 61 34
4  34 82 96 33
3  96 69 24
5  33 73 78 23 96
4  36 27 98 91
1  61
4  42 20 97 100
3  67 60 71
2  94 52
1  26
1  9
6  25 81 27 97 58 50
6  13 85 19 10 76 23
5  35 65 90 31 27
6  25 98 15 18 49 28
3  51 37 76
1  64
5  75 13 65 87 98
5  96 73 6 66 8
5  55 38 34 82 35
4  79 50 76 28
5  18 79 13 55 54
2  18 26
1  30
6  90 28 74 85 1 79
4  8 49 5 46
5  87 80 41 66 30
1  93
1  34
5  19 88 25 48 5
4  52 35 41 63
1  26
4  93 76 71 42
5  16 24 67 96 64
2  25 80
2  30 13
6  49 1 21 97 6 72
3  40 12 88
1  26
1  65
2  89 35
4  69 51 84 36
3  48 68 70
2  93 100
3  89 48 41
1  44
3  81 91 86
6  79 88 19 92 52 37
5  87 97 49 37 81
6  82 28 52 55 45 51
6  34 99 43 80 24 33
4  16 11 52 34
1  4
5  82 90 68 30 27
3  14 9 76
4  60 30 10 11
2  43 10
4  86 52 37 9
6  1 24 95 53 58 97
4  28 78 46 96
1  72
3  21 81 18
6  41 48 96 51 71 39
4  28 24 11 64
2  95 65
4  90 17 13 86
5  41 64 18 36 72
6  79 93 70 97 10 44
5  61 14 12 21 42
3  32 6 67
2  70 22
1  87
3  2 59 75
4  76 11 38 65
6  30 35 86 8 45 29
5  6 43 93 26 84
2  58 90
6  84 59 16 100 46 50
1  4
2  68 80
3  5 45 24
3  79 9 42
2  38 23
2  81 16
4  65 43 12 54
3  96 12 53
6  58 2 97 61 27 65
3  62 69 85
6  3 64 94 45 87 32
5  16 12 83 70 76
2  81 29
4  77 41 15 72
6  17 69 59 43 34 99
1  3
5  89 5 47 83 50
2  14 17
3  26 99 18
1  25
6  31 87 76 71 2 48
5  18 16 28 61 50
2  65 52
1  54
4  57 36 6 90
3  22 38 75
2  56 76
3  54 6 32
2  77 33
5  46 51 92 73 11
3  100 76 93
1  29
3  65 54 55
1  76
6  88 96 47 64 41 1
5  73 30 46 5 91
4  97 64 67 38
4  42 30 72 71
5  37 35 32 91 48
1  83
3  3 29 99
3  30 67 16
4  13 21 64 3
5  60 66 42 98 29
5  27 100 54 5 36
6  36 26 35 43 8 70
3  37 69 89
4  36 4 25 48
2  89 50
6  48 16 41 46 45 24
5  44 77 76 80 65
1  6
6  54 13 70 99 50 38
6  16 73 91 41 20 15
2  70 14
5  86 55 22 30 79
6  74 56 70 53 20 81
4  19 34 71 88
2  21 25
2  37 98
1  78
2  24 7
6  37 84 74 92 6 4
5  99 77 25 68 30
3  49 88 63
5  59 51 15 80 75
2  16 73
3  93 90 66
6  78 2 83 51 94 88
4  63 87 31 88
4  61 32 3 49
6  85 7 45 99 86 20
2  2 92
5  94 82 39 93 59
3  76 10 34
4  64 97 49 94
6  4 55 17 6 3 11
6  10 55 89 95 74 21
6  66 95 90 48 33 83
1  74
4  16 8 21 79
1  70
5  89 73 28 5 78
2  16 68
3  70 57 34
3  78 30 10
5  19 57 5 2 63
5  60 79 86 80 58
6  49 31 79 21 58 84
6  87 99 67 26 69 24
4  13 1 88 23
5  7 79 76 9 42
4  68 20 39 47
5  29 95 8 16 65
6  15 52 90 81 78 59
1  36
5  5 24 94 76 31
5  52 39 14 5 6
3  44 53 11
5  47 19 79 63 84
5  78 35 60 59 13
2  63 49
6  67 72 84 42 3 56
6  42 70 98 47 3 41
6  14 13 46 32 92 9
1  62
6  50 21 44 62 39 7
1  29
5  82 12 15 85 68
1  26
3  5 72 39
3  71 52 58
1  84
3  25 99 11
1  48
2  55 10
5  61 20 99 34 1
1  48
6  78 55 11 15 60 82
4  6 53 5 64
5  89 13 94 87 24
1  34
4  59 44 25 20
4  23 53 64 34
6  49 12 55 59 26 15
3  79 21 93
5  84 62 72 97 56
4  20 60 92 74
2  35 98
3  98 21 90
4  54 89 9 66
3  67 91 59
1  69
5  100 52 63 61 24
4  16 81 78 76
5  51 93 7 49 30
1  69
2  65 23
1  73
6  52 39 79 11 46 48
6  45 99 51 6 23 9
2  3 87
6  76 38 89 83 86 19
6  55 38 51 77 45 23
4  97 62 43 7
1  90
6  52 89 46 57 11 55
5  14 42 74 89 79
4  71 64 81 57
2  18 8
6  63 30 59 91 2 66
6  91 61 49 80 7 5
6  61 82 4 3 56 93
5  18 64 44 99 21
4  17 28 56 80
4  15 39 48 16
1  46
1  64
6  86 70 99 77 31 81
5  33 36 73 14 54
3  57 53 18
5  85 74 48 42 88
6  90 3 35 9 54 29
6  24 27 71 55 7 51
6  42 24 1 96 60 58
3  17 76 1
3  65 42 36
4  32 39 40 66
3  94 43 17
2  14 71
2  64 59
5  88 59 64 47 16
1  63
6  28 63 39 92 5 75
3  36 14 82
1  62
5  95 4 92 15 17
4  42 81 22 10
5  80 73 15 95 84
5  86 12 40 25 3
3  99 45 80
1  27
5  74 2 76 78 94
6  95 57 32 75 78 42
3  58 15 57
4  99 34 38 10
5  62 13 18 61 57
6  73 84 78 47 86 54
2  80 45
2  37 77
6  15 18 35 72 32 92
2  30 26
4  39 99 23 52
1  83
1  13
4  92 91 2 78
3  26 57 89
3  94 65 36
1  83
5  79 14 63 2 44
6  63 83 86 85 34 2
5  42 15 23 34 6
2  11 50
4  68 39 94 61
1  30
5  86 100 47 62 48
3  50 11 26
3  96 60 37
4  2 52 86 35
4  11 46 7 61
1  46
4  74 49 84 42
3  84 88 35
3  36 78 95
3  4 30 42
4  67 4 65 18
6  100 75 45 82 61 58
2  15 32
5  98 73 10 81 61
3  26 96 22
2  42 25
3  83 88 16
6  52 34 77 9 76 96
6  37 54 16 51 85 91
3  58 1 29
2  44 54
1  66
5  56 90 23 39 78
3  26 30 72
1  81
5  78 77 70 14 30
6  65 15 76 12 72 40
6  20 94 5 85 67 61
5  90 99 52 28 25
5  100 27 62 80 5
3  49 19 68
2  83 82
1  95
4  85 35 44 5
2  48 90
6  8 64 85 7 16 12
2  98 12
4  59 91 63 97
3  81 64 72
4  46 80 58 99
4  92 42 69 20
6  59 15 98 22 99 4
3  11 36 35
2  93 94
1  56
6  51 36 54 22 99 2
4  97 66 49 39
3  68 28 93
5  25 15 81 29 52
6  64 87 13 57 80 25
1  70
5  48 23 96 47 22
6  3 18 63 51 57 98
2  85 90
1  10
1  82
3  57 73 2
3  86 58 22
1  70
6  84 17 14 80 64 35
5  66 53 39 17 10
3  36 94 27
3  3 31 18
3  87 91 42
2  76 99
4  86 69 42 70
6  56 49 91 26 15 44
4  31 53 1 67
3  27 3 49
4  21 89 44 11
2  73 87
2  24 72
6  66 41 83 21 90 31
1  15
3  55 79 76
1  79
3  53 6 44
1  63
4  90 6 75 20
5  61 48 2 33 45
5  73 27 88 63 58
6  77 2 54 56 61 35
2  13 40
4  14 2 26 4
1  1
2  86 61
5  87 94 16 54 67
3  42 29 99
3  6 1 94
4  78 54 95 96
5  34 57 81 35 83
6  42 83 7 27 44 78
1  38
6  67 4 34 9 32 33
3  37 34 43
6  11 97 91 6 64 25
4  45 60 29 2
2  35 29
5  12 42 9 4 38
2  43 71
4  80 4 8 76
1  5
5  20 68 92 82 12
4  27 40 53 55
5  81 26 87 22 35
6  31 46 29 48 89 100
1  69
1  21
3  18 25 11
3  93 3 19
1  54
3  44 6 100
2  86 25
1  7
4  96 38 5 24
6  94 24 98 62 27 18
1  44
3  17 81 36
2  100 40
5  45 84 78 44 2
4  68 7 70 27
1  7
2  27 92
2  50 89
6  76 7 94 20 50 11
1  85
2  100 24
1  44
1  80
6  9 42 55 15 12 82
2  19 14
3  10 39 93
6  26 69 5 20 88 54
2  89 38
4  89 62 61 32
5  40 19 77 82 74
6  94 55 9 12 68 52
2  7 44
2  33 12
2  52 100
5  82 89 15 41 77
5  2 9 45 42 27
2  23 1
1  17
4  20 28 23 71
3  30 15 68
4  27 92 14 69
6  15 84 36 91 60 37
6  5 79 26 25 2 36
2  81 56
3  4 26 94
2  41 61
6  67 53 8 93 22 3
1  5
3  98 65 76
6  69 54 22 94 55 48
2  73 28
6  17 32 10 11 64 51
5  58 17 24 66 10
3  69 17 50
1  15
1  83
1  83
3  33 77 91
5  5 64 8 89 81
3  99 91 3
3  62 61 66
6  26 76 30 94 92 80
1  6
6  84 17 77 20 49 53
1  29
4  74 36 47 54
5  45 44 77 94 6
3  60 91 63
3  21 57 27
6  58 33 93 41 49 70
4  97 22 70 26
5  44 62 26 97 36
5  41 13 64 46 50
2  36 13
4  57 69 84 56
2  17 49
4  65 18 26 62
3  96 87 19
3  48 44 35
6  14 76 97 77 21 46
6  57 58 13 27 42 69
4  58 17 19 22
3  44 84 73
3  70 91 78
2  35 13
1  48
6  98 24 9 44 66 1
5  79 28 23 47 80
5  64 98 3 97 42
6  70 81 56 61 59 73
6  72 74 42 60 71 66
5  14 90 34 15 71
1  42
6  59 22 75 23 19 77
2  61 63
6  41 18 49 100 91 44
5  64 86 31 35 52
6  49 41 33 63 12 45
1  6
1  26
5  26 45 57 5 20
2  46 37
5  46 28 26 17 92
1  47
2  62 46
5  3 78 38 14 23
3  20 27 68
6  52 13 56 97 18 76
2  64 13
1  9
3  37 26 31
3  72 57 10
2  31 12
6  68 26 18 10 45 44
5  44 96 91 100 92
1  75
2  71 88
2  80 27
5  5 58 17 77 15
2  94 46
3  89 13 63
1  23
1  50
1  51
3  91 51 37
6  26 58 70 13 91 49
3  60 54 97
5  30 11 3 23 57
3  11 69 2
1  92
1  66
6  60 11 83 10 48 82
3  6 51 48
6  99 87 56 52 84 33
5  95 35 4 51 74
1  20
5  32 12 85 98 4
3  8 87 54
4  68 89 61 18
3  57 17 24
1  69
1  45
3  1 79 54
4  53 68 71 29
6  83 13 97 86 57 5
5  11 60 40 100 21
4  36 77 74 59
6  42 66 35 91 67 13
3  18 66 12
6  95 11 71 7 56 64
1  28
5  71 67 74 91 24
1  68
6  67 58 39 32 92 29
6  5 73 16 70 85 4
4  96 75 71 3
2  35 14
4  9 84 25 82
5  49 90 43 45 57
6  84 89 91 13 87 95
6  3 65 70 6 29 81
6  67 11 35 80 69 43
4  94 24 38 42
1  81
6  71 80 70 60 82 46
4  67 48 30 36
4  59 1 35 67
3  93 47 13
3  10 6 59
3  48 73 28
3  44 8 3
1  78
6  49 43 51 96 72 86
3  31 86 84
6  53 29 82 99 42 17
1  48
5  56 95 49 84 28
6  91 31 94 68 15 42
1  65
3  82 51 88
1  37
5  2 89 100 83 88
3  100 96 88
5  52 82 24 35 10
1  26
3  9 93 55
3  3 20 88
6  71 75 96 7 47 98
6  46 80 83 87 78 74
4  29 56 78 64
4  93 89 6 1
5  61 51 84 81 38
5  51 13 63 57 59
4  52 5 40 34
6  20 12 65 74 41 21
4  4 87 45 93
6  45 74 53 96 57 33
2  24 84
3  87 40 6
3  92 10 87
2  1 6
3  66 80 77
6  32 80 73 76 72 65
2  46 17
1  2
3  49 26 33
6  12 73 100 58 64 10
3  89 10 50
2  75 30
1  61
4  81 34 36 53
6  56 98 15 71 100 65
2  25 98
1  36
5  14 94 34 23 38
2  33 88
3  8 17 47
5  77 27 2 13 80
6  68 77 13 39 76 78
4  100 75 72 36
3  85 29 78
1  66
6  41 53 46 48 69 92
1  46
2  18 58
6  16 26 75 29 64 50
1  22
3  81 93 85
2  78 14
1  86
5  100 26 32 46 73
1  37
6  47 56 6 4 54 22
2  28 51
6  78 57 14 28 37 7
1  61
6  26 62 69 4 95 36
1  68
3  43 56 83
6  62 86 53 84 15 81
3  8 58 91
2  86 27
2  98 88
1  23
3  81 27 10
5  62 16 42 98 59
6  81 57 59 67 9 43
5  89 77 47 67 10
2  94 38
2  81 49
4  29 78 39 3
3  54 45 38
1  42
2  69 1
6  78 43 65 67 19 54
1  86
4  46 80 1 75
4  49 26 90 77
1  28
5  42 81 24 80 93
4  97 61 66 80
3  8 45 5
2  99 18
1  61
4  92 62 37 52
1  63
3  87 65 69
4  7 49 91 87
3  56 83 2
2  63 40
2  8 45
4  6 62 68 67
2  60 28
4  12 37 23 53
2  88 21
6  95 70 80 81 11 36
4  13 57 26 53
6  33 97 40 38 58 8
1  82
4  32 43 78 68
4  30 92 53 51
5  48 20 61 29 31
6  92 43 52 17 96 37
3  92 77 88
3  84 92 32
3  23 74 28
6  39 58 82 92 8 63
3  28 23 68
4  19 59 1 71
5  96 7 25 87 83
1  36
4  4 68 16 26
3  43 17 80
1  98
5  8 60 11 35 83
5  93 1 36 72 12
6  78 37 75 60 49 11
2  52 78
3  78 19 85
6  98 85 92 69 93 52
5  28 35 56 20 36
6  13 7 4 100 84 40
5  44 88 86 70 40
4  11 18 82 96
1  79
5  4 48 72 56 26
6  90 82 19 25 74 31
2  77 31
1  16
1  59
1  91
2  44 53
3  62 35 34
5  13 14 77 60 85
2  86 84
2  67 2
3  41 33 77
2  63 92
2  68 50
3  58 77 81
1  16
3  45 49 15
4  62 92 17 47
2  3 31
3  70 33 90
1  65
4  27 28 58 60
6  7 96 52 84 77 62
6  18 6 48 33 63 10
2  80 57
3  83 87 92
4  20 82 61 84
3  88 11 6
3  6 13 43
4  96 19 95 37
2  42 69
6  52 93 67 8 40 50
6  31 1 14 12 62 97
4  49 8 65 96
1  77
3  70 73 56
6  68 92 12 9 61 99
4  54 66 68 93
1  62
2  16 75
3  77 72 96
2  80 61
2  92 37
4  61 10 13 49
5  5 60 86 66 59
3  19 25 14
1  39
5  36 55 50 71 31
2  67 56
6  27 77 92 64 34 53
5  47 1 50 52 61
3  17 20 81
3  44 95 46
5  69 81 37 19 52
5  40 19 24 39 45
6  31 8 33 84 81 80
6  31 45 66 47 65 46
5  8 41 27 91 9
1  28
2  60 95
4  78 18 6 22
2  36 30
3  19 11 30
1  41
4  48 6 13 52
6  21 92 14 11 1 38
2  81 33
6  58 51 99 80 67 35
1  17
4  20 46 57 60
1  5
4  11 17 98 38
1  11
3  9 32 86
3  12 19 31
5  69 29 48 36 64
4  52 18 76 98
5  36 3 79 1 14
6  17 11 33 25 22 81
3  53 67 70
4  85 100 33 53
2  81 89
6  38 41 10 14 84 49
3  63 49 55
4  66 65 92 91
6  72 24 40 39 94 3
2  94 36
5  23 17 64 15 54
1  25
5  43 9 16 83 71
4  37 30 2 21
2  89 92
3  28 30 38
2  53 32
4  29 54 82 93
5  36 97 93 2 39
1  18
2  72 82
4  1 12 60 21
2  49 13
5  76 43 15 6 96
3  71 24 99
4  16 67 88 13
4  90 51 60 8
5  32 89 31 1 90
4  33 39 66 9
1  8
2  19 4
5  90 27 68 43 34
2  55 94
2  5 53
2  77 85
1  7
1  17
6  69 50 35 34 58 49
3  81 68 45
3  57 72 16
6  14 50 30 68 43 73
6  78 49 80 94 56 96
1  52
4  60 87 98 18
3  40 98 2
6  47 59 56 62 69 12
6  37 55 38 9 50 15
4  30 9 13 25
2  65 90
5  52 87 96 27 94
6  12 40 47 67 2 5
3  13 93 73
4  31 81 17 46
3  46 54 51
5  73 15 60 52 66
3  48 52 74
3  40 85 81
6  52 82 92 88 95 84
4  61 14 41 77
4  79 23 13 29
6  86 43 53 37 9 100
6  60 73 25 100 58 5
6  9 87 77 97 81 61
4  41 75 97 18
2  76 41
3  4 34 31
3  87 67 55
6  51 15 60 75 17 80
6  26 66 77 23 46 37
5  87 11 76 5 44
4  45 89 54 79
2  100 66
6  55 52 36 70 11 84
2  90 83
4  55 60 76 100
6  54 87 8 29 91 51
5  35 40 33 14 59
2  79 45
6  31 81 57 41 91 40
5  80 23 22 35 83
6  35 79 51 21 86 80
1  37
4  46 77 92 59
3  25 38 79
1  68
4  69 9 50 77
2  32 99
4  14 96 98 92
3  19 78 25
2  15 84
5  91 75 34 25 100
5  4 12 39 63 80
3  12 88 25
3  19 23 4
2  18 2
2  64 21
1  88
3  16 72 25
1  46
4  31 46 30 34
4  69 96 36 16
1  24
3  48 43 63
4  76 81 54 100
3  74 1 32
2  17 3
3  22 49 6
4  94 35 86 50
1  82
6  20 89 10 60 37 53
2  89 28
1  42
2  47 16
2  78 39
3  80 86 66
2  92 18
2  27 3
5  30 85 56 49 74
4  8 11 18 31
6  45 33 41 72 80 56
6  57 95 42 37 81 8
4  72 25 86 98
2  56 27
1  12
5  86 77 84 96 95
1  94
3  47 35 11
2  91 10
5  85 52 19 65 59
5  37 83 68 34 10
2  61 22
3  36 7 12
2  2 6
2  96 46
5  30 57 5 20 66
6  5 17 70 75 87 6
4  55 40 67 77
6  89 12 36 96 23 55
6  29 87 93 74 66 23
2  70 43
6  57 47 12 61 17 87
3  22 44 2
4  11 79 61 99
6  97 94 13 51 91 41
3  83 14 4
1  44
5  48 39 30 95 50
6  11 36 39 33 79 41
6  89 19 55 88 9 51
5  22 2 71 62 40
4  76 44 60 20
2  7 58
3  1 7 38
1  43
5  44 21 16 38 10
3  92 97 43
3  78 65 45
3  27 84 3
1  27
4  21 44 68 79
6  69 85 28 81 27 4
2  48 19
4  58 53 54 96
6  31 60 40 80 87 24
5  88 51 43 9 94
1  87
6  79 72 12 59 99 15
5  46 34 44 3 87
6  57 82 92 88 42 32
4  28 55 48 16
1  90
2  99 1
1  83
5  83 95 38 82 10
2  27 43
4  30 29 62 87
1  53
5  53 84 40 81 39
6  96 43 78 21 41 32
2  57 14
2  95 27
1  22
5  81 52 99 42 38
1  95
1  62
5  52 42 17 39 38
4  17 58 100 94
6  22 51 3 40 45 98
4  60 20 36 41
5  34 82 9 43 76
2  4 54
5  46 71 10 83 29
2  40 28
2  28 50
5  30 90 15 27 55
5  46 91 15 17 24
6  25 66 71 45 70 16
1  95
2  97 24
3  36 52 69
4  2 39 93 91
4  20 46 27 66
3  41 83 60
3  8 26 7
4  95 32 67 10
2  91 6
3  41 42 2
1  5
1  48
6  95 1 18 40 27 84
5  68 66 35 3 73
4  10 24 55 41
6  64 67 82 70 17 22
1  19
2  16 22
5  14 16 80 31 56
1  14
2  74 79
4  77 52 26 86
5  80 27 66 44 94
3  13 11 70
2  29 1
3  50 81 52
4  61 83 21 67
6  52 41 75 17 18 27
3  4 2 22
2  68 66
2  15 78
3  84 2 62
6  40 12 65 92 77 25
5  98 92 70 49 32
3  65 49 71
1  52
5  29 82 40 94 5
4  72 39 37 73
1  21
1  13
6  5 89 10 79 87 1
3  35 33 93
6  81 63 7 33 35 36
1  74
2  20 27
1  58
4  74 58 85 87
5  70 92 59 79 71
3  79 19 80
1  11
5  92 74 86 25 8
2  39 81
3  58 8 51
1  72
2  74 56
1  44
2  4 3
1  74
3  83 92 28
6  2 7 86 75 93 10
5  14 49 63 64 7
5  15 22 42 39 96
6  51 39 22 54 42 25
2  89 8
2  17 1
2  23 86
6  16 96 78 29 44 41
6  50 12 6 72 53 45
5  50 96 6 72 47
6  77 36 4 96 53 16
5  90 12 91 85 19
2  31 11
5  42 16 50 94 61
1  44
4  22 15 5 69
1  81
1  14
5  57 18 92 33 7
1  23
6  93 42 20 23 52 98
4  68 47 58 29
4  2 84 85 16
6  53 26 70 58 40 45
1  57
3  47 63 40
5  55 32 12 74 54
4  71 18 31 75
4  80 77 43 65
6  32 18 1 75 57 45
6  14 82 37 77 21 6
2  53 18
1  6
5  75 24 12 92 99
5  72 75 14 36 66
3  54 84 45
2  40 90
2  54 71
4  30 92 60 44
5  64 50 57 39 73
5  31 71 39 2 46
4  38 11 96 91
6  40 19 34 30 37 87
6  90 17 91 49 76 35
2  40 84
5  78 57 51 8 28
6  10 73 41 48 83 36
3  77 76 58
1  5
6  98 5 83 15 96 32
6  30 58 13 40 8 70
6  15 97 78 25 69 18
5  52 54 11 29 30
5  40 34 62 37 39
3  51 34 76
3  63 33 71
5  72 78 45 62 93
3  40 17 10
4  90 61 11 100
6  40 68 29 74 66 13
5  17 46 49 58 8
5  28 84 54 5 29
1  98
5  54 15 79 11 4
3  21 3 30
4  71 58 35 100
2  47 73
3  92 21 97
6  3 24 84 56 29 12
5  26 81 23 40 60
2  43 100
4  46 30 15 16
6  50 15 10 96 87 88
1  46
6  10 69 71 65 97 83
3  23 64 58
4  24 90 4 44
3  53 59 65
3  8 80 50
1  67
6  91 75 44 79 84 13
3  49 9 32
5  32 96 41 93 19
2  97 42
5  46 95 32 11 34
3  91 83 42
4  81 33 31 24
1  15
3  60 64 45
6  47 76 87 88 69 5
2  66 47
6  12 41 23 22 74 62
1  57
1  69
3  37 100 61
3  15 97 6
5  41 97 25 17 83
1  86
6  29 51 34 20 62 75
3  84 49 5
6  5 9 65 42 45 64
1  91
5  98 97 56 39 94
5  55 77 92 40 65
2  91 98
3  53 73 83
3  21 87 32
2  96 67
3  59 68 31
3  65 27 92
1  21
5  58 97 64 98 61
6  88 59 24 40 32 6
5  52 93 7 77 88
1  44
2  62 11
4  98 76 85 90
5  5 62 37 2 26
2  62 9
2  21 33
4  52 39 37 4
2  43 81
2  46 24
3  7 35 4
1  10
6  95 89 92 56 25 93
5  58 55 90 79 76
2  40 28
4  76 32 91 19
1  10
4  37 56 71 60
5  81 47 69 39 25
6  32 6 51 87 95 30
4  17 69 91 76
3  22 67 63
3  77 27 70
2  97 41
6  71 21 39 40 90 77
4  83 9 70 34
6  65 63 58 81 32 48
4  76 70 24 39
1  100
4  74 32 61 14
2  32 35
4  72 24 38 36
1  46
1  40
3  71 3 99
4  34 47 8 10
1  32
3  19 31 12
6  63 73 6 85 5 41
3  76 64 83
1  70
2  17 10
5  87 12 69 38 45
1  46
4  31 78 1 50
1  13
3  71 85 48
4  89 88 1 65
4  84 76 22 12
6  31 82 80 42 51 18
6  65 64 40 96 41 45
3  54 87 19
3  34 74 27
2  75 92
5  58 67 94 70 60
2  51 39
4  1 56 52 66
2  92 62
4  33 6 8 86
6  27 24 26 1 51 47
5  42 20 32 9 13
1  68
3  53 6 3
4  62 54 19 80
3  80 39 78
6  47 64 78 73 87 4
5  38 51 48 79 70
5  88 83 81 55 20
2  61 22
6  22 76 5 2 21 85
3  99 70 88
4  48 60 49 51
2  87 1
5  65 71 59 53 39
1  72
5  68 94 57 90 69
4  92 90 45 32
6  15 19 51 62 79 99
1  11
6  13 91 50 83 49 3
3  88 9 7
4  77 1 16 66
5  77 57 59 22 89
3  36 8 98
6  86 97 10 82 22 88
2  4 37
3  39 24 43
3  83 19 46
6  85 15 75 41 74 97
2  22 33
3  19 30 23
1  40
2  97 61
1  29
4  43 62 4 67
1  50
3  24 95 48
1  10
2  48 84
2  77 5
4  13 24 81 36
3  20 55 36
5  61 65 46 4 27
3  70 31 99
2  54 94
4  61 3 89 9
6  8 85 91 58 98 14
3  34 53 58
6  89 39 49 53 84 52
5  33 22 9 32 41
4  25 8 24 28
6  32 14 4 17 62 15
2  100 48
5  58 35 59 97 84
1  81
3  90 14 57
6  45 98 61 70 5 85
6  1 16 10 5 32 14
4  46 32 67 94
1  25
2  61 21
1  72
1  47
4  15 3 61 59
6  22 28 5 6 24 21
3  10 53 48
5  99 79 43 92 81
4  20 42 88 31
1  89
5  75 3 80 35 61
5  56 89 84 61 13
6  81 47 99 34 94 75
2  72 18
2  53 84
3  94 72 73
1  60
3  81 62 30
1  23
1  71
1  92
2  24 81
1  71
5  45 64 54 76 35
5  99 87 56 41 80
2  13 86
6  63 67 47 92 82 70
1  52
5  92 83 5 73 94
5  52 39 38 6 15
5  77 13 60 32 53
3  58 66 26
3  28 92 91
2  74 60
2  25 41
1  7
3  84 1 20
3  40 58 54
2  16 66
6  48 19 30 6 84 55
3  12 47 40
2  21 99
4  45 40 62 52
6  46 53 4 80 92 62
2  45 92
3  11 81 83
2  11 89
1  66
3  24 13 77
4  33 76 5 78
1  67
2  99 12
5  3 92 73 64 11
2  55 47
2  36 30
4  47 18 69 12
4  92 24 31 46
4  7 51 34 21
2  62 20
2  43 23
2  16 87
2  33 42
5  61 78 7 17 24
2  85 35
5  77 59 10 23 15
1  73
3  37 90 10
4  19 52 80 40
5  66 71 100 7 49
4  84 56 76 7
5  61 42 60 38 100
5  60 14 86 32 62
2  22 71
5  41 23 58 80 90
2  51 90
2  100 49
1  56
2  20 36
6  62 95 23 61 64 82
5  49 14 36 71 7
3  76 29 8
4  19 31 6 8
4  6 57 73 61
5  93 96 67 54 90
6  15 54 70 89 3 84
2  73 19
2  23 94
4  30 50 79 61
4  87 20 60 43
6  21 24 86 16 90 39
1  79
4  59 49 42 61
2  67 34
4  98 57 45 58
6  94 37 46 48 23 66
1  66
4  29 90 44 80
5  50 59 35 8 7
5  69 39 43 3 89
3  59 33 97
3  26 34 91
5  56 57 82 22 15
1  12
4  54 91 41 3
3  76 11 56
4  80 95 94 82
5  33 40 16 30 85
3  63 75 16
2  31 97
3  46 7 52
1  61
3  44 63 92
2  74 48
5  53 42 64 34 24
6  74 40 25 58 81 87
2  96 6
4  93 46 8 100
6  12 60 40 56 23 31
5  96 78 45 49 19
1  83
3  3 57 82
2  14 62
1  46
4  20 9 50 65
1  49
4  28 9 1 83
2  31 57
2  9 2
5  28 9 58 70 12
1  52
3  28 14 54
5  71 74 82 21 38
6  70 100 26 78 9 31
4  35 39 67 10
4  76 68 36 87
5  87 26 9 100 80
5  71 53 64 91 62
4  90 87 38 96
3  20 61 82
4  27 92 25 2
4  61 89 40 48
1  48
3  94 29 18
3  93 9 37
4  69 27 41 7
1  36
4  36 96 35 95
2  26 19
2  84 80
1  24
2  26 71
5  20 100 91 66 92
6  3 45 68 29 86 74
3  22 27 80
2  61 74
3  86 93 63
5  72 75 94 98 1
4  71 20 63 62
6  54 60 87 99 27 16
6  1 60 6 27 39 23
6  12 62 73 5 25 43
5  99 36 74 100 44
2  62 6
1  16
4  90 15 93 6
6  93 65 5 20 3 27
1  15
6  80 19 13 23 95 11
4  68 10 58 12
2  20 17
2  36 83
2  51 75
2  50 68
6  54 87 93 81 8 70
5  27 82 95 21 93
4  89 2 10 100
2  30 17
4  66 99 79 16
5  5 65 41 94 19
2  87 99
2  94 69
6  21 50 86 41 42 39
2  43 49
2  72 78
3  31 43 45
1  59
2  14 23
4  7 41 86 93
3  6 87 8
6  7 58 83 48 99 22
5  42 70 7 14 48
4  44 91 98 53
3  16 66 71
5  73 12 61 66 52
4  53 60 63 17
3  7 15 67
6  57 37 91 70 84 43
1  74
3  66 22 57
2  93 31
1  5
6  70 56 57 22 15 20
5  31 65 88 46 32
5  3 68 63 72 51
1  85
2  46 51
3  2 82 40
2  86 44
2  56 100
5  77 14 100 58 45
4  46 91 95 17
6  63 79 65 14 84 50
3  30 100 85
2  81 25
4  67 68 88 22
5  68 99 82 67 56
2  31 1
2  26 18
1  88
6  74 1 81 24 39 10
2  24 41
1  48
1  70
1  92
6  84 59 90 65 26 45
6  56 46 8 81 64 17
5  61 91 69 41 14
1  51
3  31 92 40
5  96 10 95 88 1
5  47 90 42 72 35
2  27 81
3  7 44 57
5  5 48 43 45 62
4  96 98 81 87
3  60 83 47
4  70 47 32 17
3  74 88 70
1  15
4  46 22 95 3
6  99 50 39 44 11 89
3  9 70 26
3  29 8 92
5  78 38 14 95 74
6  82 44 93 97 94 39
2  88 41
1  87
6  52 30 1 41 69 9
1  94
4  39 2 45 21
5  83 35 74 56 22
4  99 14 52 92
4  69 80 93 82
4  82 34 96 83
5  64 91 84 57 45
2  59 90
3  38 72 77
1  28
6  65 26 12 17 18 64
6  98 57 67 63 38 100
4  20 74 22 11
4  78 55 36 44
2  73 16
6  83 43 94 48 69 6
4  86 70 49 83
2  15 46
4  15 4 84 88
2  94 44
1  48
2  39 92
3  12 8 37
6  50 30 43 18 36 7
1  6
4  87 31 70 33
6  84 36 78 72 60 71
1  63
2  36 1
1  76
1  18
1  7
5  42 49 86 78 55
6  83 10 76 14 79 8
1  63
3  86 34 3
4  49 66 75 84
4  86 60 78 4
5  84 71 13 32 56
6  87 45 73 96 21 86
5  29 94 37 72 79
5  74 35 19 39 9
1  5
6  62 83 98 33 66 68
3  98 24 35
6  69 8 80 90 93 54
2  86 91
6  64 61 63 99 79 2
1  81
1  2
3  88 99 75
4  67 20 52 91
4  36 60 62 16
3  55 69 67
3  60 55 5
2  18 3
6  19 10 80 25 11 22
1  10
6  67 77 17 18 68 72
4  27 34 69 76
6  38 43 29 97 98 33
1  15
3  16 33 45
6  58 56 17 70 66 14
3  42 30 53
1  2
1  36
3  75 12 23
1  54
4  9 51 84 25
4  19 40 98 64
3  55 19 52
2  85 65
4  27 95 13 36
6  19 72 30 93 83 52
1  37
1  13
6  86 38 52 4 78 50
5  12 4 86 63 28
5  28 87 96 22 100
2  17 18
1  47
1  85
6  15 21 1 28 8 86
4  59 90 43 8
4  54 12 42 17
3  12 44 26
1  65
2  39 82
3  40 28 53
2  26 68
3  26 95 53
1  60
1  2
1  19
4  56 30 100 72
5  11 15 95 18 80
2  56 61
4  96 88 14 21
1  81
4  39 76 18 50
3  28 51 37
3  9 92 77
1  63
3  19 78 40
3  58 59 92
2  21 88
1  34
1  19
1  73
4  91 7 25 18
4  61 65 66 53
3  73 15 86
6  93 25 27 50 84 19
5  4 6 73 38 14
6  53 87 48 43 77 54
5  95 11 29 59 76
5  100 48 96 85 38
6  10 65 37 94 83 5
6  89 77 35 2 68 88
6  15 31 65 68 98 60
5  26 19 53 7 18
1  2
1  39
6  12 3 26 5 85 30
1  73
1  37
5  74 24 64 88 54
2  55 52
6  33 78 6 86 84 23
6  85 25 24 74 36 27
6  40 11 30 42 84 36
5  59 9 2 22 97
4  51 7 38 84
5  44 69 67 55 52
6  78 26 27 4 25 67
1  54
1  99
6  85 58 98 86 80 94
3  30 45 47
5  28 30 11 97 77
4  49 68 29 74
6  33 98 61 48 52 68
3  41 53 4
3  39 84 32
5  14 77 26 81 4
4  92 1 53 69
4  1 36 80 75
2  13 73
6  60 24 58 6 65 10
1  3
3  93 34 28
1  10
4  87 14 9 78
1  61
3  66 62 82
3  36 12 57
1  2
1  32
4  22 96 69 32
6  17 24 31 44 30 41
6  17 54 5 94 68 66
3  34 27 22
5  63 33 35 70 34
4  1 93 73 96
4  4 94 78 28
2  22 58
4  18 74 19 23
5  86 89 7 19 16
2  97 78
4  32 48 94 83
3  86 56 45
3  60 38 24
6  62 46 45 26 64 18
3  87 85 30
5  91 49 18 46 68
5  77 16 72 60 64
4  16 8 3 75
3  27 62 7
5  6 32 36 24 76
2  8 5
6  98 53 86 16 99 54
6  76 70 65 35 33 22
4  41 25 86 52
6  93 24 25 59 16 100
5  23 5 76 21 58
4  37 56 16 31
2  85 96
4  18 17 16 59
3  41 45 93
2  37 16
2  62 74
3  61 54 59
4  29 79 23 91
1  79
1  47
1  91
3  74 8 59
6  66 100 30 10 92 57
3  8 77 82
1  69
3  70 34 64
3  57 54 64
3  60 10 43
3  52 17 58
1  6
2  9 36
2  1 93
5  8 69 87 89 80
4  24 49 89 87
6  46 41 61 80 100 71
2  49 22
3  7 31 46
2  40 81
4  40 74 41 47
3  28 36 21
5  59 69 72 45 66
2  85 26
6  85 96 20 34 17 60
3  48 5 69
6  86 30 26 59 71 73
6  98 9 20 81 67 89
4  12 54 69 97
5  66 81 75 86 15
6  45 54 38 49 22 25
3  52 50 94
2  23 93
2  31 13
6  98 2 52 9 55 21
1  34
6  86 8 71 100 99 16
4  37 65 75 61
6  26 11 92 48 33 85
5  64 98 67 61 99
2  69 54
3  74 88 25
4  96 58 94 11
1  30
5  86 90 74 12 100
4  59 33 50 26
6  48 93 56 47 10 24
6  49 97 88 73 56 83
5  13 77 78 24 6
4  10 96 26 21
6  90 80 28 40 5 24
6  98 79 34 7 3 56
6  21 28 55 4 95 68
5  73 92 86 25 1
5  50 21 77 39 100
1  79
1  27
4  2 6 99 9
1  32
4  7 53 92 62
4  86 29 35 58
2  20 82
2  1 31
3  77 70 41
5  49 45 8 15 47
1  13
4  21 45 19 28
6  11 89 52 96 18 87
4  38 7 36 58
1  67
6  84 37 38 64 85 83
5  99 30 84 12 85
1  56
1  32
4  14 20 5 9
3  91 63 75
6  98 32 4 65 29 87
1  67
4  86 50 22 85
5  6 96 63 10 52
4  41 5 79 61
1  88
6  99 50 72 96 48 4
6  12 33 86 13 99 37
6  48 58 82 27 63 78
6  73 29 54 13 33 41
2  71 40
5  43 36 17 46 34
2  79 20
3  77 56 38
2  14 19
4  77 96 40 49
2  94 61
4  26 34 99 45
1  39
1  48
5  30 93 8 57 72
2  97 48
5  34 73 96 53 24
5  49 64 21 74 57
5  31 82 16 30 27
2  68 40
4  41 69 60 48
2  31 75
2  79 57
4  52 53 9 76
2  57 39
3  30 96 26
4  78 41 91 4
4  58 43 27 99
1  87
3  36 17 21
4  96 77 13 47
2  22 23
4  78 61 98 8
4  23 69 34 64
4  37 24 16 80
3  14 90 36
4  26 53 81 83
3  57 96 95
6  17 40 95 78 37 2
3  60 71 68
2  29 4
3  45 83 96
4  73 32 19 99
6  99 81 32 56 77 26
3  93 43 81
6  20 18 90 54 78 60
2  1 88
2  47 33
1  43
6  80 74 10 78 58 8
4  90 63 36 16
1  29
4  85 16 78 3
1  31
5  64 51 81 52 75
2  85 82
5  75 62 43 85 40
1  92
6  90 55 34 5 59 62
4  44 77 40 46
5  70 26 45 21 7
6  96 33 81 77 2 55
3  45 39 78
3  31 76 34
6  10 39 43 71 2 87
3  41 33 28
1  58
5  32 65 69 27 97
3  3 99 4
3  43 19 87
5  95 21 58 4 60
1  74
4  87 21 2 19
3  13 77 22
3  41 90 70
3  39 73 36
3  13 79 84
2  66 57
2  86 14
2  46 14
1  7
1  23
1  19
5  21 95 93 64 35
5  33 73 21 6 8
4  19 87 46 50
4  3 75 38 17
1  83
2  6 90
2  29 98
3  1 18 44
6  81 78 76 14 50 96
2  58 38
3  4 87 95
1  62
2  23 65
1  53
5  4 83 99 1 31
6  19 75 93 99 52 68
1  2
4  32 60 21 69
1  25
4  99 31 17 53
5  46 5 52 49 88
4  50 19 68 93
3  67 45 10
5  47 73 11 6 94
5  10 19 35 8 49
4  39 2 33 84
1  85
2  94 35
5  13 85 50 5 27
1  50
3  96 9 7
1  3
6  11 21 19 69 72 57
5  5 41 77 89 73
5  24 55 83 9 4
6  36 21 72 16 32 80
2  33 82
1  44
1  30
4  71 2 19 41
1  59
2  95 31
6  19 86 70 27 90 56
4  10 92 33 26
2  13 48
4  95 57 100 96
6  61 67 87 80 8 92
3  25 87 69
1  5
4  80 31 43 36
6  53 28 25 78 51 38
2  7 32
5  6 28 67 95 53
3  2 45 84
2  32 53
3  36 7 17
4  50 52 59 2
5  84 79 31 21 5
3  53 86 43
5  52 10 74 5 55
5  49 39 100 80 91
3  16 98 53
5  47 5 40 48 84
2  27 15
3  31 52 97
1  95
5  68 4 50 72 59
2  21 98
2  1 88
4  17 86 13 98
2  17 38
5  1 61 6 15 5
3  67 1 53
4  77 20 65 26
6  23 50 13 20 74 8
3  29 93 47
2  25 63
4  4 64 25 10
5  30 46 45 31 99
1  7
2  70 33
1  92
5  22 12 57 35 19
6  64 12 37 91 36 100
4  39 64 79 48
3  9 94 86
3  92 91 46
1  61
5  20 52 61 42 63
2  77 82
1  41
6  45 31 29 85 67 8
4  15 49 72 9
3  11 100 26
4  10 86 34 29
3  95 71 100
1  47
5  20 87 75 64 18
1  8
1  70
1  66
6  64 38 93 99 48 92
2  3 2
1  37
2  46 31
1  46
3  48 28 61
3  2 25 52
1  33
4  74 48 19 57
1  57
3  10 4 41
2  7 43
3  43 73 88
5  74 34 15 21 61
5  55 63 100 6 67
2  59 40
5  78 97 90 34 46
6  38 87 32 44 29 74
6  2 61 60 75 95 74
6  55 49 50 18 84 80
1  23
4  91 19 49 25
4  48 62 50 80
1  78
4  92 80 14 51
4  8 24 50 63
5  100 80 21 55 64
1  68
6  60 59 4 9 83 67
4  44 17 36 49
6  88 40 74 2 90 28
1  14
5  73 87 77 53 8
2  16 8
6  1 68 57 5 76 39
5  32 83 88 67 82
4  72 56 57 62
6  66 76 61 38 62 37
6  69 68 6 77 66 44
2  10 20
4  81 51 43 69
2  74 51
5  46 6 28 7 90
6  82 50 32 43 87 22
1  54
2  88 19
2  32 41
3  51 100 23
1  43
6  19 16 42 91 62 47
2  68 36
1  50
6  44 93 73 65 4 27
6  92 45 24 23 86 66
5  85 88 76 27 79
6  43 20 85 5 67 4
5  3 16 22 89 59
1  61
2  18 87
1  9
2  39 32
1  4
1  2
6  81 29 71 75 91 60
5  58 63 47 60 79
5  48 37 82 9 61
6  95 76 9 26 14 41
3  18 46 44
1  27
5  81 2 43 71 62
2  29 25
4  88 3 32 36
3  14 45 100
1  39
5  22 65 90 62 7
1  8
4  17 34 22 97
3  64 68 97
5  96 21 45 84 23
5  20 62 90 64 3
1  37
2  67 26
6  74 33 92 24 49 26
3  46 62 9
1  59
6  8 79 34 92 2 10
1  64
6  74 26 2 77 62 43
6  11 17 21 3 40 70
2  85 15
6  93 28 48 82 36 27
1  27
2  24 37
6  23 11 17 25 87 79
3  30 67 60
3  87 62 86
4  90 70 71 80
4  98 27 43 33
4  58 59 81 96
5  4 7 89 28 94
5  78 23 34 38 69
2  100 54
5  90 23 46 69 84
3  96 27 75
3  84 34 29
4  29 1 68 35
6  96 28 57 73 51 91
1  19
1  9
5  85 98 94 30 66
5  73 61 5 47 9
6  81 38 52 9 39 20
3  28 15 72
6  87 22 75 97 40 85
1  12
5  3 6 99 69 83
5  30 87 19 38 75
6  76 27 7 14 46 51
3  61 22 26
3  43 100 44
5  84 49 94 53 51
6  52 19 82 23 48 69
3  86 43 40
4  69 46 74 15
6  14 75 17 39 22 60
3  65 43 23
1  36
5  64 35 27 82 17
3  30 85 91
1  27
2  75 96
5  48 10 72 62 85
6  1 7 48 40 71 91
4  84 27 37 48
4  63 29 77 13
4  62 4 72 88
2  47 84
1  95
6  80 56 78 68 57 84
1  96
4  6 57 39 32
6  86 93 56 15 70 69
5  31 72 44 19 5
6  2 14 84 96 93 40
5  61 96 57 77 92
1  83
3  50 15 42
3  8 98 50
5  66 22 8 38 27
3  56 29 40
2  49 79
6  10 75 53 87 67 65
5  15 84 56 50 91
4  100 68 19 22
5  56 87 2 99 42
2  54 81
4  3 60 50 12
3  3 98 2
5  67 16 82 51 71
2  42 24
2  10 42
4  85 98 39 87
6  80 17 49 61 71 51
2  21 63
4  23 61 57 90
2  72 71
5  43 2 19 67 33
2  8 85
1  5
2  100 1
1  17
3  64 87 1
6  7 63 40 30 23 97
2  50 69
6  28 12 93 46 78 26
5  86 10 87 91 32
6  91 35 3 40 98 90
3  82 96 3
2  26 25
2  46 75
6  37 2 98 29 48 76
4  22 61 64 9
4  96 95 41 30
6  80 28 86 20 10 82
2  32 8
3  50 53 22
3  89 23 34
2  71 10
5  92 70 35 100 20
2  95 61
4  91 41 88 76
4  98 57 82 29
4  28 78 17 49
1  6
5  48 23 42 57 95
3  27 30 34
3  60 28 6
2  19 46
1  94
1  4
4  87 33 15 11
2  63 24
3  35 72 60
5  29 54 10 55 84
3  1 43 72
1  63
6  52 70 84 58 74 35
3  6 50 58
1  81
2  40 18
4  11 77 31 40
2  41 95
1  85
6  57 56 1 19 46 53
6  30 10 61 64 54 66
1  11
5  94 32 21 11 86
2  88 17
5  19 57 65 32 42
4  88 98 60 6
3  12 94 73
2  54 37
5  19 50 86 100 44
1  20
4  3 51 42 20
2  60 76
6  92 18 45 80 15 4
6  58 16 78 30 37 32
4  12 50 16 97
3  60 14 69
1  16
2  56 35
3  15 11 26
1  28
5  86 43 74 71 100
6  48 30 26 80 96 37
2  12 33
5  71 46 48 85 62
5  40 97 8 55 7
2  61 35
1  46
5  76 16 77 65 64
1  90
3  2 27 72
1  60
4  84 6 98 68
4  65 7 63 73
4  70 6 21 4
1  66
5  84 82 57 48 45
4  38 87 63 65
4  76 24 9 59
2  7 26
6  72 32 58 45 93 28
3  13 31 57
5  11 40 60 68 88
1  29
2  91 92
6  50 67 14 59 26 43
4  51 38 83 96
5  75 24 31 88 54
6  66 65 28 26 32 15
2  61 41
2  53 31
5  20 45 29 87 95
6  25 32 79 21 14 54
3  44 42 98
2  8 63
4  33 95 73 63
4  14 83 8 44
4  27 89 82 72
5  76 68 1 8 47
2  21 100
4  65 41 63 96
3  25 54 81
2  26 43
5  40 26 82 84 78
1  72
4  80 47 36 48
3  43 94 68
4  94 33 29 35
6  24 83 20 77 64 38
1  6
1  42
2  93 25
1  1
6  69 81 43 4 29 89
3  23 57 11
1  89
3  52 84 62
3  3 39 97
3  41 3 53
5  34 46 7 43 3
1  27
3  15 56 34
4  78 90 72 95
5  11 46 63 73 79
4  11 76 6 52
5  58 34 13 3 40
4  49 43 66 76
6  80 31 21 42 9 11
1  3
6  24 49 52 96 27 17
1  3
2  58 82
5  91 94 83 31 48
2  73 14
1  60
6  38 80 35 47 90 48
3  79 71 98
2  66 25
3  72 27 68
2  9 48
2  2 30
3  50 61 22
4  68 82 56 6
4  90 52 51 37
1  29
1  98
4  73 22 5 44
3  72 57 19
6  59 49 40 8 10 62
5  77 43 26 83 4
1  34
4  52 35 83 59
2  41 31
4  45 74 3 17
3  60 35 36
2  84 76
2  93 38
6  69 81 21 51 84 36
6  38 87 19 20 46 51
4  76 5 50 7
2  95 66
4  31 84 39 7
1  31
3  4 100 24
2  51 8
4  36 45 46 54
4  91 5 25 66
1  30
1  16
3  10 81 6
3  65 44 47
5  75 91 76 74 15
6  25 22 58 60 67 3
1  32
6  18 56 59 26 85 74
3  35 84 22
3  25 86 83
5  59 57 62 34 31
5  32 55 97 89 14
4  92 27 95 84
3  51 43 70
3  17 11 70
6  33 9 24 19 92 95
5  49 56 10 79 31
3  33 28 30
3  92 21 73
6  5 17 37 47 86 72
4  97 41 63 29
3  87 47 41
5  24 89 38 33 68
5  74 1 96 4 47
6  25 20 74 30 37 10
5  23 82 40 19 22
1  48
5  89 95 12 71 18
1  8
3  68 76 24
5  72 28 15 59 52
3  32 82 71
3  58 93 23
6  12 45 100 59 16 88
4  28 59 70 66
2  95 42
3  63 13 70
5  72 22 12 4 3
5  45 61 75 68 58
6  12 57 45 27 98 54
1  68
5  68 87 77 9 30
3  22 100 17
6  22 28 96 24 11 41
6  85 8 42 72 19 98
1  46
3  15 100 44
5  81 12 69 57 20
6  96 42 98 13 34 19
3  30 43 50
5  27 35 77 68 7
6  66 23 41 7 37 40
4  19 21 62 87
5  82 85 74 23 86
4  1 25 86 43
5  55 69 10 31 37
1  26
1  39
4  9 76 7 59
6  28 21 80 5 2 65
5  25 46 63 81 47
6  66 89 63 21 58 73
4  95 89 77 97
2  44 5
1  50
4  96 77 84 76
5  86 41 59 10 22
6  33 9 55 21 72 75
5  44 26 73 33 3
5  60 46 74 62 96
3  58 73 21
3  54 6 74
1  15
4  33 5 92 42
4  13 14 34 91
4  60 64 89 63
2  49 8
1  11
1  43
5  76 64 2 29 69
5  41 84 36 73 88
2  15 47
3  28 81 31
6  41 94 74 3 26 22
1  31
2  15 74
6  90 37 2 18 5 78
4  89 14 31 77
3  46 24 81
5  5 12 58 45 6
2  48 31
4  59 62 85 73
3  85 63 71
6  81 76 64 39 65 78
5  41 18 15 65 99
6  69 11 46 14 16 77
4  46 29 21 8
1  93
3  98 55 12
6  35 88 48 74 52 25
3  93 43 57
4  42 45 26 52
6  40 68 67 1 13 96
2  21 9
1  62
1  69
5  90 4 61 37 77
1  62
2  5 76
4  46 21 87 98
1  26
4  77 27 78 72
3  98 81 61
4  86 29 33 76
2  94 13
1  6
5  26 11 79 1 72
2  22 59
2  32 84
6  9 10 65 81 57 62
4  17 21 47 46
4  22 77 48 34
6  53 8 10 64 86 11
3  11 32 93
2  63 77
2  72 87
5  52 44 45 12 61
4  59 6 19 80
5  66 14 19 21 75
5  7 85 17 10 49
5  87 68 51 73 3
1  95
1  76
4  73 82 79 52
4  45 65 28 63
6  3 46 93 88 62 9
1  72
4  84 58 26 34
2  76 36
3  70 50 23
2  22 4
1  74
4  52 39 94 14
2  97 60
1  84
2  25 87
6  83 70 51 8 4 82
5  40 28 53 90 51
5  12 54 89 85 20
3  24 14 54
3  10 13 64
6  34 88 80 27 71 50
5  79 54 59 62 93
6  15 82 36 96 94 90
6  78 9 24 1 23 48
2  90 11
2  24 99
1  50
5  53 27 49 7 85
1  99
5  24 81 7 20 74
6  4 52 5 28 53 27
1  1
4  95 12 82 18
1  86
5  80 38 94 28 45
5  38 43 48 62 24
4  81 98 50 85
3  54 12 2
5  16 2 38 10 13
2  28 23
1  94
1  43
6  30 87 65 67 13 28
4  67 9 51 16
6  100 70 4 2 50 19
1  88
2  16 7
4  39 12 50 41
4  37 71 41 2
3  70 14 65
2  80 73
5  96 65 74 68 75
1  87
5  2 16 94 9 71
2  20 21
5  74 58 43 14 59
5  84 73 44 7 52
1  80
3  81 54 13
3  29 27 36
1  29
4  100 38 22 33
4  42 5 31 99
3  44 58 27
2  30 71
2  82 87
1  29
5  67 41 16 95 68
4  1 97 2 34
2  33 91
4  38 22 63 86
4  20 12 92 50
5  25 31 69 38 59
3  4 100 52
6  68 3 99 64 4 100
6  26 32 88 90 70 9
4  55 74 73 67
4  22 49 91 52
2  28 11
4  32 10 6 30
5  8 28 41 12 27
3  37 59 26
2  28 34
5  82 8 52 49 74
5  97 64 25 15 92
3  69 23 45
5  52 22 82 80 62
6  7 99 29 65 24 56
6  58 35 75 66 86 23
3  58 20 2
5  35 93 17 3 16
4  76 68 82 57
3  44 50 54
3  78 19 66
2  11 24
5  86 89 53 9 27
1  29
2  93 63
2  9 65
3  70 41 4
4  98 51 95 47
1  37
2  23 3
4  34 27 25 19
1  77
2  42 87
4  71 79 18 92
6  83 29 58 23 33 10
2  83 4
4  88 41 90 10
3  47 43 70
5  62 85 48 90 27
3  45 98 13
4  89 1 45 18
4  67 50 68 86
2  72 52
2  13 42
2  56 88
5  25 59 34 10 6
2  36 40
5  33 53 30 22 54
5  40 12 89 80 26
2  51 78
3  63 19 70
2  7 41
3  65 75 53
5  97 89 11 64 22
4  93 43 17 66
5  28 6 71 7 32
6  58 10 32 20 28 2
3  35 42 81
6  16 33 70 13 21 80
5  42 43 69 85 59
3  67 87 40
3  94 72 29
4  81 61 71 9
4  9 43 4 89
3  20 22 12
2  42 92
1  84
3  77 69 94
1  36
5  51 73 74 23 2
2  3 63
6  12 24 3 55 28 92
6  48 13 8 80 55 99
6  39 33 64 8 27 74
3  6 25 16
5  47 17 4 50 79
6  62 3 1 16 31 93
1  78
1  19
4  61 18 45 100
4  8 7 77 82
3  83 7 65
4  53 81 65 3
4  63 64 79 93
4  90 70 62 8
2  22 26
5  21 76 79 28 52
4  77 34 67 41
6  19 21 60 81 22 85
3  85 63 35
3  52 5 2
4  32 24 86 3
3  61 81 72
1  41
3  46 8 88
3  26 9 1
3  89 23 31
2  7 94
4  48 46 71 49
1  2
5  91 4 17 51 85
6  63 26 36 9 33 23
3  59 32 51
1  21
5  37 52 79 30 18
2  76 88
5  81 90 48 71 94
4  22 79 52 84
1  87
6  37 10 43 95 42 93
1  62
4  37 14 44 67
2  70 42
2  46 22
1  93
6  3 57 14 81 9 98
6  95 90 21 5 33 16
3  25 17 8
6  53 22 33 20 3 61
5  48 82 81 41 74
5  98 87 64 6 84
3  1 74 69
1  6
6  51 31 2 58 20 54
5  52 73 32 55 34
1  2
1  84
3  89 67 39
5  30 45 60 78 34
3  50 39 32
6  70 33 58 89 87 37
3  60 68 95
6  71 96 8 54 38 97
2  77 72
3  21 32 28
4  65 75 15 4
1  14
5  39 72 61 26 8
1  85
5  95 78 45 91 85
6  29 81 19 5 53 69
2  84 96
6  49 71 6 52 77 20
2  15 91
6  41 98 86 25 73 81
1  18
5  87 16 100 68 35
1  20
1  31
1  99
2  53 69
2  4 46
3  29 60 38
1  100
3  99 25 8
5  27 26 52 13 42
4  80 76 56 100
5  86 4 77 7 56
3  34 60 90
5  88 50 18 1 54
6  75 62 80 1 87 31
1  28
5  93 3 37 92 81
2  96 58
2  51 3
4  11 93 43 98
3  61 99 92
1  99
4  76 78 67 62
1  80
6  90 72 93 26 64 74
3  59 31 76
1  33
3  20 25 81
2  67 42
1  59
4  15 25 31 92
6  93 1 70 83 90 42
5  16 5 49 63 79
3  72 12 76
6  36 57 8 3 98 24
4  53 38 85 84
2  76 30
3  59 20 87
2  35 91
5  98 53 60 36 25
5  12 15 7 68 23
1  66
3  70 18 83
4  2 12 30 78
3  75 36 61
4  69 95 52 50
6  5 10 28 29 81 39
3  87 7 65
6  72 11 66 90 93 20
6  5 50 69 46 25 4
1  86
5  1 37 22 93 41
2  21 69
1  60
1  97
4  77 93 38 87
4  27 80 78 18
6  28 86 29 52 90 35
3  61 36 74
5  29 15 12 49 84
2  8 95
2  73 72
1  10
4  70 37 38 48
4  21 76 40 50
2  29 85
4  90 20 39 72
3  53 84 96
3  6 3 32
2  76 3
3  86 61 6
2  99 54
5  19 30 16 69 57
3  53 21 34
5  60 5 19 13 88
1  49
6  18 80 94 83 54 79
3  60 1 41
1  77
4  43 92 29 99
3  81 20 69
4  79 74 71 91
4  86 40 54 3
2  72 97
1  25
5  44 85 76 98 52
3  40 43 73
3  79 54 58
3  6 36 20
5  27 81 62 67 35
4  86 6 61 87
2  36 31
1  11
1  12
4  61 52 6 33
6  84 87 47 31 92 83
4  68 9 32 30
5  66 95 61 72 56
3  2 92 78
1  3
6  28 65 53 79 71 86
5  54 72 14 85 64
6  35 31 5 67 61 81
2  56 41
1  11
6  5 2 65 21 58 49
5  11 28 39 96 95
6  68 9 78 31 5 13
4  10 79 23 90
1  78
2  13 89
2  18 90
5  38 95 41 86 63
4  13 2 47 8
6  14 17 72 45 22 85
1  31
4  29 20 73 6
3  85 94 68
1  84
3  40 78 90
2  41 39
3  87 47 37
1  63
1  45
6  93 51 15 56 80 35
2  85 13
5  52 15 63 2 54
3  92 79 81
2  17 23
2  63 60
2  26 69
4  10 62 15 25
2  94 59
3  79 44 57
4  96 71 20 97
2  60 89
1  40
2  21 63
3  84 23 58
1  92
2  19 53
3  43 70 30
1  15
1  46
5  66 41 42 85 38
4  45 26 70 85
3  90 47 85
5  70 43 82 61 65
6  14 1 43 84 31 45
6  39 90 69 5 30 10
6  68 76 34 93 46 18
3  35 65 25
1  34
5  89 95 31 9 32
6  62 76 90 100 66 58
1  96
5  93 63 44 27 56
6  44 95 23 8 19 30
3  86 19 36
1  8
3  48 39 37
1  15
2  8 80
5  12 75 51 5 38
6  31 94 82 75 88 5
5  7 35 24 92 54
4  8 61 4 55
6  40 63 13 66 71 93
3  82 68 100
6  5 93 17 98 75 92
6  80 74 92 15 97 83
5  57 91 28 60 46
2  100 8
3  66 79 31
1  60
6  13 47 3 6 63 1
5  55 86 60 28 78
5  25 61 42 81 51
5  40 96 95 4 34
1  82
4  19 42 63 32
6  66 38 51 67 18 5
4  78 33 29 52
4  90 94 37 40
4  77 36 57 16
3  91 21 56
3  63 19 71
3  84 8 1
3  26 6 2
1  38
2  56 94
2  49 30
4  11 7 95 68
2  34 59
3  55 14 83
2  32 53
4  16 61 67 66
6  72 68 91 10 98 46
1  18
6  33 78 5 40 73 72
4  7 31 5 61
3  87 78 75
3  44 91 1
1  56
6  83 23 78 92 21 24
6  38 18 28 16 22 67
6  94 28 24 33 54 68
2  31 43
4  75 33 59 86
6  47 68 11 24 60 31
3  55 69 64
5  85 86 48 72 80
5  65 3 8 19 70
2  50 12
6  24 45 44 10 33 90
5  43 14 37 74 60
6  43 24 72 27 10 20
6  89 96 63 92 3 81
4  30 73 15 54
2  58 63
3  48 40 93
4  76 66 21 9
3  38 35 54
4  33 42 53 96
2  56 76
6  86 6 67 100 60 84
4  22 34 4 62
2  65 37
6  85 3 100 29 41 35
5  98 68 24 51 63
4  7 39 50 92
3  17 91 3
1  48
2  34 52
6  59 16 22 51 1 25
3  30 65 85
1  63
4  35 14 15 91
2  53 40
1  96
4  3 99 57 50
2  90 2
1  49
2  31 99
2  55 49
3  20 33 58
5  84 93 97 98 83
1  51
2  28 47
5  30 45 36 80 68
2  82 77
5  99 7 73 16 62
2  63 82
4  21 64 37 13
4  35 96 76 86
2  4 32
6  34 77 33 13 44 58
6  20 31 93 27 4 8
6  24 71 69 77 92 33
1  5
6  49 100 68 35 18 72
4  15 5 42 47
2  86 4
1  6
3  3 32 38
1  20
4  82 88 39 74
2  53 78
1  2
5  80 36 96 51 1
1  56
3  57 73 28
4  84 34 95 86
4  33 97 85 94
5  73 33 52 93 85
2  5 86
1  85
2  2 36
2  12 91
4  69 63 92 29
3  25 24 32
6  56 29 75 50 8 47
5  60 40 67 89 45
4  96 29 74 98
4  95 10 55 59
5  18 50 6 63 74
2  95 64
6  24 38 34 31 84 16
6  24 83 78 68 35 74
6  8 71 60 3 80 15
4  57 32 10 63
6  84 92 89 47 76 12
6  10 43 68 26 32 92
1  10
4  43 83 55 51
4  15 54 33 29
1  89
4  24 52 55 7
3  44 54 18
4  37 28 98 5
4  30 96 61 39
4  4 21 9 54
5  23 7 6 52 21
6  12 44 46 67 51 88
1  4
1  66
3  33 63 45
6  92 41 46 30 95 49
4  4 3 25 26
1  30
5  29 24 89 73 70
4  23 57 65 26
4  30 66 95 93
1  80
6  52 26 14 46 74 65
3  76 89 75
6  19 52 14 43 41 86
1  96
1  69
4  35 30 91 100
2  83 11
1  67
4  30 81 8 3
3  56 79 34
2  64 52
5  77 94 24 63 6
2  72 74
5  6 4 71 28 53
1  32
2  77 61
6  85 64 45 41 43 78
5  6 30 54 83 24
5  45 30 97 16 3
5  22 6 46 27 34
6  42 66 18 19 27 3
6  62 43 33 40 14 38
5  67 20 94 44 65
2  41 81
2  17 2
2  62 28
4  61 70 30 79
6  56 96 92 46 58 35
5  98 48 16 67 15
3  60 59 100
5  99 80 7 15 82
3  77 10 1
3  79 31 16
5  87 11 59 33 69
6  11 66 40 26 32 55
4  92 13 61 73
1  41
5  27 22 16 3 31
1  40
1  47
4  77 34 66 35
4  34 28 76 99
5  2 30 22 63 21
3  23 94 47
4  73 85 89 75
1  5
1  25
4  69 1 85 35
3  51 68 63
2  66 30
2  96 52
6  17 87 13 11 33 76
5  6 60 71 81 75
5  95 99 27 64 100
1  98
3  62 66 98
6  32 28 15 27 80 5
3  66 18 54
6  93 37 5 53 8 85
2  84 79
2  10 42
2  21 40
4  83 5 57 70
3  84 85 63
4  89 6 29 7
4  28 99 97 32
4  5 17 79 88
6  4 98 37 29 19 77
6  1 81 45 70 17 29
4  79 92 44 85
2  50 45
3  49 42 80
6  46 96 78 34 91 82
2  28 10
3  4 97 50
6  41 20 100 70 74 79
4  17 64 81 66
1  29
1  49
1  14
6  5 91 28 95 72 59
2  82 8
2  78 57
1  19
5  9 88 50 49 66
4  29 32 58 46
1  67
4  2 71 51 29
4  23 88 4 95
1  82
4  22 1 28 31
6  77 19 37 43 69 66
5  27 23 21 34 90
5  35 60 30 64 26
4  51 13 56 46
2  38 97
3  38 24 79
2  1 97
4  43 65 28 18
6  50 38 25 40 17 59
6  47 22 24 99 72 37
4  18 63 91 14
1  29
3  89 54 38
6  16 81 50 43 98 42
6  35 66 32 52 25 31
6  46 55 96 18 91 50
3  54 41 49
4  69 86 53 23
2  38 4
6  81 2 29 73 37 95
1  88
2  35 86
4  89 82 83 80
2  18 33
5  67 97 41 52 49
4  76 86 1 80
5  81 2 54 17 96
4  5 15 92 91
5  80 72 62 59 3
5  92 75 46 88 16
6  37 79 73 22 52 95
4  33 97 14 50
6  71 55 7 62 45 86
3  16 48 100
2  28 91
6  73 79 9 71 15 87
3  37 66 95
2  26 28
2  39 77
2  9 31
2  70 76
1  11
6  60 11 10 87 2 3
4  80 11 30 95
6  73 31 63 68 62 88
6  90 26 72 9 35 3
3  5 78 47
1  69
1  26
5  92 27 80 51 6
6  81 100 87 53 31 49
2  93 36
1  82
4  87 90 96 89
2  100 67
5  15 35 76 40 12
5  66 92 18 72 82
6  72 68 51 2 17 71
6  53 85 76 14 72 66
1  60
6  10 26 61 24 36 64
5  3 30 64 21 1
3  19 73 13
5  75 30 39 69 82
2  44 96
6  9 5 55 99 15 81
4  38 41 95 2
1  98
2  78 18
2  23 37
1  35
1  79
4  44 47 46 67
6  41 62 99 46 16 97
4  97 56 98 38
3  99 51 47
2  28 65
4  50 1 65 85
1  43
3  49 90 94
1  79
3  77 80 93
5  40 89 29 38 26
5  36 76 25 66 4
6  26 53 90 91 37 95
3  85 43 23
5  58 2 14 34 79
6  26 53 33 15 81 70
3  59 6 17
6  71 20 73 97 72 62
6  9 56 21 94 98 44
5  55 45 85 89 24
5  15 76 11 30 57
5  70 15 86 99 56
1  71
4  76 32 40 85
6  60 78 86 4 49 41
3  34 29 72
1  44
3  23 73 3
1  42
2  88 28
1  44
2  87 96
1  19
3  92 6 95
5  92 99 18 32 47
4  61 18 63 4
4  85 77 67 87
2  85 75
3  100 19 77
6  14 85 5 49 76 10
3  45 1 42
4  33 88 13 93
1  76
6  70 60 73 37 47 92
2  22 37
2  40 14
1  54
6  11 3 74 21 47 18
2  89 79
4  77 92 46 82
4  42 51 27 15
6  74 6 8 95 42 28
3  56 34 89
4  45 91 26 65
3  44 86 25
2  39 1
1  84
5  80 26 34 7 40
2  81 46
2  76 88
4  10 43 90 98
6  34 89 22 98 26 65
5  51 87 22 52 100
1  34
5  31 67 87 71 88
4  16 42 4 71
4  46 61 50 42
6  38 63 92 28 76 14
1  97
4  14 2 99 94
2  66 81
1  53
3  18 68 89
2  39 40
4  99 89 8 93
2  71 85
6  98 61 3 12 57 67
2  58 65
2  90 30
6  91 83 47 9 50 35
2  89 75
6  88 63 4 81 90 74
4  79 72 26 81
5  82 48 9 40 12
2  29 42
2  19 24
5  28 74 8 57 62
5  52 49 45 56 29
3  30 95 13
1  20
6  84 1 40 93 41 52
2  69 94
3  88 17 20
1  90
2  71 52
1  23
6  53 78 29 87 7 23
6  8 43 92 44 32 84
5  84 4 52 77 50
3  93 70 54
5  96 24 34 5 47
2  58 25
4  44 32 85 43
3  28 35 30
5  67 14 54 50 17
1  27
4  44 19 35 97
1  31
2  35 36
5  69 93 92 30 37
2  15 80
4  42 14 91 13
5  5 66 30 21 71
4  87 15 75 22
1  76
4  32 11 88 99
5  80 90 9 16 13
2  95 74
4  9 65 78 89
5  44 18 89 15 74
5  29 48 96 40 24
3  72 35 70
1  15
4  22 30 72 45
2  46 11
2  10 88
2  79 32
3  67 46 12
3  74 60 38
1  83
6  85 18 21 54 30 35
1  52
4  86 97 90 31
1  22
3  95 43 19
2  81 86
5  92 27 45 51 65
4  34 50 43 51
5  97 81 5 10 33
5  95 29 59 26 36
5  66 31 23 85 56
1  70
2  95 97
5  46 61 30 80 11
5  30 81 68 11 86
5  43 55 72 14 98
1  94
4  38 16 48 94
2  18 21
1  14
6  59 75 22 38 85 93
5  66 60 78 51 37
2  6 9
6  20 7 100 13 70 38
2  17 31
3  35 52 60
3  44 18 23
4  56 7 57 23
5  17 1 23 54 21
2  63 14
3  69 14 60
3  51 89 55
5  36 89 33 95 37
5  13 59 40 69 66
6  91 38 13 61 67 12
6  29 25 37 97 38 96
3  89 85 90
5  20 79 3 15 28
5  19 96 40 15 86
5  28 77 37 94 88
2  22 13
4  19 50 58 53
3  42 9 62
2  11 76
3  89 4 8
1  99
3  22 85 24
3  61 42 48
6  63 61 49 81 10 6
3  49 48 75
4  10 95 67 85
2  56 89
3  63 87 85
6  71 8 33 32 69 74
5  55 37 40 3 18
3  9 52 98
4  27 54 66 21
2  51 50
5  39 87 40 25 71
2  96 79
4  27 48 30 6
1  67
3  6 85 94
1  36
6  70 62 45 35 83 66
6  32 42 24 19 81 48
6  4 44 68 60 70 16
6  76 18 56 20 23 41
1  36
5  5 6 37 49 41
2  14 26
4  56 50 70 36
6  60 40 41 28 100 11
3  89 86 60
3  6 82 85
2  18 61
2  24 97
5  64 17 86 90 68
3  39 37 77
3  96 17 77
2  17 87
4  5 72 25 50
5  7 34 96 24 95
2  48 91
6  12 8 76 1 75 17
3  12 94 76
1  11
4  30 27 39 96
2  10 20
5  87 26 15 83 50
1  1
6  100 91 8 7 67 9
5  84 49 92 77 25
6  87 76 29 14 15 24
3  24 44 25
1  70
3  94 19 47
6  16 46 85 24 53 52
2  33 35
5  25 12 5 23 99
5  52 12 95 76 56
2  19 80
2  88 18
2  7 65
1  23
1  1
3  62 52 78
6  87 59 19 98 63 42
6  43 93 8 38 69 63
4  87 42 85 74
4  7 81 24 23
1  34
2  48 96
5  26 90 62 84 9
4  47 50 56 89
3  63 27 11
2  82 98
5  67 72 27 74 52
3  97 55 83
2  3 78
6  28 68 58 12 76 17
4  26 73 47 69
3  73 80 61
4  77 28 21 48
4  95 100 4 91
4  87 10 56 65
1  84
2  63 95
1  80
4  34 52 99 2
6  71 81 48 26 58 76
3  6 30 40
1  33
2  59 19
3  14 83 46
6  15 8 92 22 87 44
4  39 42 57 26
1  38
5  38 95 49 84 100
5  23 5 11 54 63
2  94 77
1  39
5  27 46 65 49 33
1  4
5  50 60 97 62 70
6  92 18 82 96 5 97
1  58
4  36 51 48 90
1  75
3  74 24 69
5  27 39 32 87 36
6  84 5 92 75 23 73
4  18 78 63 24
3  22 60 87
4  7 76 66 82
1  40
1  80
2  31 19
4  18 54 45 1
4  36 75 80 9
3  98 87 4
2  22 25
5  9 82 87 84 48
5  96 87 73 75 8
1  93
4  21 46 5 4
3  96 84 50
3  81 36 41
1  58
4  81 66 48 68
3  95 36 45
5  8 19 90 12 50
2  58 54
4  62 95 49 45
3  86 25 79
2  26 36
6  6 2 38 74 51 33
1  96
1  17
1  3
2  26 53
4  84 6 13 45
1  61
6  44 46 13 23 72 38
4  63 44 60 1
2  11 33
2  6 47
3  20 49 71
3  1 31 30
1  43
5  7 3 62 51 49
5  73 20 13 32 83
4  91 83 74 2
1  100
1  61
3  27 10 13
5  11 43 2 18 86
5  25 89 37 75 12
3  57 24 79
3  81 70 21
4  72 36 54 78
6  96 5 6 8 78 17
4  79 34 36 54
4  24 91 33 61
1  81
2  27 60
4  7 30 77 61
1  12
1  79
1  10
5  14 17 61 30 68
3  64 4 93
2  27 84
4  88 86 35 5
1  94
4  18 23 37 79
2  48 92
1  56
1  85
5  18 45 99 86 84
4  89 76 84 15
4  38 2 45 72
1  56
4  66 74 88 2
4  12 50 44 13
1  45
6  75 63 42 74 48 25
3  36 1 20
4  60 57 53 5
2  59 61
6  25 34 81 27 86 92
5  29 5 82 74 2
4  36 43 31 83
5  67 19 69 86 29
3  22 34 71
5  94 64 4 27 44
2  13 36
1  42
3  88 15 42
3  51 85 76
2  53 42
4  22 28 21 51
5  42 84 41 22 77
1  26
1  48
4  16 84 62 57
2  50 72
4  94 22 51 69
4  4 11 7 25
3  27 75 9
5  58 49 90 35 52
1  38
6  70 54 83 31 10 6
5  82 71 74 3 22
3  58 25 54
4  49 92 90 24
6  58 82 48 16 99 62
4  98 31 7 80
4  17 86 42 98
4  16 1 78 59
4  2 12 21 51
1  11
5  2 69 56 49 16
5  48 77 25 46 8
2  26 70
3  11 12 45
5  27 45 85 2 47
6  23 97 99 33 71 100
1  26
3  16 97 96
6  21 42 100 51 67 69
6  78 80 42 45 7 87
6  92 88 36 10 32 86
3  3 85 43
2  33 59
2  29 51
3  70 50 95
3  19 92 15
6  34 59 5 20 48 96
1  84
5  18 16 69 60 53
1  45
6  60 68 14 10 12 84
4  6 21 78 98
3  77 32 94
5  52 42 78 59 26
4  76 41 29 36
4  81 38 2 67
6  70 81 8 82 65 67
6  85 45 86 20 21 17
1  3
5  56 80 27 81 40
1  21
5  38 78 49 75 80
1  72
3  95 79 31
4  46 19 44 91
1  64
1  21
5  14 88 33 93 15
1  32
1  34
6  54 12 48 29 92 62
1  41
4  80 72 16 25
6  59 16 94 23 27 14
6  40 2 33 16 46 65
2  79 64
6  91 11 15 82 73 16
2  29 95
6  44 20 84 3 35 78
2  62 91
2  2 93
4  34 9 2 98
3  81 61 27
5  72 42 52 44 57
5  72 51 68 16 71
4  18 6 28 43
5  19 68 69 11 25
1  20
2  100 60
1  61
6  77 32 28 76 84 2
3  35 69 63
1  20
5  11 48 24 77 67
6  45 78 15 47 97 41
3  56 47 8
3  23 40 69
4  15 53 52 62
6  21 24 92 40 4 2
6  27 79 54 18 24 31
2  71 27
5  18 82 19 25 24
3  64 92 78
3  43 40 31
4  63 22 3 67
2  90 94
1  43
1  27
5  43 98 99 16 15
5  34 39 4 76 3
6  67 81 40 10 20 70
5  83 92 75 49 16
4  42 18 7 53
3  80 96 42
5  11 56 59 45 94
4  20 97 59 87
5  98 96 97 68 79
4  43 28 74 7
5  92 14 22 36 93
2  77 72
2  32 30
5  26 93 22 52 79
6  49 74 95 16 42 75
6  1 48 92 70 39 5
6  75 98 9 51 69 37
5  99 10 8 92 2
2  43 80
2  92 54
2  8 96
6  82 80 97 30 71 66
5  76 58 43 73 66
6  42 3 75 40 12 82
2  13 12
5  93 40 65 46 62
5  42 58 54 21 83
6  20 51 67 77 93 40
3  85 81 45
4  21 57 42 52
5  53 25 61 92 90
1  54
4  49 12 15 70
4  97 61 86 48
2  63 40
4  5 25 48 50
6  68 6 26 19 75 78
3  36 70 33
3  24 95 91
3  9 60 1
1  20
6  53 48 49 93 14 54
2  61 3
1  29
1  26
3  83 4 91
2  74 23
4  98 18 51 33
2  11 34
2  30 20
6  78 68 91 21 94 52
2  95 81
2  21 28
1  25
2  33 98
3  94 95 58
3  28 84 54
4  16 84 80 100
4  48 78 52 68
5  4 92 66 85 24
6  12 38 10 29 71 8
5  64 3 28 8 30
1  62
6  27 46 70 7 17 4
4  85 74 63 76
3  47 99 26
4  37 36 88 8
3  57 72 45
6  80 75 95 41 65 21
6  35 47 93 52 50 36
2  14 12
4  60 11 88 19
3  24 6 55
4  62 27 11 46
1  85
3  47 49 60
2  83 6
2  34 56
5  70 79 90 82 42
3  92 30 68
3  53 73 94
2  35 21
2  80 26
1  19
5  62 79 5 45 85
2  79 40
1  49
2  97 30
4  47 22 89 15
4  41 88 54 59
2  75 87
1  100
6  20 72 61 98 77 6
5  8 84 22 14 32
3  11 62 98
4  83 87 71 43
2  58 97
6  80 71 72 81 100 43
2  98 20
3  80 27 20
1  40
4  40 51 12 38
1  95
2  78 37
3  35 33 14
1  6
6  74 77 94 16 8 92
3  43 72 61
4  72 1 13 12
4  25 49 58 20
5  35 56 22 70 89
4  84 92 63 78
4  39 72 81 46
4  16 89 35 77
4  7 78 64 18
2  89 67
6  8 38 21 63 60 91
4  17 74 43 79
4  9 18 23 90
4  86 5 52 20
5  2 27 60 66 44
6  54 10 74 61 48 95
2  8 85
5  24 58 18 2 9
2  19 32
1  82
2  20 34
3  1 36 63
4  1 7 48 54
1  22
1  64
1  39
5  100 14 94 58 31
6  66 57 15 97 71 96
1  90
2  51 91
4  14 51 65 20
6  19 37 21 34 100 36
5  71 35 85 64 93
1  59
4  72 74 55 42
5  69 32 99 19 23
4  33 74 27 53
5  46 89 93 80 88
2  51 58
4  36 22 55 52
5  13 23 54 67 65
2  36 96
2  54 19
5  87 92 10 39 65
4  27 57 35 15
6  86 73 47 22 94 2
5  74 15 95 28 82
4  50 17 56 71
5  74 54 57 66 64
6  30 19 22 86 54 36
5  39 8 17 60 2
2  32 76
2  27 3
1  86
4  31 41 24 1
1  77
4  80 40 53 9
4  74 95 11 10
4  50 17 82 9
2  1 41
6  33 68 96 47 53 49
5  94 72 79 8 48
3  88 87 97
3  62 91 56
5  56 5 88 38 14
1  38
4  99 71 22 94
2  75 43
6  69 14 73 76 61 9
4  48 97 60 93
4  51 48 29 6
4  16 44 66 21
5  21 20 51 42 14
5  17 56 62 85 69
3  61 30 44
2  77 40
5  69 97 34 17 25
3  69 41 83
3  62 63 55
5  13 97 94 81 49
3  98 17 77
4  47 20 82 23
4  65 92 56 98
1  81
3  77 22 19
1  83
5  66 63 95 56 75
5  4 17 72 21 94
2  67 14
1  90
5  75 82 29 73 90
1  10
4  31 29 78 13
1  43
5  4 5 31 78 80
3  95 52 55
6  81 22 2 92 12 74
4  93 3 39 82
1  49
3  42 77 25
4  86 68 29 90
5  59 68 52 93 62
1  48
3  84 69 51
5  80 25 42 72 27
5  54 38 30 1 80
1  25
2  92 93
4  81 65 20 48
1  13
1  20
4  59 4 29 9
5  9 33 21 81 59
1  34
6  31 35 76 36 59 9
2  51 70
1  16
6  56 32 2 65 51 62
2  54 90
2  32 99
4  53 79 24 54
1  21
6  47 96 20 5 48 56
5  56 71 64 11 2
4  76 53 27 99
1  16
2  38 14
6  90 93 19 43 5 39
2  51 35
3  56 39 94
1  12
3  83 76 60
6  40 36 37 66 34 42
5  65 80 96 60 69
6  79 12 93 17 39 44
4  86 99 90 79
1  2
2  92 77
6  77 17 23 13 83 56
4  65 21 34 61
5  3 49 58 14 41
5  53 84 27 38 83
1  17
6  18 44 85 95 32 61
1  54
5  94 10 28 58 30
4  18 9 64 67
5  78 8 42 30 91
5  67 74 84 83 66
1  27
3  96 58 11
1  12
5  100 21 11 58 50
5  76 59 35 42 26
1  49
5  41 40 35 8 14
2  91 79
2  18 29
1  76
3  23 87 22
2  7 32
5  56 4 14 38 98
3  49 47 6
6  87 41 98 100 60 88
5  80 5 7 96 81
3  19 67 41
5  99 21 29 2 77
3  40 75 82
6  21 87 78 7 28 75
1  87
4  85 67 68 91
4  48 37 81 14
1  22
6  2 42 15 4 19 57
3  93 39 32
1  25
1  21
4  84 27 40 46
1  6
1  2
5  61 38 49 75 41
5  61 43 13 76 47
2  33 90
2  71 21
3  96 30 57
3  14 84 87
4  94 93 73 96
4  34 11 8 74
5  69 17 93 44 64
2  77 53
3  48 74 83
3  4 40 91
2  23 78
5  17 71 50 12 32
5  45 42 91 19 22
4  36 14 3 99
3  79 52 83
2  25 66
5  29 6 60 46 28
3  23 45 7
5  57 38 55 1 79
3  20 1 3
4  14 6 54 51
6  5 33 11 30 99 79
4  4 39 32 75
2  76 82
6  32 19 53 33 98 97
4  98 100 8 12
1  61
4  89 65 96 99
6  94 77 52 97 15 56
2  90 82
1  71
5  36 90 32 68 87
2  20 85
2  27 97
2  88 59
2  52 54
2  46 47
6  98 44 9 54 72 99
3  76 69 15
1  59
3  79 46 74
6  30 1 26 27 32 13
6  51 65 39 68 11 86
4  9 30 71 62
1  70
6  77 39 12 87 97 58
4  42 32 64 72
2  89 98
4  1 83 14 65
2  82 76
1  44
5  36 14 45 37 83
3  14 21 54
6  18 11 65 59 43 28
2  74 17
2  38 17
1  52
5  31 33 57 37 77
3  73 90 85
1  73
2  23 94
5  23 11 92 88 70
2  15 100
1  32
2  45 48
3  96 30 67
2  86 4
1  26
5  96 11 86 68 38
1  62
2  31 73
1  18
3  42 33 49
4  68 94 12 4
6  41 70 18 26 73 24
4  49 19 62 34
6  99 42 48 17 73 21
2  90 63
4  23 4 15 86
5  8 98 74 97 38
3  15 64 16
3  15 64 56
5  98 42 76 40 90
6  12 10 16 2 72 82
2  75 97
1  46
1  7
2  1 45
4  16 8 78 54
2  42 9
6  39 51 74 79 40 65
6  50 81 92 21 62 16
6  59 26 41 62 33 60
4  77 22 78 84
6  32 6 41 40 4 80
6  78 58 31 42 48 80
2  40 1
6  56 96 43 81 37 4
1  96
4  89 18 45 73
2  76 78
4  16 82 37 6
4  95 37 100 42
1  22
5  16 7 37 12 49
2  48 53
2  44 19
2  61 63
6  78 39 69 35 54 50
5  60 8 66 96 7
1  30
6  27 36 25 39 84 42
6  36 72 29 55 91 90
2  81 67
4  50 1 9 99
5  69 6 37 64 14
3  75 43 33
1  78
4  41 62 99 26
6  71 54 52 61 44 69
3  10 25 91
1  34
6  82 2 96 19 66 9
4  41 52 95 43
2  52 83
6  51 8 88 21 62 39
5  5 8 24 15 32
1  25
4  4 6 67 99
2  32 8
6  72 59 81 14 88 32
6  78 82 4 66 3 5
6  70 12 8 84 44 22
1  8
2  14 74
2  38 6
2  25 77
6  5 90 77 37 86 54
2  89 19
2  54 23
1  24
3  13 8 78
3  16 86 59
2  60 82
5  65 13 92 42 2
6  32 78 33 17 51 6
3  72 60 73
5  84 8 89 92 86
2  7 72
5  36 32 64 4 96
5  95 38 77 92 69
4  24 86 75 91
3  47 51 9
2  34 16
1  25
1  35
2  73 17
5  4 80 71 100 55
4  37 32 57 5
6  81 91 71 56 6 3
2  14 26
4  30 38 90 31
5  21 3 89 6 68
4  6 22 25 42
4  82 47 39 62
3  10 18 15
2  49 29
3  14 58 83
1  88
4  24 91 43 12
6  10 71 2 32 95 44
6  76 90 24 38 27 33
4  44 48 75 93
5  20 6 35 3 9
2  57 33
1  100
3  9 10 15
1  41
1  54
2  85 44
3  23 70 83
5  14 31 53 6 7
5  12 41 75 21 63
2  53 76
2  97 85
3  11 95 80
2  48 6
1  91
4  27 61 38 5
5  68 57 80 75 29
6  16 3 11 78 34 64
4  63 60 38 2
5  32 82 90 80 87
6  71 42 21 32 80 26
1  47
5  84 22 11 75 37
1  86
1  47
3  68 10 8
1  11
5  37 93 68 17 79
4  87 21 83 19
6  8 23 47 90 7 69
6  81 5 13 66 19 59
1  87
5  22 91 79 100 28
5  68 44 51 30 31
5  12 49 71 20 72
2  9 78
6  9 59 91 21 25 10
5  39 96 48 61 87
2  61 14
6  28 57 49 88 19 69
3  90 89 7
1  97
6  93 6 43 83 27 68
6  7 88 54 67 74 81
2  87 79
4  44 27 12 31
3  81 67 35
5  74 42 66 58 35
5  1 17 98 69 9
1  75
6  58 42 69 38 56 17
2  99 43
3  30 89 16
6  23 85 70 65 51 28
6  22 29 16 19 97 25
2  71 21
5  13 90 17 81 45
2  4 44
5  40 74 64 55 70
6  40 39 51 91 66 50
1  95
4  30 91 90 52
4  10 31 74 100
3  55 44 79
4  88 54 97 61
2  52 30
1  92
5  54 82 35 3 94
2  68 24
2  57 75
5  67 5 55 66 51
1  10
2  67 98
6  63 58 1 15 88 4
1  56
4  88 90 60 82
2  27 5
3  84 79 17
4  84 71 17 35
5  26 64 45 23 48
1  81
3  23 68 52
2  24 8
1  13
5  98 31 95 2 67
5  81 84 29 64 54
3  98 33 71
4  78 94 10 86
5  57 8 42 9 36
4  17 53 78 84
3  8 78 52
5  56 32 57 84 96
1  29
6  44 99 56 21 92 65
1  65
2  14 7
2  50 71
3  2 48 30
4  56 7 4 30
4  35 87 47 31
6  75 24 41 73 79 61
4  43 67 29 64
5  36 94 30 6 39
2  54 68
5  9 75 86 38 21
2  84 52
2  58 75
4  30 54 23 94
6  89 23 61 70 58 54
6  64 93 30 18 61 13
2  35 99
4  72 20 88 56
5  9 13 46 70 43
6  93 36 95 82 59 55
4  17 8 49 80
1  79
6  61 92 23 96 90 87
5  10 75 23 80 84
3  25 54 77
2  46 13
2  27 72
5  78 88 81 26 68
5  5 65 41 97 88
3  86 75 3
6  50 26 75 33 60 100
6  37 23 33 49 40 59
2  13 36
1  93
4  76 73 67 41
1  63
2  49 3
4  44 52 77 19
6  37 18 71 73 40 3
2  80 62
3  92 98 50
6  60 26 57 66 69 89
6  18 38 97 70 81 48
3  100 33 82
1  3
4  57 6 75 36
5  17 28 66 67 11
2  92 68
4  58 37 40 51
4  77 47 23 58
6  69 57 27 50 73 30
1  30
3  79 66 3
6  93 69 62 4 53 71
3  10 7 83
4  61 59 7 83
1  2
4  72 28 1 45
4  5 75 93 84
3  96 79 32
4  40 35 57 92
1  100
1  12
5  62 72 41 69 55
4  71 6 28 98
1  73
4  11 47 48 94
6  44 73 18 7 12 52
4  4 58 63 5
5  45 67 41 85 36
6  41 6 100 68 4 59
2  87 7
1  73
3  83 90 57
6  42 21 98 99 83 3
5  27 69 8 12 5
1  52
1  2
2  14 8
4  72 25 46 79
3  19 29 18
1  86
1  50
1  9
3  88 11 15
1  80
2  27 84
2  78 94
2  97 7
2  56 79
4  2 57 93 20
6  10 28 70 21 77 76
2  25 64
3  40 79 19
4  5 3 86 83
6  12 79 2 45 35 80
1  36
3  94 56 21
1  83
6  24 60 66 53 84 29
6  23 7 11 85 12 13
5  94 9 82 73 10
2  7 90
2  43 26
2  98 46
2  81 37
3  41 3 1
2  32 93
3  38 4 31
3  17 1 43
2  82 15
3  8 22 24
3  64 49 58
4  95 83 43 32
2  83 34
2  6 65
2  53 3
2  84 52
3  84 95 69
4  9 2 74 30
2  9 94
5  67 55 69 49 98
6  79 80 33 11 86 97
3  38 100 63
2  51 7
1  45
5  71 54 77 44 84
1  53
5  76 20 32 44 68
2  43 46
1  75
4  95 72 91 33
5  54 21 60 58 66
3  29 20 11
5  3 12 26 80 88
3  11 31 12
3  73 58 49
3  14 43 19
1  75
6  59 28 10 18 86 76
4  15 95 63 87
6  75 12 76 62 57 87
6  68 27 65 25 75 12
3  18 30 44
6  18 2 20 28 19 5
1  71
2  97 34
1  94
1  18
5  70 74 56 62 41
5  26 66 57 37 4
5  67 47 65 85 49
6  12 67 89 14 38 9
1  72
1  4
5  31 73 49 4 28
1  45
1  36
1  66
5  14 39 61 4 23
1  88
3  76 77 48
1  85
4  85 98 63 65
2  35 13
2  63 23
5  72 58 87 37 30
1  76
5  62 79 91 71 66
2  47 42
5  60 26 31 45 24
6  10 52 27 22 84 90
3  60 61 3
3  98 33 48
5  1 9 52 91 80
1  16
2  58 88
6  84 18 31 7 10 40
4  37 61 41 26
1  1
6  8 48 84 40 95 57
3  4 8 32
5  25 47 8 83 34
6  66 51 24 72 61 63
2  97 23
5  23 29 72 9 36
2  93 76
1  49
1  18
4  47 100 81 94
1  63
2  1 28
5  24 100 38 87 30
3  10 100 57
3  71 65 73
6  58 49 3 7 65 20
4  12 20 44 5
2  6 31
2  34 8
4  34 45 39 63
5  48 62 36 85 33
6  58 22 6 25 64 71
3  26 82 64
5  86 92 75 17 20
1  24
5  42 69 10 4 48
4  65 83 41 98
5  99 19 40 5 43
1  75
6  29 56 51 98 41 42
5  57 62 80 81 33
2  50 42
2  97 98
6  80 39 86 62 37 5
1  41
3  4 16 34
2  71 85
2  12 27
1  69
6  81 49 21 1 99 62
2  95 60
1  74
6  99 36 3 37 77 50
3  92 84 74
4  68 3 73 95
1  41
5  84 90 3 85 88
4  9 83 24 22
4  22 20 92 58
2  29 34
5  70 25 55 43 87
2  45 60
2  49 100
6  33 90 2 17 77 66
2  60 90
3  16 12 67
1  69
6  36 3 59 6 28 13
3  14 35 93
5  52 41 73 51 74
4  53 91 39 19
1  99
1  63
1  19
2  21 88
1  57
6  75 63 18 87 10 31
2  3 4
5  43 77 24 17 39
5  7 78 94 22 76
1  85
6  21 13 10 9 29 67
6  3 29 16 90 39 46
1  41
3  85 84 26
1  100
4  85 6 42 78
2  17 80
1  6
6  25 15 8 53 82 6
4  11 21 46 49
5  58 89 17 42 73
3  50 72 6
3  78 48 12
1  64
6  18 69 91 42 84 99
6  65 5 51 76 26 96
2  93 53
1  9
6  85 51 44 57 78 35
1  90
3  67 81 57
3  72 98 19
5  93 84 75 43 59
1  39
5  94 92 95 2 86
5  53 30 37 10 7
5  13 97 10 80 77
4  15 48 64 34
2  57 18
6  99 77 94 37 59 87
2  54 89
1  34
3  43 70 51
3  41 63 46
3  43 23 16
4  71 79 92 88
3  9 81 34
6  74 71 44 61 99 98
3  12 32 91
4  1 41 5 4
4  91 46 73 6
1  43
6  95 31 20 4 11 54
6  85 24 33 46 23 30
6  35 62 85 89 26 94
1  29
3  94 75 17
6  78 59 84 73 90 4
5  100 57 65 85 81
6  31 3 27 25 38 88
1  27
3  36 20 53
4  64 46 39 80
3  17 38 28
6  27 32 65 88 29 12
5  25 43 72 52 68
