100 5000
192000
280000
374500
232500
408500
289500
272000
436500
249500
196500
326000
14000
171500
174000
127500
309500
366000
133500
438000
248000
469500
226500
53000
491000
235500
157500
326500
451500
427000
319500
134500
119500
99500
9000
352000
8500
298500
124500
445500
48500
321000
271500
62500
493000
446000
190500
303000
312000
324000
241500
60000
293500
468000
113500
285000
204000
271000
111500
155500
198500
431000
290500
318000
31000
299500
170500
40000
98500
295000
485500
147500
116500
257500
210000
109500
203500
400500
413000
16000
225000
154500
76500
19000
123000
190500
304000
327500
461500
416000
483500
160500
347500
274000
478500
378500
73500
149500
419000
172500
444500
5  65 13 33 7 35
5  87 17 77 32 48
6  36 73 30 97 39 23
5  35 55 49 90 51
2  5 81
1  39
5  90 3 82 22 10
1  96
6  33 72 27 81 64 62
4  94 59 91 16
3  26 71 87
1  21
1  20
1  20
4  70 9 62 52
2  71 67
2  66 100
6  93 80 61 55 33 13
2  70 50
3  41 37 65
4  47 85 62 66
3  32 75 5
5  5 75 50 31 41
3  28 33 30
6  88 63 42 100 86 12
3  36 52 86
1  13
2  85 75
6  28 6 73 32 89 78
1  39
1  46
6  35 79 18 23 66 80
4  66 76 16 1
2  1 41
3  86 15 32
1  21
1  44
1  82
3  48 90 95
3  24 74 53
3  39 32 10
1  98
6  20 98 13 21 99 54
4  84 68 86 96
6  91 39 98 73 88 46
4  83 81 85 56
3  31 95 66
3  99 63 27
2  60 40
3  59 93 42
4  78 37 49 69
5  46 41 64 91 2
3  72 87 2
1  18
6  71 58 95 33 85 12
6  24 51 16 43 92 76
2  29 24
6  5 70 29 68 60 31
1  32
1  15
3  34 10 6
6  4 39 76 16 31 100
4  82 15 9 74
6  29 2 14 18 6 84
3  73 43 77
6  74 93 1 10 27 16
2  14 54
6  30 85 94 96 66 9
1  39
6  33 41 13 51 46 96
6  19 39 73 5 12 66
1  22
6  15 38 11 29 91 6
4  76 99 54 42
1  58
5  6 91 21 19 41
4  14 38 86 52
1  90
4  75 95 86 67
1  23
5  38 14 83 95 89
5  49 31 89 6 11
6  97 32 13 38 98 27
5  84 79 74 43 59
5  28 26 77 50 3
1  64
6  9 53 66 57 83 55
4  93 49 59 25
4  97 23 88 71
1  66
4  79 8 14 47
3  39 23 85
3  36 49 26
3  1 92 83
3  63 76 95
2  100 56
2  23 43
6  28 8 44 7 16 57
4  50 96 75 35
3  11 83 63
4  83 54 55 66
6  18 41 95 40 50 58
4  93 47 91 1
6  97 16 47 50 66 43
2  100 79
3  83 41 89
4  95 44 31 61
5  89 100 12 39 58
5  31 4 66 94 63
3  40 12 83
3  11 61 70
6  2 59 58 96 88 91
4  59 79 63 71
2  20 46
3  23 12 79
1  74
2  56 86
3  38 22 47
6  92 40 100 50 98 96
4  86 14 45 65
5  16 82 96 62 29
2  73 8
3  47 33 90
2  69 27
4  16 26 44 56
2  94 53
2  45 39
1  59
5  71 35 99 52 30
4  81 48 32 89
5  79 21 70 11 89
6  63 4 22 7 60 47
1  12
4  46 51 73 4
2  43 38
2  95 68
6  76 15 24 64 96 2
6  65 12 73 62 75 77
5  82 36 30 48 96
2  98 69
2  31 12
5  63 6 36 54 82
3  77 45 78
2  10 90
1  71
4  77 54 45 12
5  27 59 79 54 57
3  84 88 58
4  50 64 87 4
3  37 80 90
5  58 17 90 47 61
1  94
1  55
1  96
5  64 74 35 21 18
1  79
5  58 42 56 61 87
6  41 76 73 99 93 62
3  10 23 56
1  36
1  8
2  92 72
1  27
6  27 44 100 5 13 57
3  69 18 33
4  59 9 32 57
1  94
1  11
1  58
1  52
5  21 83 60 92 89
6  83 15 30 82 20 43
3  66 11 56
6  70 14 7 2 71 95
5  18 10 30 62 99
3  45 59 42
2  45 25
3  74 6 67
1  45
2  26 100
2  96 14
3  97 84 43
6  56 61 1 86 90 63
6  40 7 43 82 87 6
6  60 12 54 76 56 85
1  56
1  98
5  51 94 53 85 9
4  86 94 44 48
5  84 55 21 65 94
1  70
5  67 82 34 43 37
2  45 92
2  42 60
5  35 12 77 20 31
1  14
5  54 93 57 8 13
2  1 20
6  81 86 73 14 29 9
2  73 1
4  14 61 48 49
5  25 69 92 55 74
1  29
2  99 86
3  11 8 36
2  99 17
1  71
2  44 80
4  17 80 27 30
3  75 79 12
6  47 4 54 21 10 83
3  8 68 83
2  75 19
3  73 35 64
3  66 8 23
2  24 3
4  54 42 28 32
4  27 78 56 81
6  66 63 45 73 31 28
6  5 46 38 78 80 2
2  46 9
3  73 32 46
2  86 88
4  17 40 81 94
6  61 92 24 37 34 54
4  24 58 9 62
3  89 63 58
3  72 1 6
1  47
2  89 35
6  5 75 67 99 70 27
6  31 51 26 65 4 89
6  62 98 50 86 12 55
2  84 56
2  87 2
4  75 37 43 79
1  9
5  81 36 67 12 86
6  76 89 81 64 51 79
1  48
4  25 2 84 8
4  9 94 59 66
5  95 9 47 5 17
2  86 53
6  97 38 82 72 27 63
3  77 41 48
2  5 72
2  88 80
5  97 74 40 63 42
3  71 89 40
6  13 25 40 2 22 77
5  94 4 46 29 81
6  76 5 90 48 30 78
2  12 75
1  52
3  43 86 8
2  25 95
3  50 34 45
5  11 28 65 14 74
6  94 59 69 99 49 17
2  27 44
3  2 45 90
3  87 76 46
2  1 40
4  50 74 4 21
6  32 85 98 5 77 92
4  46 90 12 62
2  39 5
4  40 49 45 77
3  20 23 53
2  62 12
5  35 15 90 19 47
5  16 51 52 7 14
6  96 25 58 13 63 68
1  12
1  79
3  33 1 99
4  63 10 22 98
2  12 16
5  87 32 22 38 35
3  34 60 92
3  23 54 13
2  65 26
1  11
4  4 10 11 67
2  33 64
3  45 80 15
2  11 36
5  49 70 3 82 30
6  27 52 48 40 76 12
4  79 23 83 32
2  49 51
4  13 95 10 93
1  41
1  45
1  52
1  11
2  44 4
4  95 51 99 71
4  64 50 86 87
2  18 20
5  69 86 94 63 95
6  72 35 89 16 44 40
2  54 73
5  58 32 69 9 30
3  72 94 89
4  81 20 75 100
1  43
6  94 6 80 77 15 68
6  58 8 24 12 80 97
5  11 66 78 41 5
3  35 94 7
1  14
5  15 14 23 100 7
2  80 86
1  95
4  98 52 62 21
4  41 18 33 52
5  11 93 89 60 28
5  67 42 95 47 57
1  69
4  15 97 36 1
1  30
4  100 82 16 21
3  57 39 78
1  22
6  2 10 48 29 91 14
5  86 61 27 94 30
5  9 26 18 10 28
3  64 28 80
3  73 37 86
3  46 7 38
3  17 86 76
1  100
3  94 60 72
6  89 54 96 15 72 5
3  19 69 70
3  48 17 19
6  3 68 30 10 6 76
2  91 51
2  91 97
2  51 68
1  39
2  8 54
6  13 96 12 81 66 58
2  82 76
1  84
3  42 93 49
2  19 40
5  52 31 65 78 81
2  91 20
4  99 73 47 11
5  59 91 34 16 19
1  91
2  100 34
5  92 83 91 11 23
4  62 53 23 40
2  56 30
4  9 28 25 56
3  94 14 29
2  30 48
3  20 79 42
4  52 34 36 43
3  58 1 6
1  24
3  43 79 75
6  88 3 19 44 41 12
4  70 39 86 18
5  6 96 22 59 48
4  95 90 99 53
6  4 63 14 49 6 93
2  100 80
2  19 24
4  31 80 36 70
4  53 50 72 49
5  31 96 27 26 86
2  78 76
2  41 90
5  46 83 100 63 25
4  86 91 95 66
2  64 31
5  14 3 26 86 33
2  12 58
1  37
3  82 65 77
5  41 23 54 69 16
4  33 1 55 27
4  80 91 97 58
1  99
5  90 32 5 2 11
3  25 93 3
1  64
3  24 18 84
6  33 49 24 3 51 99
5  41 95 40 46 94
2  36 25
2  37 14
3  75 39 30
5  40 94 22 64 11
1  55
3  54 79 77
4  29 75 39 70
5  79 16 63 2 51
6  29 87 2 66 62 40
6  40 80 90 61 43 1
4  97 44 19 76
2  75 5
6  13 74 64 92 89 27
6  40 14 21 27 15 87
6  55 83 28 34 72 88
5  72 54 73 15 48
3  47 52 29
4  26 93 51 15
2  44 54
2  64 80
3  51 68 2
2  96 36
1  84
1  76
3  84 91 9
2  26 56
5  55 15 9 47 66
2  66 9
5  99 73 57 47 24
2  49 56
2  84 61
1  95
3  40 78 27
3  9 53 4
6  7 19 100 54 84 23
2  93 100
2  65 57
4  88 81 12 44
1  96
1  4
6  40 43 67 91 75 19
6  67 25 12 78 95 90
6  88 89 14 52 46 78
3  27 90 84
2  85 88
2  74 28
5  41 94 63 15 12
4  82 37 67 48
1  62
3  11 49 26
2  1 71
1  41
6  92 25 24 76 12 54
3  39 26 90
2  88 5
3  43 86 80
1  33
6  72 69 4 21 95 28
2  65 30
4  62 21 87 85
6  98 38 46 37 63 36
5  50 40 13 93 25
6  2 58 86 73 27 90
6  21 17 14 85 47 76
3  68 62 31
4  60 69 11 97
2  46 65
5  86 78 74 11 70
5  68 55 49 94 44
3  15 61 55
6  8 31 46 75 92 77
3  52 46 50
3  77 95 13
4  80 90 32 59
1  58
1  55
4  58 96 66 18
4  66 25 81 11
6  73 87 39 25 32 88
5  9 83 84 67 62
5  98 52 32 5 9
3  59 61 3
4  26 21 5 91
3  86 2 45
4  89 83 21 71
4  29 53 38 96
1  11
6  66 43 97 75 88 56
3  91 11 61
1  15
4  56 1 53 100
4  42 83 41 62
4  94 91 5 32
6  19 42 79 84 85 76
4  73 31 93 63
3  54 74 56
1  29
4  58 28 14 99
1  54
4  62 48 51 67
5  37 85 21 15 69
1  90
2  78 21
2  41 62
5  14 18 78 42 73
3  70 87 34
5  41 94 42 89 45
1  68
5  93 89 96 61 94
6  88 72 7 12 68 79
2  86 57
5  59 91 37 45 25
1  86
2  58 75
4  65 42 44 57
2  39 18
2  25 5
6  31 11 7 99 90 33
6  46 100 42 37 87 61
4  73 79 10 47
3  75 89 84
2  19 23
3  42 48 52
3  78 63 44
5  52 77 60 98 76
1  34
1  89
6  65 61 72 75 7 13
3  95 96 80
1  19
2  56 66
5  93 44 42 36 20
6  13 80 90 89 82 24
1  70
1  66
2  89 40
3  1 88 32
6  67 45 15 94 100 81
5  92 25 14 28 45
1  40
2  97 28
1  20
2  75 36
6  5 25 33 41 21 72
2  88 17
3  82 16 17
4  7 41 69 35
6  75 74 9 71 2 15
6  30 89 26 24 94 50
4  35 75 78 7
6  65 23 31 47 38 48
1  45
6  70 80 73 44 54 82
1  55
6  4 85 29 9 78 79
4  12 53 42 18
3  7 41 79
4  79 26 55 24
1  24
1  86
5  56 67 82 11 63
6  95 47 14 3 25 93
5  36 45 9 54 92
1  94
5  69 73 96 24 8
3  98 94 14
4  61 96 64 23
5  59 69 95 61 93
6  29 32 38 83 23 53
5  93 22 49 88 45
3  96 92 42
6  5 95 50 1 58 72
5  17 41 75 78 34
4  6 62 93 43
3  16 95 21
1  17
5  96 61 14 92 52
4  81 57 50 30
4  8 2 38 24
3  12 1 75
5  7 37 66 49 81
5  44 2 89 60 72
6  20 85 76 72 40 56
2  90 86
6  97 87 22 21 28 34
2  3 7
2  39 73
5  20 53 22 41 80
6  25 100 77 71 17 56
6  6 41 84 3 28 5
2  56 39
3  58 46 73
6  18 49 17 70 69 38
1  48
2  36 47
1  36
2  23 91
1  29
2  99 32
4  4 55 13 42
6  71 88 72 68 5 21
5  75 89 21 86 36
4  21 83 57 56
6  80 46 16 8 77 14
3  35 18 94
3  60 93 18
3  65 85 51
6  69 26 73 89 11 9
3  31 92 96
6  91 75 32 6 83 9
2  22 43
3  15 91 96
1  9
3  71 94 93
4  62 18 28 51
2  37 89
4  28 84 45 18
4  77 24 41 86
3  62 29 81
5  19 77 83 27 54
2  11 9
5  29 36 32 57 73
2  16 100
1  61
2  63 38
3  4 23 85
4  51 65 42 69
3  24 96 59
5  17 70 85 98 99
2  30 55
6  51 71 92 55 31 10
2  68 51
2  90 35
6  41 100 27 9 51 5
6  27 22 69 12 20 67
2  49 22
2  100 92
2  54 23
2  71 90
5  92 80 12 77 20
1  4
2  52 54
2  50 81
4  19 93 74 85
2  23 7
3  22 98 67
5  20 93 46 10 69
3  89 81 15
1  91
2  37 42
5  70 92 53 24 11
3  98 96 70
2  2 20
3  100 86 17
2  79 63
2  47 100
2  28 14
2  19 31
4  61 3 31 52
4  54 63 100 52
4  69 72 60 89
1  59
5  30 78 52 92 6
6  91 23 26 5 48 45
3  8 5 38
3  57 93 92
2  92 44
5  61 15 36 49 27
6  23 56 71 74 48 77
5  38 99 42 47 43
5  54 47 15 92 3
1  84
2  98 27
6  59 41 33 7 68 27
2  24 98
1  71
5  76 9 73 74 51
2  17 28
5  64 42 65 67 49
3  88 47 75
6  5 15 18 11 83 45
3  6 42 77
1  17
6  89 91 35 7 8 62
5  71 4 44 38 52
6  26 98 66 11 3 81
2  13 64
5  52 69 15 94 45
2  10 30
2  1 64
2  8 25
1  79
2  48 16
5  40 42 78 6 53
5  87 81 93 50 54
3  19 68 38
4  98 48 93 15
3  56 40 81
3  34 9 92
3  89 31 91
4  36 44 45 22
2  38 72
5  82 90 46 19 53
3  66 45 58
1  100
6  69 81 41 2 89 32
4  77 63 43 98
6  88 20 9 25 91 87
1  81
2  25 33
5  90 77 33 3 30
5  57 70 73 46 2
2  23 64
4  65 62 51 52
5  60 77 73 47 82
4  79 6 85 53
6  62 86 99 39 15 70
6  85 42 41 87 66 63
3  31 28 12
5  80 93 42 56 65
6  38 17 66 43 2 19
3  64 4 38
1  19
1  98
1  48
3  90 14 1
3  45 29 51
2  8 43
5  63 7 55 100 24
2  43 25
3  82 89 43
2  91 61
2  88 64
5  26 54 86 27 93
2  55 43
4  62 85 24 25
6  78 25 15 98 67 40
3  48 28 79
4  18 40 91 5
1  64
2  57 50
4  49 80 12 92
3  73 77 59
6  68 36 22 83 34 89
2  71 36
3  50 3 68
6  93 73 92 57 3 48
1  60
6  85 71 88 20 44 64
5  41 32 14 63 15
3  51 37 18
6  86 67 89 53 55 82
2  47 38
2  95 43
6  91 27 57 79 47 1
3  24 41 74
3  3 88 85
4  24 2 40 10
5  28 63 23 9 88
5  46 15 63 89 2
4  16 59 32 62
4  74 86 100 48
2  3 36
1  56
4  9 95 69 76
2  32 99
2  19 67
5  34 30 64 35 83
5  93 15 41 52 89
2  51 37
3  54 72 56
1  32
4  3 1 40 25
2  38 55
3  4 30 83
2  94 18
1  73
1  31
1  62
2  40 12
4  89 66 28 44
5  59 8 77 47 1
6  84 55 40 88 85 22
2  79 40
3  51 50 67
4  11 86 4 23
3  93 88 69
3  61 27 44
3  86 90 38
5  73 92 15 61 76
3  81 54 76
1  5
2  83 70
3  69 74 57
1  66
3  79 2 5
1  45
3  91 35 79
4  8 71 80 68
3  16 48 100
6  65 5 15 47 74 49
1  47
1  26
1  50
1  14
4  9 59 95 99
6  74 64 2 44 43 69
6  58 17 90 49 81 94
4  28 68 11 44
1  17
5  28 66 72 42 19
5  100 14 80 94 87
3  95 31 86
4  20 44 80 9
6  61 3 54 88 71 65
2  85 81
6  12 46 71 53 65 52
4  79 31 47 66
5  41 96 60 5 15
1  84
2  95 44
2  48 32
6  13 63 82 94 62 40
2  47 4
6  100 83 15 46 48 88
6  43 48 91 58 50 75
5  44 19 8 92 50
1  4
1  86
6  74 79 37 6 26 40
6  25 22 4 70 92 57
1  39
3  70 88 22
4  32 40 59 23
6  63 27 2 49 24 75
2  60 80
4  100 69 77 22
5  47 91 63 4 3
1  51
5  89 72 24 20 11
5  43 1 46 70 2
6  94 77 21 54 56 74
4  25 51 75 96
6  66 59 1 69 60 51
3  48 22 65
5  33 48 11 93 81
3  87 74 12
1  27
5  81 80 92 31 54
6  28 20 46 29 88 5
5  29 52 100 94 20
2  41 30
4  34 11 1 20
6  12 27 11 78 7 90
5  38 44 56 66 63
1  94
4  6 72 80 57
5  74 77 4 15 7
5  48 17 70 67 100
5  93 11 59 100 28
3  43 83 2
1  84
6  57 89 67 37 46 39
1  22
3  25 29 11
5  45 81 38 61 31
4  19 30 55 46
4  98 29 68 4
1  64
4  1 30 97 46
5  7 68 11 31 97
2  2 41
1  40
6  62 70 41 80 99 95
2  65 93
4  33 96 65 56
4  26 52 12 94
4  79 4 89 75
2  90 16
2  30 2
6  99 43 67 98 38 92
4  30 45 96 25
1  91
5  75 17 31 86 11
6  65 14 77 40 39 67
4  65 96 58 52
6  100 19 92 37 10 55
4  55 50 90 65
3  70 39 57
6  25 67 89 90 81 65
2  20 32
6  84 27 42 36 21 41
4  13 78 63 67
3  18 17 33
5  57 2 21 13 45
5  91 34 60 55 63
5  87 47 63 13 88
6  34 29 51 47 6 14
1  49
2  30 81
1  86
5  33 99 85 78 75
1  38
2  73 17
1  20
5  29 7 77 63 35
2  9 41
3  22 89 73
4  70 85 38 52
2  37 36
6  15 10 5 52 40 78
5  55 98 48 83 4
2  45 39
4  54 80 94 76
5  66 27 37 51 65
6  68 1 25 62 15 35
5  67 74 45 35 28
3  83 11 46
1  56
6  60 9 64 53 85 31
2  12 68
5  76 57 37 77 81
6  91 16 66 58 89 10
6  17 52 75 28 97 82
5  81 42 92 45 94
5  75 12 88 43 81
4  99 18 40 80
1  30
6  81 88 84 91 80 1
3  54 28 39
3  11 20 77
1  64
5  80 39 83 67 82
4  30 80 81 70
4  96 100 55 77
6  39 67 66 9 20 47
4  78 67 32 81
2  3 60
5  85 27 50 48 57
2  28 26
6  24 25 44 100 11 82
4  77 21 75 96
6  22 51 65 88 83 45
2  85 5
6  70 31 36 17 87 66
3  13 55 69
3  98 69 49
5  35 25 100 10 21
6  31 72 51 19 54 95
3  39 99 22
1  30
4  25 17 23 69
2  78 38
4  75 6 15 54
3  40 54 50
4  40 80 31 90
6  84 34 23 83 56 30
1  13
4  28 36 23 57
1  60
2  88 66
3  42 6 76
6  56 36 34 66 23 50
1  67
5  89 23 2 1 36
4  28 71 77 85
6  37 7 72 3 44 13
1  20
1  64
4  42 99 21 65
2  70 71
6  42 60 21 43 56 98
6  27 75 72 11 12 78
5  14 21 96 22 41
1  86
6  45 85 15 9 17 79
1  27
3  36 70 98
6  67 85 19 42 56 30
4  33 12 66 54
1  88
6  9 73 89 53 57 4
4  74 89 40 16
5  24 85 76 16 52
4  34 93 15 64
3  48 75 11
1  81
6  96 90 71 84 43 28
6  4 1 76 44 89 91
2  13 76
6  28 27 56 62 20 71
2  64 18
6  75 19 80 72 14 69
3  98 12 70
6  15 71 61 58 59 51
5  72 27 75 100 53
2  61 72
1  86
3  18 85 10
3  65 82 51
3  24 48 45
6  33 60 65 93 17 24
3  96 95 71
5  94 23 1 55 95
1  41
2  20 25
3  56 90 21
1  23
3  55 68 39
6  27 3 80 44 26 24
3  21 94 10
1  17
1  69
1  12
1  41
2  34 80
6  23 1 93 46 47 13
6  34 40 87 14 83 13
3  22 33 31
2  47 48
3  16 59 52
2  99 83
4  79 69 81 80
4  26 25 7 39
1  41
5  96 54 61 8 92
5  41 23 12 88 70
4  3 28 5 27
2  87 84
1  55
4  85 15 90 10
2  28 19
4  5 14 17 65
2  8 47
4  30 59 49 100
1  51
2  16 77
4  2 61 60 56
2  44 71
1  54
6  41 72 55 46 86 71
1  7
5  57 69 9 15 17
1  26
5  35 41 45 89 43
1  48
6  29 92 69 42 46 61
5  17 16 27 3 86
3  9 65 94
5  73 9 94 80 34
4  15 75 7 3
1  12
4  15 40 42 83
5  87 44 64 4 59
6  6 45 27 15 9 21
6  82 29 86 61 63 47
5  37 53 78 54 65
2  68 4
5  51 86 56 94 49
4  52 39 66 97
4  80 5 86 71
6  15 57 47 77 3 22
1  56
6  67 20 27 35 24 96
6  10 52 79 58 12 30
6  77 27 62 56 32 48
2  17 62
5  64 39 86 52 42
6  19 61 11 53 85 7
3  94 59 16
4  70 46 48 72
1  2
1  57
2  20 18
1  84
4  96 69 8 37
4  27 98 64 80
5  71 18 77 29 33
2  99 79
5  45 50 85 46 53
3  74 73 59
6  56 15 80 25 23 17
5  49 15 41 29 98
1  46
5  40 78 1 38 56
5  82 6 61 27 59
1  1
2  59 85
6  73 64 11 95 81 87
3  96 27 73
6  38 18 66 77 96 67
1  52
3  95 57 3
2  16 4
2  46 62
1  32
3  71 42 30
4  29 73 47 56
3  39 93 63
1  69
4  71 82 9 14
5  66 17 99 82 20
2  27 82
2  59 16
6  1 45 48 29 18 94
6  63 33 76 26 37 45
5  8 26 92 21 3
4  37 1 39 57
2  66 38
3  24 53 46
2  98 94
4  15 88 36 78
2  12 3
4  56 86 64 82
5  84 35 21 85 73
5  7 38 15 55 62
5  1 85 65 94 37
5  81 73 57 1 85
4  56 40 45 19
2  22 3
1  56
2  91 28
1  97
4  15 52 27 82
4  12 46 49 25
2  21 81
2  5 40
5  45 85 2 66 6
1  71
4  28 61 89 58
4  42 9 81 23
4  92 68 7 41
6  33 62 73 60 67 13
3  11 97 43
5  2 47 48 63 74
1  51
1  66
1  43
5  85 65 36 77 33
3  18 25 75
5  97 34 45 10 75
4  7 18 33 8
4  80 71 38 89
2  39 54
2  81 29
1  46
4  88 78 6 5
1  81
5  99 14 28 9 89
6  15 7 16 23 70 96
6  8 84 14 46 38 40
2  66 50
5  30 37 49 35 42
4  15 25 49 29
4  58 18 36 72
2  51 94
6  47 87 1 30 100 67
3  72 33 89
3  62 26 91
6  67 41 11 92 90 40
3  48 58 78
2  82 29
1  76
5  99 77 5 23 72
3  95 5 27
3  66 52 28
4  19 69 73 10
4  13 53 6 70
2  24 51
4  36 27 35 3
3  33 25 11
5  19 15 96 56 81
3  83 42 66
4  14 76 10 27
2  16 96
4  39 47 19 75
5  53 10 75 92 42
6  3 11 18 7 73 98
4  56 40 20 7
4  96 17 80 24
2  76 83
5  22 1 46 95 54
4  69 46 96 48
1  86
4  13 59 63 67
1  3
6  22 56 81 38 35 4
5  10 87 39 32 88
6  26 41 38 95 86 34
4  34 40 49 99
4  8 62 19 22
4  4 44 20 85
5  55 89 49 65 75
6  96 62 72 22 3 9
1  88
3  80 21 83
2  20 35
3  81 54 58
3  57 1 64
3  81 18 30
2  82 5
2  77 66
6  99 69 97 15 56 40
6  77 22 96 57 10 15
2  67 15
5  8 96 1 37 26
5  42 59 7 30 57
5  27 72 31 66 65
1  87
6  3 43 79 52 58 99
2  73 82
2  68 83
4  93 65 4 35
2  11 65
5  86 91 51 16 57
1  23
3  2 26 86
3  5 38 2
1  56
5  85 82 42 67 44
3  31 47 70
4  57 34 43 25
6  59 81 1 82 24 2
1  10
3  11 47 49
1  3
2  98 85
4  65 28 99 96
5  68 50 32 2 83
5  26 68 32 6 13
2  70 20
3  17 30 86
4  43 89 87 41
5  50 5 100 48 74
1  50
1  17
2  79 42
6  11 48 68 23 77 37
3  15 53 72
6  17 15 88 3 55 60
4  59 60 1 34
1  8
3  32 40 17
5  40 27 21 7 50
6  44 92 12 97 63 11
1  77
6  17 32 59 69 90 19
5  49 52 85 57 90
1  97
1  90
3  34 10 43
5  7 87 75 18 83
3  29 96 15
2  12 46
6  81 36 5 50 85 56
3  42 46 50
3  53 40 74
6  50 17 70 56 3 45
5  85 83 2 81 97
2  92 43
1  72
5  20 21 62 76 55
1  22
1  41
5  44 15 61 94 32
2  49 34
5  23 19 57 25 100
4  54 91 96 69
4  73 89 84 35
4  39 38 86 43
5  60 87 93 21 80
2  51 29
4  26 51 77 82
5  76 36 29 67 31
6  29 4 86 13 38 50
4  76 36 93 54
6  80 47 16 60 70 66
6  28 91 39 4 73 14
5  8 42 46 39 75
3  25 87 80
5  38 55 10 31 9
1  10
4  20 69 25 85
4  52 76 96 56
3  9 35 57
4  81 96 89 55
3  13 42 16
6  79 71 96 9 100 19
2  19 87
4  4 44 9 80
3  65 29 47
6  86 97 80 81 35 17
6  76 33 86 55 3 82
4  81 82 14 1
5  70 4 12 79 84
3  43 13 97
3  98 94 22
5  80 56 96 79 32
2  64 86
2  45 49
1  27
2  24 27
6  94 30 10 72 14 60
1  26
4  57 24 50 78
1  30
2  98 8
4  25 71 50 55
1  99
4  42 28 89 69
2  82 98
3  54 12 94
5  38 50 25 62 100
1  64
2  35 61
3  100 85 7
3  39 23 48
1  65
5  93 33 1 74 31
3  28 42 29
6  80 79 20 41 78 22
1  6
4  64 42 56 49
3  5 88 70
4  92 35 27 84
4  27 58 97 62
6  39 91 81 19 69 1
4  46 22 63 51
5  27 93 34 75 40
3  62 10 90
4  44 16 37 11
3  94 8 4
5  47 95 60 65 63
4  23 9 82 85
4  60 12 52 94
6  91 32 48 1 21 45
3  37 55 78
2  62 82
1  8
5  69 72 39 29 95
3  10 80 7
5  91 58 63 77 49
6  24 49 14 93 50 61
3  28 92 9
1  1
2  85 70
6  24 98 84 71 8 63
5  77 54 34 40 30
5  34 54 31 48 78
2  97 38
5  24 30 79 33 31
6  18 100 84 42 98 68
1  5
2  89 82
6  23 22 14 5 55 67
3  2 44 58
6  82 27 23 11 6 56
3  1 74 41
6  15 38 52 28 43 82
1  25
4  39 46 79 43
1  45
5  3 89 35 1 71
4  24 82 66 80
2  66 53
4  50 68 1 2
6  44 83 11 68 47 49
1  25
6  14 70 69 16 58 3
1  29
4  40 10 29 19
2  95 72
6  45 39 95 46 34 28
3  6 75 93
2  100 84
2  69 53
3  27 55 64
4  18 3 64 47
2  95 41
6  90 86 32 85 31 66
2  59 10
2  33 2
3  33 86 79
1  38
2  27 93
6  82 10 92 45 56 14
3  97 6 29
5  38 13 3 36 71
1  64
1  13
1  36
6  90 37 16 64 29 5
3  38 97 90
6  10 30 89 16 59 71
4  71 83 55 6
4  66 70 58 79
5  94 77 69 31 13
6  94 41 89 39 79 85
2  72 95
4  61 10 16 31
4  87 14 16 93
5  82 62 25 60 42
2  37 10
3  50 94 43
6  83 81 69 67 10 41
4  67 1 71 83
2  32 70
3  48 62 12
2  24 37
6  65 55 26 75 4 76
5  46 66 51 27 35
2  37 75
5  3 75 49 86 6
5  55 51 28 17 62
4  40 98 46 5
4  71 79 56 47
3  2 12 97
2  47 14
4  22 92 68 96
3  53 2 21
1  52
3  24 14 5
4  11 50 68 64
2  46 20
5  93 21 79 90 50
2  3 15
3  95 82 43
3  35 44 55
3  96 3 66
1  8
2  20 57
6  84 78 41 3 45 34
2  24 23
5  49 26 87 95 20
5  38 55 3 82 10
3  77 12 10
6  19 38 6 76 33 89
4  74 91 99 7
1  22
2  87 71
4  74 66 42 3
2  45 84
3  90 61 49
6  46 68 37 52 43 69
3  97 43 31
6  49 45 17 78 31 88
2  5 53
1  47
4  33 91 39 69
5  99 18 79 45 85
1  96
2  84 36
2  26 66
2  75 10
3  52 41 23
5  46 76 88 92 31
2  83 69
6  62 68 6 41 12 91
4  7 18 39 43
3  65 8 61
3  18 97 91
4  20 74 4 95
4  96 25 81 78
6  69 39 61 75 80 72
4  35 79 83 73
2  25 37
2  85 76
3  82 67 5
1  40
1  95
1  4
2  81 14
3  20 74 24
6  46 89 33 25 71 6
3  96 43 74
5  18 20 62 84 25
4  24 33 57 36
5  5 17 90 54 36
4  78 34 9 67
4  34 38 72 79
2  14 53
1  31
5  74 15 97 36 38
2  92 62
4  69 66 82 58
2  18 22
6  51 30 64 17 2 88
3  34 2 95
3  32 67 20
3  64 55 84
6  47 46 59 16 11 41
5  30 58 95 28 9
2  92 26
6  93 13 29 26 15 23
5  47 90 92 93 53
3  77 46 94
2  5 9
2  45 82
4  3 76 90 11
6  81 36 87 73 49 16
6  63 39 71 9 28 62
1  81
1  78
2  2 99
2  11 31
5  92 93 78 68 82
6  68 62 23 55 35 72
5  33 34 8 4 43
3  66 44 16
5  21 42 75 20 72
6  50 47 77 42 24 44
2  12 85
3  66 20 6
3  53 40 43
4  82 78 21 25
6  94 45 34 69 64 6
4  14 52 30 56
5  74 79 88 85 64
2  51 83
2  86 35
4  28 91 48 5
1  72
6  5 17 31 73 81 36
2  94 88
4  50 64 29 28
4  14 91 73 64
5  100 49 9 66 77
6  13 81 9 85 78 1
1  85
5  44 11 76 32 66
2  95 52
3  8 43 17
5  16 17 21 24 82
6  22 94 78 31 79 56
3  80 64 28
4  7 38 36 4
4  33 98 12 78
1  55
6  77 71 11 98 95 92
6  16 85 72 46 64 27
6  43 90 16 3 97 54
3  35 57 99
4  54 11 44 59
4  38 36 48 33
2  40 28
3  25 99 92
6  26 80 30 15 96 32
1  50
5  46 6 70 12 60
5  56 19 46 94 55
5  42 88 10 81 15
4  5 13 47 92
3  26 22 53
2  53 64
5  24 10 77 93 22
3  73 77 54
2  71 9
6  12 96 8 92 10 63
6  22 9 89 60 35 10
1  57
4  76 27 86 3
5  7 39 51 83 93
5  54 1 65 96 73
4  5 35 53 27
3  41 87 79
4  99 35 13 75
4  98 60 64 76
4  2 26 49 95
6  2 95 58 66 90 31
2  95 66
5  22 9 16 8 88
4  6 22 79 81
5  76 40 47 52 6
3  77 54 43
5  56 37 28 22 27
4  44 22 23 19
3  32 35 51
2  100 57
3  79 37 23
4  77 69 5 82
2  82 36
4  51 91 97 79
1  23
3  56 45 59
5  87 90 9 37 93
3  87 30 71
3  6 40 45
6  57 27 23 16 78 14
1  56
2  35 92
5  79 50 56 65 40
4  2 48 73 95
6  59 24 66 99 29 5
3  16 62 70
3  77 48 51
6  3 76 23 95 57 1
3  13 66 83
5  67 30 48 62 25
1  85
6  5 13 96 49 28 57
2  66 34
4  16 22 69 92
3  63 49 45
1  61
1  89
3  77 19 85
3  44 91 22
3  96 35 30
3  63 87 62
2  20 28
3  42 96 35
6  58 84 29 65 44 39
4  80 15 72 64
4  16 54 74 51
3  8 80 93
5  67 55 98 87 82
3  28 78 76
1  36
4  42 100 3 80
4  82 95 25 46
3  41 100 20
6  49 28 71 42 98 37
6  95 24 78 37 52 56
1  64
6  71 5 91 73 85 43
4  79 68 100 25
1  100
3  99 48 71
5  90 69 6 86 64
2  64 100
5  19 11 44 9 82
3  100 55 34
3  9 12 10
1  36
2  9 80
1  56
4  84 46 19 90
2  82 18
6  81 98 12 92 42 21
5  90 20 27 23 62
3  35 71 45
5  88 53 50 3 9
6  87 54 19 76 84 100
6  78 80 92 89 71 33
1  44
2  29 71
3  90 6 81
4  51 49 4 1
4  13 100 38 66
2  14 50
2  8 27
6  99 16 69 32 25 12
4  53 82 100 43
6  80 3 39 31 52 42
2  3 54
2  41 20
3  55 70 66
4  97 64 61 12
2  92 36
3  47 89 25
3  31 13 26
3  51 57 85
6  87 88 47 17 28 67
4  82 36 31 44
2  95 4
3  26 95 79
5  41 67 94 87 98
1  13
2  58 70
1  50
4  3 97 73 31
4  38 12 100 69
4  32 63 59 75
6  54 57 95 21 51 81
2  57 94
3  14 63 65
4  19 67 61 91
6  24 28 9 23 96 64
4  58 22 28 46
5  81 3 69 2 53
3  19 10 44
5  23 7 32 87 25
6  47 16 96 70 43 5
6  39 69 45 97 91 73
3  66 54 45
3  55 98 84
5  7 28 42 30 35
5  16 60 72 62 75
5  32 18 72 23 56
3  68 53 30
3  95 94 39
2  49 36
1  22
3  41 64 72
5  37 87 34 8 49
1  75
5  26 46 2 82 86
5  34 15 10 28 3
4  38 52 2 50
5  44 91 37 15 65
5  2 99 81 50 7
4  29 33 1 31
1  86
1  48
1  10
5  10 13 42 47 64
3  97 38 87
6  74 2 52 46 4 50
2  53 57
5  82 89 13 3 67
1  50
5  23 25 76 36 67
2  100 10
2  37 97
1  10
6  58 56 2 7 82 54
4  63 36 52 44
3  54 10 61
1  77
6  29 53 19 95 75 18
1  94
4  1 100 64 99
4  19 100 63 1
4  26 63 90 78
1  38
2  15 99
3  92 82 63
3  1 58 19
2  62 12
5  62 11 36 60 68
4  60 30 55 13
4  17 2 33 22
3  64 37 38
6  28 19 60 72 17 90
3  79 2 9
3  13 45 99
5  99 59 10 53 71
4  69 73 98 91
1  62
2  49 59
4  68 19 27 86
3  17 23 14
2  32 54
2  76 53
1  74
1  20
2  81 85
6  54 83 86 65 45 12
1  3
5  80 22 94 66 58
1  89
5  28 20 25 58 96
5  68 69 87 88 95
5  72 90 21 55 75
6  99 86 2 53 79 24
3  45 82 56
2  53 84
4  78 42 48 54
1  16
3  97 11 9
5  100 30 24 74 15
2  60 14
2  12 92
3  59 36 28
1  69
5  98 21 58 39 68
1  48
6  53 45 95 61 14 94
6  37 67 6 59 26 19
5  38 11 29 96 46
4  10 15 37 7
3  94 46 3
1  94
6  58 39 81 18 52 74
1  88
3  14 46 67
2  28 4
3  56 100 88
1  10
1  49
1  36
3  62 39 48
4  25 6 94 23
3  80 31 33
2  44 79
6  76 7 90 18 63 5
5  99 6 24 16 42
4  77 81 14 33
1  19
2  11 42
5  90 73 4 10 17
5  96 92 89 86 10
4  76 14 25 75
2  48 90
4  14 67 41 27
6  46 25 57 88 96 47
4  100 56 76 82
4  68 70 38 77
2  13 91
3  87 10 93
5  70 7 43 11 34
3  57 79 67
1  66
4  59 26 61 15
1  43
4  70 13 4 47
2  17 37
5  4 46 71 80 16
5  23 26 10 64 82
6  30 95 55 92 53 80
4  68 82 95 34
4  7 37 97 39
4  33 17 56 79
6  35 94 63 57 20 72
2  2 61
4  96 15 42 49
6  94 16 75 89 49 26
6  85 22 35 38 55 51
6  33 37 28 27 100 85
3  71 6 48
2  56 43
3  97 92 39
6  7 14 80 55 40 75
3  61 9 77
1  60
5  48 97 98 75 96
5  21 67 87 68 97
3  11 43 39
1  81
2  9 95
1  64
3  84 3 95
6  80 10 53 50 58 49
3  33 44 29
4  10 16 20 7
4  31 49 97 33
2  26 41
2  35 4
4  19 7 53 12
6  63 64 36 21 12 82
4  55 11 5 65
2  25 71
5  56 19 79 88 48
1  28
5  40 31 58 38 83
5  24 46 33 59 66
3  41 19 99
4  24 63 76 49
2  59 4
4  37 91 100 42
2  72 81
3  2 39 87
6  8 10 30 40 69 96
6  9 14 83 60 38 46
3  86 79 94
6  31 79 72 98 3 52
3  4 90 33
6  97 42 19 37 11 14
2  19 28
1  78
4  49 13 50 27
1  39
4  37 18 88 8
1  90
4  61 94 49 93
5  46 35 1 83 45
1  3
4  43 5 42 8
4  54 58 81 61
6  38 97 13 26 4 27
1  64
6  9 12 81 92 58 16
6  40 60 7 42 24 49
3  65 56 100
2  13 80
5  9 18 75 21 43
5  48 58 42 36 67
4  16 58 12 31
3  51 91 56
6  14 5 40 79 60 39
6  73 19 75 82 37 50
1  79
2  51 37
5  86 4 24 1 62
3  31 11 86
2  67 78
3  71 17 13
2  56 10
1  75
6  85 11 35 87 90 63
3  26 33 22
2  57 23
6  92 54 2 77 75 68
4  10 38 72 23
5  28 33 72 3 17
4  13 51 44 2
1  80
2  46 2
4  3 25 48 94
5  49 71 53 17 26
4  55 98 86 23
2  18 95
2  34 51
3  85 95 42
6  74 70 44 76 27 47
1  74
3  79 23 11
2  39 37
6  93 34 79 16 59 96
1  86
2  62 26
1  56
5  13 30 36 57 6
4  3 6 36 43
6  59 54 15 97 90 9
6  23 87 6 82 83 16
5  13 77 93 27 32
4  39 62 96 95
4  58 98 72 93
3  56 52 93
5  48 83 79 38 6
4  44 87 48 60
4  61 36 46 87
5  6 26 29 1 20
6  58 18 67 51 57 22
1  50
6  50 32 70 87 37 36
2  24 83
6  77 43 26 23 30 93
2  55 22
2  75 17
6  92 84 36 49 5 37
6  97 86 30 67 73 66
1  4
6  85 93 67 28 18 90
4  11 18 12 33
3  86 50 31
5  33 67 26 38 3
2  34 89
4  1 62 18 2
4  8 86 57 74
1  75
4  70 85 80 82
2  25 67
4  56 44 99 22
5  36 25 93 70 13
3  70 74 62
5  39 70 57 95 43
5  70 5 40 54 85
2  72 10
6  38 65 32 36 87 2
5  11 94 42 24 38
1  98
6  82 36 69 39 31 11
1  100
1  49
4  100 70 25 10
4  62 74 90 98
4  91 69 71 84
1  95
2  21 92
2  2 28
6  41 58 100 49 57 16
6  10 16 68 34 25 95
6  15 92 59 5 61 29
6  71 24 11 92 16 31
6  43 20 34 100 83 56
3  81 65 50
3  99 74 73
6  72 87 85 30 92 46
4  81 17 82 91
1  97
2  1 40
3  34 39 61
1  94
6  97 59 46 44 58 20
1  50
6  2 35 21 94 81 80
5  97 62 64 4 59
6  5 98 26 39 36 87
4  30 82 51 89
2  95 46
3  11 96 37
1  31
4  6 11 37 79
1  98
3  11 56 27
1  54
4  54 89 40 8
2  21 59
1  48
4  53 94 64 48
2  76 79
6  81 89 25 60 95 23
1  6
5  29 21 32 81 74
2  20 82
3  41 40 47
6  94 99 82 57 47 13
2  25 1
1  13
2  72 8
3  73 14 27
1  34
4  82 8 79 2
6  18 42 29 64 30 22
4  12 79 10 25
1  34
2  23 47
4  95 55 98 67
5  24 68 3 82 50
1  60
4  99 78 92 28
3  22 50 4
3  28 13 58
3  47 83 61
6  33 55 48 31 22 17
4  90 19 36 39
2  96 89
2  73 81
4  14 2 4 18
3  31 30 93
5  76 30 69 8 85
2  38 6
2  92 96
4  28 34 80 23
2  7 96
1  61
1  5
4  26 40 94 56
2  63 32
1  92
1  16
5  18 54 82 51 46
5  2 73 11 82 96
2  88 91
3  48 99 40
1  25
5  5 81 13 68 12
2  59 13
3  35 30 90
1  80
3  93 82 8
1  63
1  35
4  93 70 99 92
1  9
2  89 14
6  1 81 9 21 40 22
4  74 51 47 89
2  83 81
1  91
6  75 94 19 25 87 89
2  78 98
2  95 86
3  92 87 27
1  8
4  22 65 39 73
1  28
1  94
1  15
6  92 89 78 11 14 64
6  37 42 96 69 36 82
1  28
5  41 29 76 7 51
3  46 23 53
5  26 47 82 40 31
5  29 8 84 43 71
5  80 12 77 49 48
4  64 76 27 4
1  3
1  55
3  56 78 95
2  3 41
1  43
5  83 71 79 67 14
3  48 93 60
2  42 8
5  5 83 10 9 87
1  19
3  54 75 18
3  3 21 89
1  63
4  95 34 38 61
3  87 9 40
3  33 81 54
1  85
3  25 94 23
3  12 63 90
6  81 38 89 1 27 63
6  95 96 25 56 43 11
4  82 57 97 63
1  12
3  47 37 41
5  73 53 32 62 39
1  100
2  12 26
2  75 13
2  71 37
5  13 47 42 95 4
3  58 15 50
1  61
6  46 30 59 98 61 21
3  73 20 63
6  45 90 59 58 12 29
6  89 42 41 30 37 44
5  94 58 18 99 19
1  44
3  63 42 9
5  79 82 2 41 66
3  31 25 4
3  54 98 31
6  38 61 31 81 29 25
3  46 23 57
3  67 4 13
1  13
6  87 94 97 28 59 43
4  83 47 100 37
3  31 81 91
4  62 19 87 100
4  9 57 15 76
4  27 84 73 21
5  67 17 97 26 60
4  9 7 54 45
4  84 75 32 37
6  94 23 93 58 32 49
5  8 10 98 91 83
2  61 49
3  57 74 95
1  82
1  65
2  52 49
1  83
2  38 76
1  61
5  74 93 17 45 100
2  43 90
1  61
3  57 96 7
2  90 18
1  91
5  37 43 32 38 25
4  75 100 71 35
5  44 27 85 89 11
2  16 19
6  66 76 87 73 5 77
6  17 68 73 53 10 4
6  35 58 65 28 100 2
5  26 87 60 52 98
6  68 16 82 34 91 69
1  96
3  97 12 13
5  65 23 72 55 58
2  20 92
4  19 94 28 45
5  88 97 78 65 93
4  98 84 29 4
5  74 1 92 87 69
4  9 41 12 67
5  31 58 27 49 52
4  93 31 43 90
1  20
4  1 80 52 85
1  56
4  82 56 68 24
1  77
4  23 43 35 54
6  62 2 51 17 95 82
4  84 90 79 37
6  58 88 76 66 43 40
3  99 95 15
2  7 91
6  30 33 22 83 85 84
6  80 66 58 64 56 36
6  46 94 88 22 60 31
4  6 29 56 21
4  63 11 38 93
3  59 76 42
4  60 41 40 25
6  3 80 33 26 27 91
3  86 22 8
6  51 63 12 2 26 22
3  18 65 98
6  41 39 53 100 80 92
2  77 94
1  10
6  31 37 87 78 22 8
6  14 58 48 25 59 73
3  98 90 12
6  82 52 34 13 26 77
6  20 81 99 16 11 35
1  89
4  9 73 70 66
2  95 25
6  41 22 82 52 16 64
1  50
6  56 63 23 32 52 43
1  51
4  23 86 59 11
3  67 84 12
2  4 6
4  96 47 78 98
6  41 2 43 39 57 5
4  88 57 4 100
1  61
2  93 19
2  35 86
1  46
2  20 52
5  16 98 53 93 96
3  34 97 89
5  53 94 34 41 50
3  41 57 98
4  49 17 96 83
1  13
2  20 33
5  95 48 78 47 41
5  92 74 70 81 46
2  74 80
4  24 17 4 80
1  67
2  31 63
1  33
5  40 53 7 20 47
4  98 93 94 72
6  68 42 65 14 64 39
6  28 62 9 32 41 23
6  69 54 60 80 86 35
2  38 41
3  85 95 38
5  88 9 62 56 50
2  69 14
4  61 41 26 70
5  67 93 70 35 46
2  15 32
4  34 70 5 74
4  99 11 32 87
2  93 42
5  19 11 82 84 71
2  9 41
6  75 33 65 10 79 94
2  11 58
4  80 62 31 34
4  41 65 47 60
4  88 27 77 99
1  60
5  31 69 10 25 43
3  89 53 22
5  77 32 40 34 12
1  65
3  61 5 10
1  65
5  95 92 44 93 100
1  62
2  72 54
1  14
3  67 35 24
3  67 63 76
5  64 41 23 25 45
2  31 9
6  26 100 43 19 46 81
2  17 52
5  32 66 24 98 1
3  40 67 10
1  44
5  56 67 97 1 99
2  10 99
4  10 41 72 9
6  52 37 4 19 35 69
3  33 69 88
5  35 98 88 79 70
3  45 67 44
6  54 42 47 64 83 19
5  70 10 73 28 8
3  69 40 10
4  12 44 55 100
2  24 43
5  90 88 11 84 41
4  30 5 36 48
5  5 18 86 77 91
1  85
2  83 25
3  40 36 85
6  35 7 18 78 74 65
6  91 6 38 21 11 73
5  87 77 86 73 54
5  87 38 8 69 62
3  8 98 33
1  33
3  19 10 14
2  75 99
1  80
3  36 90 8
1  77
6  89 50 38 66 36 76
5  5 38 21 12 36
4  14 68 94 32
5  7 57 52 5 72
2  41 7
2  49 10
6  33 99 48 71 64 84
3  37 88 84
4  100 20 12 13
6  5 44 64 12 100 16
1  72
3  57 78 69
1  88
4  38 87 15 8
3  98 55 87
6  38 44 84 57 55 97
3  59 40 8
5  40 23 86 11 70
3  89 38 48
5  5 85 63 19 93
1  16
3  99 1 85
3  85 42 97
5  85 55 21 92 25
4  15 11 72 84
4  61 22 1 37
2  85 100
3  77 12 60
2  10 61
1  52
3  49 48 27
2  3 48
2  27 8
3  38 80 23
6  40 44 91 76 70 75
5  14 52 87 74 76
6  34 83 47 79 32 95
1  65
6  53 89 23 60 28 61
3  51 79 94
3  55 64 16
2  77 68
1  50
3  11 83 26
4  62 57 52 67
2  48 19
1  71
5  38 31 18 88 82
6  82 23 50 45 39 79
2  6 94
5  49 5 54 74 63
1  31
1  82
4  62 1 61 33
5  99 64 97 87 45
6  69 67 41 14 5 19
3  11 13 5
4  17 59 34 79
5  64 93 56 16 55
4  77 87 36 75
3  32 62 95
2  30 62
4  43 67 83 77
5  95 82 37 11 41
5  90 14 34 82 70
3  37 26 23
4  100 73 93 61
5  16 91 28 79 33
6  61 10 71 56 92 8
4  32 77 56 46
1  38
1  60
5  40 85 96 1 69
6  46 35 8 36 63 86
5  57 47 78 28 2
5  35 68 1 12 23
3  22 60 61
5  34 100 67 30 51
6  93 96 33 100 32 86
6  52 32 78 80 34 47
1  1
3  25 24 94
3  84 55 29
2  54 95
3  54 46 44
3  42 76 45
5  71 31 72 23 63
3  2 96 97
1  97
3  41 21 39
6  4 93 16 21 46 11
4  100 56 10 45
6  86 90 70 57 20 42
5  83 91 81 78 88
6  75 32 37 95 71 25
6  63 41 19 9 51 85
1  7
6  53 4 80 43 73 36
4  14 15 45 5
6  22 92 96 24 29 90
6  53 88 56 93 6 65
3  91 72 50
6  25 54 64 67 26 100
2  40 14
5  45 9 95 36 1
6  60 29 81 53 82 69
1  74
5  73 18 65 45 68
3  69 21 14
3  47 13 64
6  27 37 31 36 32 67
3  22 26 65
1  79
3  71 87 20
3  60 37 9
1  4
4  72 24 7 71
6  71 57 11 8 87 46
3  53 82 61
5  47 63 56 92 33
3  12 77 2
3  86 5 51
3  77 75 16
6  45 99 55 1 10 62
6  56 100 40 38 60 18
6  23 74 76 55 16 87
2  18 34
2  23 85
4  99 59 77 83
1  75
3  5 85 99
6  40 98 31 77 58 49
4  81 22 36 35
3  22 67 55
4  84 78 41 45
5  100 21 59 3 96
6  8 81 94 99 20 92
2  97 50
5  57 30 100 92 64
3  14 31 92
5  14 70 10 59 46
1  80
1  13
5  100 20 56 93 18
5  84 47 72 33 25
2  62 24
2  26 61
3  57 53 4
5  22 14 29 67 23
1  71
3  85 70 54
3  63 72 15
3  19 87 80
3  15 42 67
3  68 27 69
2  80 72
6  2 86 23 68 8 32
3  43 16 9
6  55 71 68 70 18 87
4  97 29 71 38
6  6 22 74 29 2 46
2  3 31
3  71 39 76
1  82
6  17 78 46 88 16 5
2  72 2
4  43 40 56 48
3  77 22 73
5  67 95 81 98 40
4  37 15 60 18
1  76
6  51 64 41 67 69 73
3  70 34 80
1  89
2  53 66
3  26 44 16
2  24 14
4  75 50 34 68
5  10 63 31 73 4
6  41 76 34 11 9 14
2  98 41
5  63 90 98 6 5
2  29 19
5  3 68 52 37 35
2  46 98
4  18 1 58 59
5  92 70 86 5 89
5  46 62 45 35 60
3  40 78 79
4  55 82 26 7
2  61 38
4  58 99 81 57
3  35 48 9
2  53 98
1  99
4  46 33 19 96
5  96 74 31 50 55
4  57 73 17 94
3  75 92 16
2  48 56
4  96 65 86 49
4  87 47 21 33
5  39 28 53 35 1
5  85 55 39 41 28
4  34 62 30 25
5  62 73 33 28 69
6  13 18 59 99 64 80
2  44 18
4  96 53 59 79
3  14 17 77
3  72 10 3
1  35
5  62 7 13 89 76
1  2
6  67 100 57 46 31 64
6  96 16 48 74 53 61
6  29 2 62 38 4 63
5  84 25 79 96 14
4  4 15 47 71
1  4
1  45
1  81
3  99 97 81
5  49 42 63 77 43
2  15 47
6  86 30 12 65 25 19
2  39 66
6  53 69 16 98 73 96
2  71 93
1  44
3  54 7 18
6  31 32 42 19 18 71
2  83 96
4  2 24 94 68
2  47 37
3  44 9 34
5  80 26 87 23 67
3  29 84 36
4  16 78 34 49
1  16
3  62 18 68
4  85 89 2 21
2  46 29
4  21 9 85 8
2  51 48
4  35 84 19 51
4  96 84 10 3
6  54 65 18 21 20 2
1  21
2  36 67
4  95 87 60 80
6  90 30 42 49 65 25
4  15 86 63 99
6  65 99 50 29 16 70
3  17 80 70
3  15 36 91
1  23
3  89 17 40
2  59 88
6  84 55 99 70 17 97
4  81 95 15 10
1  85
4  27 64 66 79
4  56 88 85 6
5  2 45 96 61 33
5  44 87 77 14 3
5  79 84 69 94 78
4  5 41 78 71
2  40 27
1  25
2  83 27
5  79 87 9 57 31
6  34 45 98 8 23 81
5  17 74 54 94 25
4  34 3 30 53
3  56 60 67
6  43 94 64 21 81 73
5  11 68 56 65 18
5  46 93 95 19 47
6  44 5 22 46 34 74
6  90 33 54 77 75 48
3  96 28 14
5  39 81 84 94 45
1  72
6  94 66 9 41 53 45
5  98 79 48 85 68
5  39 45 56 86 51
1  99
2  52 80
1  45
2  7 16
1  1
5  23 41 34 75 86
1  73
4  55 57 33 36
6  77 92 82 63 42 95
4  65 46 41 72
6  65 79 6 78 87 1
2  20 75
1  27
3  70 82 4
1  17
6  79 8 82 41 50 76
1  15
2  43 86
1  7
4  18 84 43 4
6  63 24 59 68 50 6
3  31 9 39
3  9 17 56
6  57 6 66 59 21 87
1  7
6  8 71 17 92 13 21
5  75 44 34 43 94
3  79 25 48
2  72 56
2  28 46
6  34 11 49 54 98 50
4  97 57 30 13
3  43 33 23
2  77 57
4  70 96 39 94
3  56 66 99
6  93 44 79 26 55 27
5  52 77 39 48 33
5  60 81 10 93 4
2  69 60
6  39 55 25 32 98 80
6  96 68 90 40 47 16
6  74 95 45 50 34 92
5  2 52 63 11 45
4  38 13 26 24
4  80 48 83 77
2  79 73
6  69 12 42 85 6 15
5  51 64 13 43 47
1  94
1  25
3  75 63 51
6  87 2 80 35 84 56
4  63 28 57 32
3  98 16 46
1  95
6  77 8 38 23 22 32
2  47 70
1  10
2  6 96
2  85 30
1  41
6  67 69 48 98 8 46
1  54
4  9 49 34 16
6  56 38 18 87 85 93
6  7 99 89 27 84 18
2  24 9
6  92 56 96 100 1 9
4  59 17 2 92
2  88 48
5  5 35 55 91 27
3  97 25 36
2  9 53
4  32 62 53 24
1  48
2  18 57
5  76 73 78 68 6
4  15 76 70 49
2  61 76
5  57 100 13 81 9
4  36 40 27 88
4  43 36 87 61
6  64 36 65 41 3 70
1  17
3  75 66 76
3  41 53 92
3  65 72 49
2  8 89
4  96 52 99 31
3  59 23 2
6  87 42 97 57 47 14
1  21
5  78 56 19 30 47
4  94 19 8 23
2  96 79
2  47 77
4  86 36 74 87
2  60 29
2  17 76
3  19 96 52
3  25 98 18
1  5
3  42 100 19
4  47 96 14 33
2  87 19
4  47 88 63 22
2  81 18
3  76 69 85
6  67 82 18 87 58 24
6  77 85 33 72 99 65
1  85
5  65 31 52 93 80
5  70 27 49 39 12
3  5 93 65
6  79 23 10 65 99 95
6  71 93 62 74 77 46
3  8 76 90
6  28 70 73 97 96 22
3  7 70 40
6  35 26 79 57 36 43
4  30 40 25 23
1  98
6  48 36 7 23 25 6
3  95 79 47
6  100 82 97 69 21 3
3  75 60 83
2  14 13
4  39 35 60 37
2  7 72
3  29 97 46
5  92 24 25 82 6
5  93 27 75 96 74
3  56 67 69
5  24 8 2 83 44
3  89 16 75
2  13 20
6  5 44 21 86 68 26
4  60 53 39 56
2  88 11
5  55 80 49 79 88
3  61 32 85
3  48 59 68
4  79 63 64 22
5  50 89 9 14 49
4  52 4 87 40
1  68
6  95 16 73 82 66 34
1  51
6  60 9 51 20 87 14
6  9 97 34 6 47 45
4  98 49 53 38
4  20 32 58 36
1  39
1  38
4  51 22 12 60
5  32 47 86 16 55
5  49 51 88 95 96
4  93 44 7 30
1  27
4  64 62 66 3
4  4 55 13 25
4  72 97 98 18
5  14 73 65 62 23
4  57 19 7 49
4  13 79 68 40
3  32 1 7
3  63 10 89
5  35 55 46 32 53
4  14 66 36 79
2  59 32
5  77 38 32 39 51
1  7
6  51 38 91 57 72 53
4  60 27 1 15
5  33 67 37 47 32
5  25 59 31 56 42
1  94
5  47 44 84 53 34
3  91 24 63
5  57 23 3 58 37
5  90 4 12 37 35
6  61 93 15 17 35 23
1  8
5  55 92 22 88 25
1  11
1  75
6  72 97 89 29 34 64
2  37 76
4  72 59 16 65
5  33 99 95 43 7
4  98 85 23 96
3  72 82 9
5  71 38 2 35 56
3  10 11 68
2  74 41
4  72 36 2 79
6  99 76 85 83 98 82
5  35 53 61 44 21
2  81 23
4  37 61 75 47
5  43 73 44 84 32
1  19
2  94 18
2  70 2
1  67
5  93 1 36 53 45
4  83 25 79 48
4  40 23 9 10
4  81 54 49 13
5  67 45 63 85 76
2  87 90
6  70 82 100 5 34 44
4  17 68 40 65
2  80 88
3  89 53 18
3  1 31 12
5  76 75 53 51 6
3  41 5 8
2  4 13
4  47 73 14 13
3  43 92 25
5  81 78 98 23 28
3  46 3 8
6  54 14 36 95 18 44
2  21 56
5  68 29 46 82 41
5  24 32 8 4 12
6  2 34 63 30 68 9
2  76 6
6  90 42 81 7 85 98
2  41 71
6  69 16 77 9 99 1
3  7 4 53
6  6 87 55 35 54 63
5  30 69 54 19 10
3  26 95 32
4  35 2 49 4
2  25 13
1  25
4  24 29 5 16
3  92 70 46
2  37 75
1  91
6  11 25 20 5 56 73
3  58 22 43
5  47 55 91 72 8
1  100
1  29
3  4 99 49
2  40 24
2  31 17
3  55 36 47
1  9
6  67 30 29 42 76 83
2  48 91
3  47 3 75
5  6 74 85 55 5
2  78 36
4  95 78 9 31
2  19 40
1  86
5  40 27 46 23 59
6  13 4 40 15 79 21
2  52 6
5  56 30 53 92 85
3  70 94 78
6  12 17 6 97 87 45
2  32 68
5  24 80 86 63 95
4  84 15 89 90
5  18 42 62 3 89
2  96 67
2  8 84
2  5 70
5  28 2 43 9 25
2  94 88
2  57 71
2  72 59
2  42 77
4  4 80 52 35
5  18 61 82 2 91
6  72 67 14 73 9 22
6  32 16 85 48 73 55
5  45 14 1 87 91
4  90 70 15 25
3  33 85 26
3  76 12 6
3  25 78 51
3  75 82 63
4  30 35 13 10
5  27 11 65 17 74
4  86 88 80 30
2  65 56
4  40 68 60 82
6  38 33 39 12 15 1
5  45 36 82 54 15
1  64
5  25 38 34 11 13
3  46 77 96
1  17
4  60 99 55 97
2  94 9
3  95 78 90
2  60 44
3  68 8 23
6  45 57 3 70 43 15
3  39 15 63
1  75
4  57 72 93 50
5  38 45 57 28 75
1  71
2  84 78
3  76 23 98
5  92 67 21 6 13
4  21 76 61 95
3  17 67 29
4  46 67 11 3
6  85 19 65 4 2 43
3  78 65 42
4  56 9 76 62
2  36 82
6  96 77 34 13 43 63
5  89 29 90 91 23
5  10 87 78 11 30
2  89 94
4  44 50 72 20
1  93
4  93 90 50 69
2  63 12
6  41 100 14 31 91 36
1  1
2  82 12
4  4 100 46 67
3  95 38 62
1  31
1  98
2  66 43
2  78 28
5  78 41 99 69 77
1  69
6  86 80 51 89 79 97
4  21 91 93 82
6  24 98 93 44 64 59
6  91 36 14 60 55 59
5  32 62 50 31 48
2  82 36
1  78
6  28 68 83 10 64 7
1  57
3  70 16 37
4  51 20 65 6
5  46 37 41 95 67
6  23 49 30 26 13 57
6  96 66 58 3 73 14
4  42 29 89 3
5  39 23 44 1 89
5  41 83 48 28 6
6  51 35 22 64 91 15
4  57 72 62 29
6  14 71 3 73 94 42
6  37 86 96 26 66 8
1  65
1  9
1  49
2  79 40
3  38 96 17
6  24 2 13 94 16 67
1  57
4  46 42 58 71
1  94
5  20 59 92 29 74
3  59 52 79
1  89
5  20 88 98 22 1
6  37 16 59 46 73 20
6  14 78 61 21 71 40
3  30 31 70
1  71
2  54 50
2  43 24
4  31 22 72 32
1  8
3  72 53 20
6  44 34 69 4 55 40
3  96 69 74
4  71 45 93 25
6  24 67 18 74 98 39
3  29 52 53
5  24 5 97 15 48
2  83 52
6  22 95 81 91 69 46
4  13 39 85 6
4  52 23 36 50
4  81 79 13 33
4  37 38 51 86
5  34 38 66 56 32
3  46 100 91
1  12
2  92 18
6  44 40 27 93 1 7
5  14 39 26 50 77
5  1 62 57 35 99
2  90 31
5  36 30 58 42 86
2  59 77
5  99 3 69 100 9
3  14 48 65
4  24 41 64 86
6  98 84 19 88 15 85
2  45 43
4  86 29 99 45
1  75
3  7 44 43
1  83
4  63 48 19 87
6  83 72 85 81 56 3
5  71 88 91 15 30
4  1 58 54 45
4  28 88 69 71
2  85 54
6  48 1 5 34 88 87
1  72
5  62 75 35 33 26
3  92 81 47
3  35 92 11
4  80 33 11 64
6  97 12 87 1 46 75
6  52 47 55 14 21 90
3  83 16 92
5  96 39 23 30 31
2  92 11
1  25
2  77 11
1  88
6  17 33 72 5 85 19
4  98 40 50 43
2  65 35
6  61 73 19 90 4 52
5  14 65 6 34 42
1  50
2  14 67
4  86 72 46 5
2  43 44
5  85 67 44 19 62
1  92
5  94 95 32 76 9
6  82 42 38 98 92 66
1  59
2  98 30
5  2 60 17 46 40
1  12
6  21 74 88 12 54 82
1  86
4  15 82 39 57
2  37 48
6  48 7 13 46 36 86
3  96 2 94
3  3 5 19
2  79 7
3  33 88 42
2  46 56
6  84 13 19 20 61 3
5  67 15 14 2 1
4  97 2 54 32
1  59
4  28 37 57 62
5  45 3 88 90 59
6  74 71 5 94 32 8
4  98 22 74 100
2  35 97
2  88 28
2  46 79
4  83 36 18 53
5  21 40 70 79 26
3  50 31 37
5  38 98 79 60 71
5  82 6 74 5 93
1  34
3  80 89 22
1  7
5  96 27 13 66 6
3  9 55 69
3  36 6 42
1  65
1  92
3  18 65 51
1  67
6  50 46 73 72 62 80
3  57 6 58
2  12 97
2  66 65
5  2 71 16 36 29
1  82
3  72 32 57
3  16 7 84
6  78 45 69 23 1 75
5  22 86 77 52 51
3  26 53 11
3  68 46 69
5  28 15 45 59 72
5  75 78 66 64 56
1  33
5  10 7 58 32 92
3  83 43 75
1  95
6  49 62 32 18 36 59
2  81 18
1  63
6  82 28 57 37 38 89
1  47
6  72 79 86 6 62 28
5  69 23 66 18 85
6  35 20 55 67 1 73
5  64 65 51 91 21
6  28 9 2 75 3 74
4  89 79 15 17
4  83 39 25 1
2  21 35
3  76 1 44
3  70 7 13
2  98 33
1  25
3  9 100 44
5  53 33 61 67 49
2  50 88
3  50 11 66
6  53 41 85 97 89 55
1  1
5  100 33 83 25 74
6  25 18 73 77 50 34
3  98 54 93
6  98 43 95 63 26 48
1  11
3  93 65 47
6  39 47 26 21 72 100
1  96
1  85
5  66 19 17 64 73
1  49
5  51 44 33 77 91
3  87 35 29
4  82 22 90 29
3  11 1 47
2  97 63
1  70
2  26 86
6  98 95 41 68 46 84
6  22 75 37 9 10 65
4  92 86 50 21
2  60 21
5  82 18 42 88 87
5  13 72 63 11 67
1  78
1  87
5  34 62 14 43 71
5  2 62 64 51 83
6  11 3 76 92 21 18
5  7 88 93 79 51
1  45
4  80 57 42 90
1  70
2  74 48
2  36 12
6  18 8 95 20 83 87
3  100 66 47
6  58 26 39 61 71 93
3  27 34 97
1  36
5  47 9 15 80 44
2  64 62
3  59 81 17
3  21 17 10
5  4 68 94 42 29
4  35 69 90 68
4  6 4 33 53
1  47
2  57 74
6  18 7 54 99 23 20
3  9 87 43
5  80 85 5 44 19
5  34 86 39 90 71
6  2 18 23 58 91 75
6  72 73 21 70 92 60
5  79 3 54 59 87
4  2 6 31 35
6  69 73 81 40 64 82
4  86 40 48 3
1  45
5  87 65 45 78 25
2  57 27
5  15 14 34 17 19
4  51 10 34 24
6  73 88 30 12 78 76
2  23 50
1  88
6  90 12 17 46 38 93
4  52 26 77 70
6  28 80 24 52 70 97
3  43 27 11
4  4 86 79 26
3  90 13 30
5  25 47 63 39 85
1  64
4  84 55 89 63
5  40 33 75 78 1
6  28 5 74 7 30 10
6  43 40 76 68 86 100
2  24 85
3  88 45 27
3  34 89 20
5  21 94 50 96 95
3  24 99 12
2  29 22
2  71 61
1  39
3  1 68 70
6  11 57 30 37 99 63
2  18 35
3  12 85 42
1  23
4  4 35 95 32
4  21 3 17 41
4  22 9 32 6
2  89 35
4  87 98 81 5
2  27 17
1  69
2  40 33
2  74 28
4  30 48 60 47
5  1 9 90 41 96
2  30 31
5  17 28 64 21 60
6  37 77 59 16 92 84
6  19 41 66 1 35 74
2  10 15
2  38 44
3  21 60 77
6  81 36 75 18 12 33
5  28 25 60 17 43
1  35
1  2
6  44 3 74 67 12 89
6  50 32 35 70 92 11
4  72 47 29 89
4  62 65 86 25
1  29
2  37 38
2  37 81
2  11 47
3  99 33 89
2  67 58
2  78 12
6  25 40 82 83 1 46
5  87 70 71 15 95
1  52
2  44 32
3  55 79 87
4  11 76 83 78
3  5 56 45
6  80 85 79 63 86 25
2  72 95
1  86
6  8 37 10 52 69 57
1  48
3  59 58 20
3  36 53 46
6  98 43 71 83 21 33
5  46 64 39 40 65
2  29 73
4  38 25 30 95
2  77 39
6  35 58 29 70 10 74
4  8 16 32 90
3  65 57 82
2  96 22
6  20 51 66 81 89 90
1  84
2  87 22
1  22
5  36 92 90 9 52
6  25 84 87 62 48 43
3  76 39 66
5  58 17 34 38 5
2  48 89
3  35 10 48
4  90 84 47 79
6  99 76 17 82 62 79
2  5 22
1  43
6  72 100 4 6 38 8
2  86 96
5  20 6 18 76 95
1  22
5  92 21 49 9 3
1  87
2  14 9
3  56 96 8
4  99 13 93 7
3  78 3 10
6  8 27 73 3 95 77
2  16 25
2  18 35
1  49
3  23 84 4
2  91 60
1  3
4  23 43 30 25
4  27 33 78 100
3  4 94 12
2  10 37
3  27 71 63
5  19 85 58 23 3
3  82 19 51
2  42 94
4  67 45 90 99
2  89 35
2  83 47
3  92 83 98
2  53 60
6  72 44 51 95 47 99
5  65 50 9 6 43
5  73 88 61 71 11
3  6 37 32
4  85 24 34 83
3  87 42 34
4  86 84 53 32
5  28 97 32 37 3
5  9 75 62 69 45
5  19 51 9 50 2
6  73 35 76 14 22 17
3  80 2 30
2  34 12
4  30 43 96 32
1  5
1  78
5  51 50 92 1 58
3  2 51 14
3  26 27 58
3  74 37 44
1  68
5  16 27 7 59 23
3  75 28 43
4  1 93 2 92
6  60 33 95 10 46 31
3  73 88 78
3  25 22 50
6  99 65 20 5 24 43
3  98 70 85
4  70 78 53 61
5  12 93 65 22 39
6  57 11 83 35 8 56
1  100
4  72 19 59 95
4  1 93 31 86
3  100 63 95
4  33 7 53 97
2  91 92
6  2 75 20 58 83 76
4  82 30 36 1
6  30 62 89 22 92 75
4  92 37 60 52
5  66 4 67 94 95
4  79 96 33 98
4  15 73 18 97
1  53
6  91 83 59 80 4 51
4  69 43 91 28
6  60 94 98 26 87 93
5  66 88 17 64 42
2  36 60
2  38 13
2  29 95
6  8 99 35 62 67 77
4  94 71 11 87
5  36 74 60 19 39
3  35 2 90
4  38 49 94 76
4  19 4 56 3
1  54
3  73 20 14
2  14 84
3  100 52 70
5  12 89 13 59 23
1  49
6  52 97 83 28 58 1
2  14 4
3  67 41 16
6  55 39 100 38 73 90
3  73 1 31
6  60 54 99 8 43 51
1  25
5  63 26 9 76 30
4  43 70 67 29
2  6 29
4  79 28 52 21
1  52
4  85 12 6 84
2  48 34
2  73 12
6  99 21 63 28 73 5
6  39 34 21 45 62 83
2  90 34
3  90 85 96
5  97 1 58 16 49
6  40 21 4 26 19 24
6  46 96 94 43 35 27
4  79 89 45 3
5  78 47 68 63 42
3  59 43 99
5  91 14 11 94 40
2  18 28
5  13 22 17 47 48
5  26 37 24 29 15
1  75
5  65 16 23 24 59
2  98 49
1  12
4  6 51 89 23
5  63 36 100 80 83
3  59 9 85
5  37 99 84 11 81
3  27 3 72
6  25 70 34 37 82 93
3  33 82 65
1  44
6  11 23 82 59 90 44
4  26 42 48 37
2  96 63
2  68 47
3  38 81 86
2  74 28
4  55 92 62 99
6  73 22 32 3 63 75
4  88 17 13 24
3  9 87 63
5  34 13 14 98 32
6  25 83 41 16 44 39
1  17
4  80 48 62 42
2  28 30
3  41 53 76
3  40 39 25
5  51 38 86 49 70
5  73 52 13 89 96
4  96 12 75 60
5  16 81 1 45 19
3  98 95 90
3  33 14 9
6  52 94 32 21 66 5
5  78 93 69 30 88
5  41 62 40 14 78
2  14 22
3  55 19 33
3  55 66 58
4  50 9 57 81
2  23 86
1  1
5  70 30 66 50 28
6  83 5 10 97 26 49
4  45 82 96 100
3  53 63 97
4  20 78 92 42
4  94 42 41 64
5  6 14 41 33 3
2  37 13
2  63 61
5  8 42 67 7 89
2  70 85
5  89 62 73 31 25
4  73 65 30 44
5  43 84 3 46 7
3  58 27 2
2  98 9
4  65 16 48 84
6  32 65 73 94 37 3
2  3 75
5  32 18 53 74 2
4  19 9 94 76
3  96 94 33
1  53
6  19 100 80 3 32 44
5  26 81 79 44 83
4  26 14 72 78
6  73 33 7 82 26 17
2  76 50
2  28 46
3  28 26 47
4  70 22 84 51
1  27
2  54 53
3  26 31 34
6  63 41 80 88 23 96
1  98
3  33 26 91
5  53 17 22 12 87
3  95 37 44
2  70 98
5  16 23 4 50 21
4  90 100 54 13
6  62 10 41 95 35 31
5  87 48 92 98 34
3  93 70 80
1  40
5  89 56 99 93 6
2  59 96
2  12 8
1  74
1  55
5  52 86 39 33 31
3  66 29 36
3  44 75 22
2  31 21
2  36 40
5  31 59 94 38 73
5  55 28 36 6 13
5  44 45 5 80 11
5  9 46 16 53 21
3  84 51 58
1  87
6  89 17 56 83 55 29
4  9 56 86 15
5  61 59 13 65 39
2  36 47
5  51 99 89 88 83
3  46 90 26
3  79 43 98
4  97 27 12 6
5  98 20 51 58 78
4  23 16 86 58
4  54 9 62 43
6  44 82 42 34 8 84
1  50
5  73 46 8 85 51
6  82 70 40 48 3 62
4  88 20 26 42
2  87 84
2  31 65
5  65 73 51 77 22
2  50 67
3  34 18 31
1  88
5  54 35 73 16 98
4  35 23 2 64
1  85
6  41 50 56 5 22 6
5  44 39 31 11 79
4  28 9 79 15
5  33 50 51 48 12
5  71 13 46 81 98
3  21 48 90
2  70 95
1  14
2  37 24
1  1
4  20 79 66 99
1  16
3  59 63 61
3  34 74 87
1  72
2  35 20
1  60
6  5 67 3 38 4 26
3  4 77 70
5  43 68 93 58 17
4  21 78 92 54
4  79 67 22 100
1  42
1  61
2  15 27
2  53 31
4  2 34 35 71
1  77
3  8 35 55
4  55 32 51 9
5  30 76 4 29 46
3  37 76 53
4  9 5 94 67
1  28
1  78
3  79 16 51
1  70
1  69
1  60
5  84 89 52 88 17
2  33 56
4  9 8 27 17
1  21
6  20 48 86 97 90 65
1  40
5  82 49 46 84 8
2  67 96
5  55 13 1 87 68
4  96 76 92 13
6  12 96 8 60 82 5
3  46 16 89
2  98 38
5  81 46 92 48 42
4  2 54 66 89
2  31 84
6  22 96 86 34 92 93
6  74 97 42 19 13 31
3  11 68 12
6  13 3 39 54 68 40
1  34
2  30 64
1  27
6  7 12 19 98 5 71
1  53
6  15 83 32 25 51 44
1  64
3  54 18 13
6  25 46 21 55 10 32
5  95 38 93 14 36
6  25 7 99 77 97 13
4  29 38 11 72
4  74 18 7 91
2  100 16
5  20 70 86 51 80
6  43 93 25 40 18 31
3  94 27 51
4  56 88 64 27
3  37 44 47
2  74 47
3  50 66 14
3  17 64 15
1  6
1  30
3  25 60 82
2  87 33
5  42 20 36 69 61
5  12 8 1 86 54
3  36 20 57
5  36 21 85 42 26
6  71 70 17 31 52 36
2  84 9
4  4 44 27 65
2  39 72
2  25 62
4  45 19 29 81
3  14 22 64
1  92
3  23 22 86
4  39 70 67 97
5  11 24 38 27 63
1  45
6  34 6 46 78 24 75
4  62 88 80 26
6  71 59 16 93 45 74
2  14 41
2  87 51
4  24 78 14 33
2  100 67
2  45 44
3  20 2 12
1  81
3  1 52 95
1  44
3  90 75 53
2  3 40
5  54 64 58 68 96
5  67 63 6 12 56
2  8 67
3  88 3 38
3  98 54 83
3  44 58 90
5  60 29 54 14 92
1  81
6  90 48 50 95 59 56
4  90 64 17 28
4  20 66 91 18
2  73 55
4  30 44 36 90
5  89 3 65 99 84
4  89 31 3 84
6  59 34 79 22 51 7
5  71 72 63 88 91
3  43 54 65
6  89 55 59 77 58 24
5  41 76 65 71 79
3  60 37 81
3  58 32 44
2  2 16
6  89 6 27 31 59 92
2  48 46
5  25 3 99 1 43
5  65 13 54 12 73
6  93 10 47 24 54 77
2  69 68
1  74
6  44 33 86 61 80 31
3  5 34 36
1  76
1  69
6  64 81 62 54 74 71
1  97
2  77 22
6  45 35 66 39 79 98
2  40 78
4  76 82 88 11
6  64 22 55 53 85 36
1  38
1  85
3  5 9 15
2  100 59
4  66 98 39 64
2  79 41
5  54 23 64 65 9
2  86 64
5  71 100 95 9 8
5  47 13 88 61 39
6  19 100 52 17 39 15
3  17 56 13
5  79 77 35 88 5
2  52 85
6  51 80 100 59 46 71
3  6 10 33
2  9 84
3  47 99 78
4  55 91 34 68
5  21 72 89 57 80
2  36 80
5  94 25 52 40 31
4  72 55 70 56
6  17 55 73 80 9 64
1  42
2  82 63
1  70
3  59 50 57
6  29 37 88 54 27 84
3  99 39 18
4  34 8 7 14
1  70
2  59 1
1  21
1  78
4  61 28 12 55
4  48 42 10 36
5  94 84 68 33 2
2  67 36
2  73 49
3  43 76 4
3  84 25 45
4  80 5 89 91
4  45 39 1 55
5  70 49 58 37 81
4  58 47 94 87
2  43 32
4  18 36 4 1
4  48 62 40 53
3  31 11 94
5  12 48 43 81 96
1  18
5  59 75 23 53 62
3  95 93 4
1  29
1  13
6  55 74 29 7 24 59
2  17 28
2  65 71
1  61
5  28 37 29 3 60
5  64 2 76 57 5
6  85 12 1 73 67 74
1  73
6  60 91 15 87 20 79
4  30 40 28 58
5  56 60 37 24 38
1  80
3  100 65 55
1  38
2  74 38
6  72 98 84 86 4 64
3  34 4 68
6  80 24 51 16 61 75
4  73 55 96 19
3  73 56 71
3  94 64 18
6  48 4 74 52 67 15
6  71 82 76 50 6 27
4  66 1 19 39
4  15 12 74 65
6  29 35 31 22 99 49
1  46
4  86 98 19 100
5  89 82 58 39 87
6  5 53 86 24 91 40
3  2 13 3
6  42 38 17 63 36 65
5  82 17 60 79 35
4  61 24 41 19
4  28 3 67 80
6  90 71 28 72 41 31
4  82 68 74 45
1  38
2  85 55
5  64 90 37 25 13
5  43 76 5 46 85
2  33 55
4  61 26 2 91
5  83 58 57 27 61
6  45 49 23 9 38 60
2  51 37
5  26 42 21 69 54
1  80
1  61
1  16
4  89 99 9 45
2  69 39
5  14 87 93 22 24
4  55 74 89 30
6  31 51 68 56 5 36
2  29 41
3  80 30 34
6  75 59 56 13 29 69
6  22 91 24 74 46 98
4  75 97 93 26
4  48 30 32 84
3  61 25 83
3  54 16 27
2  75 83
3  3 52 40
2  42 63
6  88 60 62 57 52 87
2  100 17
4  83 65 13 7
3  52 61 64
5  88 38 61 29 40
1  68
4  54 31 62 41
6  21 3 47 73 90 67
5  6 19 55 71 32
4  18 83 21 81
4  9 18 22 37
4  33 5 22 87
3  83 27 26
1  30
5  76 19 40 47 24
4  2 94 89 62
1  72
5  92 33 10 54 29
4  87 33 88 73
5  70 100 93 73 29
4  48 47 5 95
5  63 96 65 52 58
5  23 41 68 56 32
5  10 60 43 96 93
2  69 60
1  69
4  73 97 19 21
3  23 16 15
6  12 79 36 69 55 59
1  22
1  42
6  23 2 41 19 94 72
6  54 72 56 7 44 53
2  65 96
3  80 11 32
6  90 68 60 44 26 70
4  39 11 64 62
1  5
5  6 76 68 60 47
2  67 91
5  92 56 72 39 36
5  71 27 72 38 87
1  63
4  81 2 67 45
4  79 49 43 85
2  11 44
5  35 11 63 2 18
5  40 54 65 10 80
3  48 66 50
1  22
2  11 88
5  73 66 24 16 50
3  27 94 20
4  4 82 71 5
6  53 45 17 55 33 52
1  98
1  11
2  32 22
1  7
6  72 30 10 22 78 37
1  97
6  18 78 68 23 21 67
2  37 21
4  89 23 60 91
2  79 23
4  85 29 48 57
4  58 78 35 94
6  32 91 10 59 87 79
6  17 16 19 79 4 41
3  95 74 18
1  28
1  46
5  59 4 33 36 39
2  28 70
2  37 79
5  68 65 55 66 82
5  84 60 74 25 99
5  98 16 85 26 18
2  1 76
2  34 12
5  61 39 40 79 75
2  55 43
5  9 8 65 79 91
2  52 16
2  20 14
3  4 39 56
2  40 32
4  74 43 37 35
5  77 13 56 95 67
6  78 75 5 42 54 96
4  5 11 88 24
2  26 28
4  82 61 3 13
2  76 55
4  10 36 39 22
6  34 89 11 64 93 52
1  89
2  21 99
1  45
2  31 73
6  12 33 88 24 59 63
5  22 73 15 61 95
1  94
5  94 4 47 86 56
4  74 72 84 73
5  29 96 7 1 81
2  34 68
3  93 31 21
1  4
3  74 98 39
4  81 32 71 27
2  26 90
6  97 73 65 74 1 60
5  2 41 98 35 9
3  27 40 60
3  43 94 14
3  33 81 21
4  51 47 83 76
3  74 73 9
3  46 9 99
2  11 39
2  45 48
4  72 87 22 12
2  16 25
5  48 5 89 12 56
3  94 31 71
5  3 79 6 49 88
1  74
6  43 97 90 59 14 76
5  25 5 96 50 73
3  55 62 10
6  49 40 67 16 43 46
2  91 33
2  64 31
5  61 73 58 20 87
2  100 11
3  96 61 11
3  15 72 94
2  68 42
4  35 58 7 80
5  97 13 5 61 43
5  21 16 30 41 2
4  41 13 100 36
5  11 75 88 82 68
1  49
1  76
5  67 82 63 46 79
5  50 39 18 22 60
2  52 100
3  14 41 47
1  77
2  24 51
1  6
2  19 54
2  94 37
6  76 99 40 54 74 90
6  91 12 52 23 63 58
5  92 4 90 68 24
1  19
2  19 37
3  73 65 42
1  59
2  8 99
5  81 89 63 71 100
1  94
4  66 52 38 57
4  28 25 79 41
3  9 60 80
4  32 44 99 41
1  16
3  2 86 29
6  48 100 90 62 94 52
2  45 90
6  100 17 8 78 58 51
6  17 30 43 49 74 42
6  76 57 36 78 43 65
5  91 64 57 52 8
5  1 97 63 100 14
5  78 71 21 64 88
3  6 37 23
3  25 99 4
4  76 47 25 43
3  88 99 89
3  6 67 44
1  29
3  16 99 21
6  19 85 74 69 90 10
6  38 35 90 41 96 65
6  20 7 24 8 5 12
4  11 79 95 13
1  39
2  7 60
1  26
3  89 94 34
6  85 71 33 74 12 28
3  98 48 44
2  55 49
2  6 59
1  1
5  19 39 100 25 98
1  50
3  3 44 75
1  28
3  34 1 56
4  39 54 9 83
5  64 32 8 69 90
2  70 62
3  8 61 62
1  75
1  47
5  54 21 78 82 66
1  83
2  72 21
5  81 4 49 44 35
4  13 25 75 82
6  11 90 47 73 95 22
5  42 99 37 63 76
2  28 87
6  48 58 21 22 39 24
5  82 58 26 94 100
5  68 11 65 14 83
4  36 66 1 34
1  63
1  21
6  96 21 39 54 41 61
6  65 31 74 23 56 67
1  56
3  72 67 7
6  49 66 21 15 54 17
2  64 37
2  59 57
4  13 98 17 5
4  47 78 84 3
3  88 59 86
4  25 93 44 74
4  65 89 23 18
1  52
5  42 70 41 99 27
4  96 44 57 58
6  34 41 94 78 29 52
4  88 77 56 32
4  13 96 39 36
1  44
6  95 86 57 35 84 83
6  80 26 44 37 16 78
5  10 55 6 61 19
6  38 75 25 89 87 20
2  23 33
5  9 28 57 65 62
3  48 49 20
5  93 56 89 70 33
6  25 39 60 44 33 97
2  57 86
1  77
1  27
1  84
3  37 41 100
6  81 47 100 20 40 55
1  10
6  7 35 27 67 78 59
4  95 16 49 99
6  61 25 1 45 60 38
6  60 36 66 7 83 65
2  22 20
3  31 7 42
4  34 8 43 93
5  37 8 19 36 100
5  61 1 25 21 38
1  80
5  75 86 55 39 12
5  58 47 7 65 89
5  99 96 14 91 67
4  99 85 86 98
4  46 99 90 67
3  99 46 9
5  32 63 12 44 40
5  90 46 35 78 18
2  74 32
2  40 82
2  25 67
2  90 13
2  79 54
5  25 62 51 57 100
4  32 89 10 67
5  27 99 41 58 22
5  40 44 6 63 95
2  80 74
6  33 51 23 95 1 79
2  63 78
5  94 67 91 61 34
2  60 74
5  81 55 15 25 60
2  87 55
3  67 28 37
6  78 59 94 79 38 13
3  15 95 35
5  85 95 15 3 54
6  78 35 43 93 59 2
1  46
4  52 13 84 89
1  61
3  6 40 84
2  80 99
1  14
5  97 9 94 100 62
5  78 97 25 70 55
2  82 1
5  34 13 66 22 25
2  69 30
4  52 48 45 51
4  59 31 56 67
2  55 29
1  32
2  31 1
5  58 83 81 40 16
6  5 37 17 31 47 97
4  94 42 8 52
6  38 8 67 62 63 96
5  94 21 99 95 1
4  78 81 96 94
5  100 31 90 36 28
6  29 69 100 81 38 89
3  99 51 32
5  45 52 66 40 22
2  32 17
1  5
2  41 95
3  76 30 75
5  59 44 68 39 13
1  27
3  4 78 79
5  22 31 36 61 83
4  78 15 74 88
2  91 29
1  39
1  43
1  72
1  57
3  40 69 44
4  17 47 44 96
1  66
2  52 26
1  9
1  23
5  91 42 73 19 55
1  23
6  24 94 98 81 33 38
3  77 4 67
2  48 63
3  13 89 91
3  97 100 42
2  82 33
4  55 51 14 66
5  11 90 68 8 70
1  46
2  77 49
6  99 97 49 38 9 37
2  48 33
2  89 52
1  21
1  64
5  25 29 45 35 18
1  43
6  12 88 8 37 94 87
2  42 24
3  78 52 89
1  80
5  62 88 98 73 52
5  97 80 14 32 98
2  74 85
3  61 92 25
6  86 12 30 27 36 72
1  88
4  14 67 37 75
4  35 47 6 4
3  85 17 75
5  42 48 67 79 9
4  4 6 44 16
3  70 51 7
5  39 67 87 5 4
4  59 38 9 65
3  52 49 58
2  31 100
5  98 79 83 57 88
1  98
2  71 49
2  44 87
6  31 91 100 93 50 38
1  14
5  52 63 36 78 94
3  51 92 14
2  48 97
2  48 94
3  19 43 75
4  29 72 93 20
5  85 70 9 83 87
3  46 23 14
3  58 64 30
5  97 78 68 17 26
4  61 44 4 36
1  33
1  99
4  78 83 22 87
5  4 74 50 97 18
6  55 82 18 26 78 96
6  95 21 55 56 65 59
6  70 91 98 69 43 76
4  64 63 19 68
3  23 17 32
3  5 87 21
2  12 99
2  6 93
3  60 49 3
2  40 73
1  37
3  51 13 92
1  75
1  82
1  32
6  42 72 3 28 93 25
3  91 42 45
5  81 5 32 83 24
5  55 32 8 96 83
2  87 97
6  97 79 5 29 76 46
6  79 74 93 3 14 83
3  58 66 25
4  98 8 86 69
4  18 76 58 1
6  44 97 90 41 76 94
5  51 40 69 30 14
4  32 27 44 77
6  9 2 48 7 33 75
5  51 28 47 72 48
3  12 23 31
5  74 70 50 3 84
1  35
1  54
1  95
4  13 42 69 21
5  44 91 25 94 18
5  40 89 23 76 1
3  6 81 19
5  30 22 60 40 56
5  93 67 64 55 79
1  23
6  80 66 91 5 60 8
5  99 97 3 75 98
3  81 78 67
4  8 88 16 47
3  85 40 10
3  94 89 52
1  88
2  83 79
3  42 86 15
3  83 17 16
5  65 97 58 31 53
4  18 68 12 61
4  52 71 100 45
4  51 62 48 82
3  26 17 86
1  31
2  95 48
3  75 12 38
2  43 91
6  61 58 10 22 92 9
1  52
4  67 99 42 11
2  59 96
3  90 22 30
3  64 4 49
1  36
6  91 33 51 49 43 72
4  3 64 68 8
1  28
5  14 69 85 37 28
5  72 17 2 53 65
1  2
4  41 92 57 74
3  6 16 14
4  19 78 32 27
6  60 1 6 29 85 43
4  65 14 72 67
1  25
2  20 26
6  60 17 53 33 58 49
5  22 67 51 54 93
3  13 93 49
3  78 91 96
3  5 68 9
2  92 40
3  17 36 98
3  89 31 93
3  79 67 69
3  17 22 38
4  35 31 8 76
1  98
5  51 3 39 60 22
2  99 60
3  35 58 81
2  89 74
5  67 40 37 12 57
4  49 16 93 80
2  68 88
2  39 38
2  78 97
3  8 96 5
4  30 62 35 53
4  8 22 17 48
4  29 4 17 78
2  10 57
3  78 44 64
1  82
6  94 79 32 1 74 36
4  4 98 90 57
3  97 78 65
3  36 93 48
4  71 66 62 27
1  40
5  72 56 52 58 49
2  89 50
1  25
1  8
2  94 64
5  91 42 33 35 78
2  82 30
6  48 92 23 56 31 93
2  86 45
6  35 75 73 84 79 97
6  86 19 82 50 87 72
6  19 6 69 44 87 99
3  35 91 62
6  21 54 16 7 99 100
3  73 25 51
5  13 37 88 95 87
5  66 78 93 71 47
3  58 46 76
6  36 38 81 56 91 97
4  89 97 4 62
5  29 12 39 42 49
2  36 35
6  1 13 93 72 60 30
2  5 6
2  40 43
1  96
2  98 58
2  95 62
6  63 90 96 2 31 44
2  67 79
2  67 91
2  39 51
3  68 55 54
6  94 96 89 90 29 87
3  51 81 9
3  44 99 30
3  30 74 72
6  52 99 63 43 18 1
6  66 68 48 20 55 42
1  44
2  44 31
5  95 12 87 29 56
6  58 1 15 31 73 10
5  71 72 26 88 18
4  40 65 73 94
1  88
3  37 32 69
1  26
5  2 54 36 87 12
3  1 43 8
1  25
5  82 50 66 53 68
2  93 33
6  87 39 80 24 76 11
6  90 37 73 91 8 77
1  44
5  44 52 87 69 30
5  19 96 21 87 15
1  19
1  99
4  87 23 33 98
1  22
3  87 13 24
6  90 26 38 67 70 89
4  38 19 21 56
1  42
3  28 54 61
3  53 18 22
5  51 19 90 73 53
5  85 77 72 75 2
1  41
5  98 93 9 16 14
4  30 55 7 57
1  67
6  61 85 13 36 32 26
1  84
1  93
4  74 67 63 83
1  33
5  1 42 97 14 6
2  68 12
5  76 79 74 37 64
6  73 100 18 99 7 2
1  100
4  76 67 25 58
5  58 39 75 99 35
6  4 61 56 16 43 32
6  16 69 58 3 41 57
2  40 64
2  41 64
6  16 30 9 74 4 66
1  78
4  47 66 67 7
2  83 49
4  77 65 20 34
5  61 91 87 1 54
1  41
2  93 57
3  1 31 51
4  43 29 90 94
6  96 14 78 45 66 55
1  86
6  77 47 79 64 33 72
6  50 65 45 97 75 47
2  18 75
4  7 69 56 3
5  34 48 88 58 76
3  81 54 98
2  86 70
1  35
3  60 31 99
3  78 29 53
4  89 59 21 44
4  3 78 10 51
4  67 84 40 1
4  93 98 92 79
4  7 13 1 67
3  99 2 21
2  54 73
1  13
6  60 75 95 38 84 45
1  50
2  42 51
6  35 48 86 13 15 92
2  15 59
5  14 61 89 41 62
4  27 54 17 1
3  54 84 94
4  34 23 97 85
1  32
2  1 44
3  93 70 62
4  38 75 12 27
1  25
6  72 52 42 88 91 36
6  97 70 6 94 54 21
2  86 22
5  32 14 39 93 65
5  68 76 3 82 1
6  54 52 33 42 4 23
5  39 6 80 8 12
5  62 33 99 47 54
5  79 67 6 72 32
5  39 8 84 21 9
5  74 60 7 15 64
2  98 3
3  77 11 46
3  72 78 48
2  32 15
6  99 20 68 30 2 6
3  85 26 46
4  100 6 66 14
5  95 11 71 29 88
5  75 37 53 84 70
6  98 67 82 18 34 12
2  39 49
1  65
6  64 99 29 78 68 24
6  38 53 75 19 27 12
5  80 95 41 63 93
1  45
1  41
4  29 79 4 33
3  97 96 7
6  25 84 63 49 72 1
1  47
2  28 58
6  7 53 32 70 46 39
1  56
5  69 85 58 72 18
1  69
1  8
4  38 92 27 86
4  28 86 10 48
1  67
3  20 69 89
4  8 2 20 86
5  5 44 42 22 11
3  52 75 72
3  1 57 5
2  43 14
5  56 81 14 75 100
5  64 65 90 66 84
5  36 88 19 78 9
4  88 43 14 62
1  56
4  71 61 91 13
5  67 68 55 80 43
4  62 7 19 52
5  3 27 8 91 45
6  100 7 73 42 20 35
4  76 97 26 36
6  39 10 55 7 65 34
3  20 96 56
3  47 28 41
5  36 31 18 21 30
2  93 72
3  27 28 19
2  53 55
1  92
4  65 98 30 99
3  49 95 3
6  42 31 28 14 66 59
2  86 88
4  79 60 99 5
6  18 29 40 72 39 31
3  4 29 66
1  77
1  97
5  2 39 10 29 53
5  88 84 61 76 39
3  35 37 44
2  54 72
4  26 11 92 62
1  21
2  17 97
3  14 76 43
4  85 72 4 60
4  87 20 34 25
4  69 62 2 90
1  73
3  40 83 42
1  97
4  28 13 58 70
2  34 13
5  18 85 82 77 44
5  97 77 93 55 46
4  56 35 69 29
6  9 12 27 10 8 88
3  21 46 7
3  79 20 25
6  4 7 74 47 75 70
2  68 25
5  22 81 4 90 9
6  99 21 14 8 28 2
3  49 48 52
6  27 71 21 23 74 96
2  2 66
3  69 90 12
6  71 16 80 79 4 78
6  17 86 27 19 31 76
4  82 72 92 53
6  15 27 20 11 47 21
5  90 89 66 2 79
3  17 59 15
2  37 14
3  22 41 56
4  16 22 34 88
1  86
5  28 12 99 38 58
2  13 48
1  79
3  87 14 66
3  29 86 81
3  23 3 83
5  54 99 87 86 12
5  66 39 84 64 76
3  83 89 91
5  37 78 81 3 22
1  89
1  51
1  6
2  89 59
2  88 46
2  100 18
5  39 2 47 15 42
2  3 31
2  70 68
6  51 70 19 60 59 22
1  69
2  44 58
6  75 46 32 93 45 49
5  84 50 21 98 92
3  1 23 70
5  90 67 21 59 86
5  17 7 91 86 34
3  44 19 9
6  50 1 34 99 75 17
3  96 15 41
3  15 63 85
4  81 6 11 67
6  28 73 76 14 7 10
4  26 18 46 76
2  79 75
6  95 23 89 9 64 34
2  27 49
1  79
2  14 90
6  99 17 69 75 31 84
6  100 1 32 76 19 11
3  12 5 72
1  14
3  35 38 63
5  46 41 12 59 30
1  58
3  76 32 77
4  15 64 51 16
6  26 34 6 75 46 11
3  46 25 82
5  62 44 63 7 85
5  66 15 82 23 62
4  55 38 8 69
1  58
6  97 83 18 2 58 64
1  4
1  37
6  89 98 29 51 5 14
2  70 28
1  93
6  64 47 27 71 16 29
2  100 25
1  17
2  69 80
3  72 89 75
4  78 73 86 28
5  100 53 47 27 59
3  16 22 86
3  93 1 71
2  1 96
2  17 22
6  97 61 72 86 35 29
4  8 15 91 85
1  43
2  41 2
5  57 23 56 99 16
4  69 36 57 65
5  74 86 67 70 46
3  56 81 67
2  88 81
1  73
6  51 3 35 52 73 91
5  28 89 90 84 58
2  41 22
6  14 8 60 83 54 98
3  34 65 56
2  46 64
6  40 14 97 74 66 70
4  40 98 53 30
5  11 55 22 33 47
3  40 6 18
6  4 56 27 68 11 49
1  74
3  52 88 39
2  53 9
6  93 6 43 22 87 54
5  8 86 23 42 26
2  59 19
2  14 46
6  25 94 12 99 36 64
6  74 90 39 83 80 31
6  22 53 74 75 29 81
4  51 22 87 79
5  6 10 94 51 9
2  44 21
1  79
6  3 53 74 41 35 72
2  75 25
6  49 53 76 10 3 98
6  82 78 1 91 72 52
6  90 95 21 7 74 5
1  27
5  50 62 31 22 84
1  46
5  54 98 55 64 1
4  60 82 30 61
5  2 12 72 92 6
6  99 80 97 8 6 75
4  68 6 79 51
1  25
2  64 22
6  28 23 36 87 4 66
3  76 68 58
3  59 64 40
4  44 37 65 50
1  22
1  17
6  67 27 24 97 91 46
5  18 68 16 4 72
5  50 48 49 8 95
1  72
3  65 15 71
2  64 82
3  80 98 50
3  24 74 43
1  20
2  31 88
3  35 59 20
6  6 68 92 1 76 63
3  40 77 5
5  41 87 19 20 84
5  66 8 42 9 21
4  31 52 48 69
6  6 89 70 12 56 62
1  32
2  46 71
1  51
3  41 37 59
4  21 27 28 68
3  48 28 66
6  75 35 86 81 23 55
6  79 17 4 10 41 50
5  41 100 21 82 37
5  42 57 5 68 84
5  3 32 100 69 74
1  17
4  26 71 47 4
6  50 14 28 99 94 69
6  14 50 36 93 92 97
4  76 69 63 8
5  31 39 41 33 55
6  59 26 42 62 13 92
5  40 91 69 8 90
5  58 25 75 50 17
5  9 93 40 71 1
1  1
3  48 34 94
3  92 20 85
4  33 76 29 73
4  97 81 55 80
3  80 55 87
6  27 96 89 66 90 73
5  29 20 1 23 63
6  42 47 46 74 23 89
5  27 43 50 65 23
1  52
2  31 47
1  97
1  98
5  80 26 88 48 51
5  90 97 17 64 19
6  10 8 60 36 50 1
5  14 52 92 45 99
6  41 11 96 9 90 22
6  70 69 47 41 58 44
4  22 63 47 31
5  6 67 20 16 68
6  30 19 83 74 17 82
1  28
5  24 18 99 21 87
5  68 28 26 11 84
3  74 31 77
3  36 44 63
4  11 55 81 30
3  54 46 20
5  74 97 92 91 96
1  78
4  80 5 88 90
6  34 64 19 11 7 55
4  70 6 65 24
6  95 62 40 41 81 8
1  78
6  5 73 12 82 35 91
6  22 81 75 56 44 94
4  50 48 21 19
4  85 43 40 79
1  79
2  86 87
2  63 86
3  36 98 19
5  88 5 92 68 79
3  11 73 14
4  20 34 80 74
2  23 13
6  28 91 16 13 78 49
5  63 85 10 60 3
5  48 7 72 15 86
2  26 58
2  87 78
4  67 51 83 90
4  80 17 54 96
2  31 44
1  94
2  14 54
2  94 2
3  65 17 24
6  43 82 16 29 59 81
6  10 64 85 73 44 1
2  39 30
4  83 33 51 11
3  4 42 39
1  80
1  21
1  87
4  85 3 92 44
5  88 53 46 72 25
6  73 51 28 2 7 10
3  57 20 80
4  62 18 66 42
2  87 45
1  50
2  10 42
5  93 29 25 38 1
3  27 73 100
4  74 7 63 8
4  83 87 24 45
1  90
6  26 77 31 34 60 44
5  33 36 96 57 74
6  6 100 69 54 42 12
1  49
5  100 35 99 45 40
6  31 65 61 98 91 21
3  58 53 77
4  10 50 16 18
2  4 59
2  21 8
1  20
3  6 64 82
6  94 47 59 55 44 49
5  85 7 28 62 60
3  12 9 52
4  27 73 65 85
1  85
6  12 5 35 18 69 17
1  62
4  70 17 7 19
6  92 25 19 53 85 56
4  94 8 25 20
5  90 5 85 75 97
6  79 32 14 47 48 26
1  11
6  26 17 14 9 39 36
4  24 91 25 17
6  50 36 78 40 62 14
3  58 93 68
5  39 15 97 48 26
6  73 43 7 90 51 46
2  12 69
1  37
6  13 87 21 91 26 60
4  40 96 10 32
4  81 71 78 19
1  71
6  46 77 81 97 22 5
1  90
2  45 75
2  31 95
2  57 54
5  96 50 84 27 13
4  98 91 43 16
6  13 6 39 89 87 35
1  91
3  100 11 88
5  43 18 68 66 74
2  40 69
5  24 96 84 88 93
5  31 8 67 43 14
1  32
6  41 42 91 84 1 71
1  44
6  83 10 62 5 49 31
5  73 27 60 61 20
2  91 27
6  34 41 5 65 46 7
2  29 48
2  99 62
5  88 45 85 49 50
3  80 25 6
1  85
4  25 17 57 52
1  90
6  21 55 33 67 61 64
6  8 96 94 70 71 81
1  56
2  64 90
1  89
6  16 73 62 41 89 18
6  5 8 85 26 62 18
6  22 82 88 30 77 99
3  62 13 4
6  76 93 2 64 88 17
3  50 57 25
5  49 30 75 34 56
3  51 49 59
2  36 88
1  17
6  56 79 99 60 70 75
4  72 39 40 88
5  90 45 100 57 93
2  32 27
6  68 77 34 26 9 69
1  17
6  100 73 64 99 32 34
5  84 5 12 24 93
6  13 37 86 69 29 15
6  56 1 68 32 34 93
3  3 7 58
6  6 31 52 5 62 86
5  46 91 89 69 83
5  81 19 60 50 48
5  49 3 75 16 35
1  9
5  12 15 33 100 21
4  52 25 38 2
5  28 91 39 10 65
2  29 24
5  76 99 17 78 74
2  13 82
3  88 94 56
2  94 77
5  46 2 7 83 3
5  11 93 15 21 57
2  49 81
1  24
5  18 2 53 51 14
3  91 1 28
3  21 22 23
1  67
2  9 50
2  85 60
2  99 81
5  33 29 58 34 53
3  52 54 89
1  68
2  93 69
4  39 89 72 62
6  39 86 1 88 13 85
3  33 84 28
1  16
4  66 50 9 3
1  63
6  2 31 14 95 99 64
2  88 35
6  80 74 81 61 94 64
1  26
3  37 35 64
6  1 13 2 3 14 64
6  15 94 7 10 93 71
3  80 6 38
4  79 19 38 39
1  2
3  38 50 84
5  13 76 72 26 77
5  39 41 67 54 35
5  63 27 44 6 7
3  43 66 27
4  3 66 73 5
1  11
4  97 82 67 73
4  92 50 26 30
6  93 83 24 66 46 50
1  51
4  58 94 22 85
4  25 51 28 29
4  38 83 60 19
3  32 72 41
5  98 71 90 54 94
4  99 44 66 50
6  24 43 21 8 98 45
4  25 74 22 63
4  82 6 13 53
3  94 50 17
4  40 70 58 95
5  2 60 19 83 61
2  91 59
5  49 83 41 71 46
6  52 27 2 65 80 48
4  29 65 22 68
3  79 63 3
5  23 21 82 6 4
6  40 70 45 23 11 15
5  7 67 95 9 31
5  57 89 2 22 10
5  55 89 33 58 69
4  78 50 60 54
4  99 24 1 21
3  16 89 41
5  84 50 12 57 7
1  59
2  10 29
5  99 61 40 67 15
2  17 75
5  70 31 75 93 96
2  46 85
4  28 68 16 40
2  22 40
5  50 49 11 32 47
5  71 14 86 88 31
4  64 1 90 39
6  21 35 20 66 19 87
6  86 2 33 10 24 72
