200 600
1131.60 1221.80
1011.50 359.20
1633.30 366.90
1169.30 844.30
50.60 632.50
122.50 167.30
1953.50 1956.10
1747.70 106.10
537.90 184.60
1761.90 1125.10
1327.00 1962.80
1923.80 278.80
446.80 428.80
23.90 1736.70
663.50 1072.20
1113.10 1795.10
294.00 124.70
154.40 1927.40
491.60 1323.70
771.70 542.30
1956.30 894.30
709.60 1909.80
850.40 457.40
16.00 1388.40
642.10 1777.90
513.50 1969.10
1740.80 437.30
248.00 187.70
866.20 272.00
1924.50 1529.70
1344.20 1037.70
1324.90 1638.30
1162.40 1479.40
1565.70 1654.10
803.20 337.50
196.40 759.50
1231.80 906.10
669.40 82.20
1363.50 685.50
1470.70 5.60
463.50 1984.20
1974.80 204.30
421.60 222.80
392.10 1287.80
494.80 316.60
817.60 1839.00
1354.30 142.60
1477.40 516.70
1622.10 1043.10
170.90 425.30
1380.70 367.30
1184.90 612.50
1273.40 1854.40
694.80 637.00
539.90 165.50
642.70 1003.40
149.80 617.50
1207.80 571.50
840.30 1599.90
1859.30 1335.20
1916.60 677.00
1174.30 1270.90
819.70 651.70
1787.70 441.80
1694.90 1958.60
867.20 1075.60
326.00 52.10
1688.20 1599.50
1906.60 383.00
236.50 446.60
548.60 879.30
1450.10 698.50
1496.80 657.90
1270.00 337.20
257.90 1129.40
1672.50 174.50
1806.50 846.80
1445.50 626.20
1498.60 1233.20
1068.00 1193.50
1191.90 1935.20
269.10 1517.90
1987.40 1957.40
1117.50 1894.00
340.50 1354.00
340.70 889.10
233.40 1790.80
1587.70 1730.30
448.80 857.80
67.50 706.80
1987.20 1740.00
881.30 1793.80
586.90 326.80
420.00 85.50
1560.10 1488.00
1279.10 752.00
1423.30 1548.30
270.00 1410.70
1505.70 1387.50
1304.80 1846.20
741.60 1645.50
735.40 975.00
1436.40 323.10
705.30 1885.30
1180.90 772.90
592.10 1168.20
513.00 1473.50
962.00 1100.00
1800.40 1382.00
1185.50 1360.50
870.10 464.70
112.60 293.40
13.00 382.60
1704.20 1518.70
1770.20 1009.00
1364.90 511.80
654.60 100.30
1486.90 91.10
423.40 192.30
1976.40 1604.40
965.20 568.60
772.70 1478.30
42.10 1734.70
578.30 1842.50
1116.80 1763.90
1203.10 1986.90
228.60 1315.80
280.40 241.60
1698.50 1984.60
1760.30 1468.70
993.70 1125.30
1980.60 1648.40
1225.60 1467.50
1739.50 1649.10
1659.80 1716.00
1253.60 625.10
284.60 26.30
103.40 326.70
1761.10 681.70
169.30 877.90
445.70 1372.50
864.80 674.30
688.30 1145.30
916.00 386.80
1129.90 676.40
1855.60 123.60
1801.70 1836.20
1772.00 1027.40
1303.80 1511.60
676.60 963.70
1227.60 1930.20
1588.90 1512.30
1956.60 1692.30
1839.00 1717.70
374.10 8.40
595.60 819.80
1381.00 1460.50
1494.20 69.30
605.80 410.20
456.20 1735.80
1086.60 311.80
1859.40 888.30
148.10 1631.50
1915.80 1452.00
1143.10 592.40
415.70 370.80
522.70 4.70
1883.10 479.30
1697.10 1722.20
197.10 71.20
1730.70 792.70
891.10 1111.70
253.30 385.30
1181.00 859.20
795.60 1637.30
595.00 1882.20
1949.20 454.50
770.60 97.40
86.00 686.50
1549.40 1229.20
1278.90 1965.20
1600.10 1801.70
1969.90 1483.20
281.10 1667.00
1205.50 478.20
1738.30 936.20
1271.00 629.50
47.90 1524.30
1014.80 1229.00
383.50 1810.50
866.30 978.60
1692.70 815.60
1433.10 463.40
913.00 1519.10
1149.90 462.50
748.40 428.90
427.70 348.50
230.60 397.70
1831.80 511.80
64.80 1037.30
990.00 1803.10
1973.50 261.00
432.70 21.50
1785.40 1447.50
1250.50 169.00
1258.10 116.90
1147.60 950.90
932.50 580.70
1414.30 1845.60
99.80 564.30
308.10 848.30
993.30 735.90
1196.80 1223.90
1133.60 1028.60
1735.70 1198.50
65.90 725.80
1001.70 39.50
986.90 1434.40
61.00 772.30
882.00 1311.60
941.30 140.10
1428.50 88.90
1091.00 361.10
669.60 505.40
206.70 769.50
1069.70 514.90
1617.80 63.00
1250.80 814.70
1287.00 384.50
1843.40 1022.80
1583.00 1909.40
1748.70 584.70
1948.90 735.60
19.10 10.00
1507.90 901.10
1321.60 449.20
1041.30 750.10
538.20 132.30
1111.20 1207.80
637.80 1318.00
1977.40 1707.60
1832.90 1595.20
1770.60 1083.80
410.00 1057.70
1468.30 253.40
80.60 1051.30
162.80 1829.30
1636.10 111.80
564.90 1655.30
121.80 72.90
556.50 1443.40
522.20 1597.80
193.50 1060.40
1730.20 1304.80
268.30 368.00
622.90 245.70
75.60 455.80
1841.00 1846.30
1539.60 251.00
904.00 1008.00
504.40 984.70
59.40 667.30
814.10 1695.50
779.10 1379.10
1350.80 900.90
1452.00 1907.30
344.30 1974.20
1505.20 537.90
1034.70 1235.40
1842.80 1303.00
1603.40 465.70
1548.70 1679.10
921.60 1389.80
1525.40 461.30
1640.80 429.50
1469.40 145.30
1414.20 1528.80
812.60 228.40
1224.30 1591.70
1607.50 575.20
492.60 1059.60
482.60 837.00
1033.80 1987.80
1374.90 68.60
1223.30 1217.80
1371.60 826.80
1683.60 920.40
505.90 605.30
310.30 31.30
1066.60 1951.10
460.90 536.00
96.40 1875.20
64.80 909.00
103.60 1289.20
500.80 1711.10
1864.50 993.40
770.70 347.10
1830.50 1804.60
335.00 1205.50
1873.30 1558.30
423.30 1245.00
385.10 106.90
165.40 891.10
712.20 475.70
922.40 1778.90
426.90 1383.40
315.00 523.30
1258.60 379.90
1432.40 1362.20
1669.10 1933.20
1073.40 1533.70
926.70 1844.20
1880.80 757.20
1648.90 215.90
1962.70 1522.20
1774.20 386.10
767.20 159.40
493.00 932.70
1050.50 1205.30
1408.50 1973.00
984.30 1835.40
1356.50 1299.30
358.80 615.10
1679.20 1791.30
1977.40 1348.40
1724.50 1050.90
882.10 651.30
895.10 763.00
1408.50 544.10
978.90 1371.30
66.30 753.20
1757.40 833.60
912.70 250.40
1766.30 1963.30
1455.80 1174.90
1936.40 440.10
1010.40 1292.90
1739.40 1369.30
1908.10 1418.70
1160.60 1885.50
767.20 885.20
936.40 1649.30
1536.50 1831.60
412.40 945.10
375.70 1391.30
316.40 442.10
144.60 73.80
1275.70 1057.30
324.30 1042.10
1020.70 1780.10
217.00 957.10
220.30 1227.50
250.00 1959.80
596.80 158.10
1378.60 1757.40
43.70 145.80
642.60 980.20
1795.20 179.20
811.80 207.60
1124.30 1187.60
1599.00 1440.70
1629.80 1743.60
1514.60 905.50
801.00 1838.90
1947.70 1821.70
1619.10 164.80
778.80 1839.40
1392.30 1028.90
1799.20 1989.10
1187.00 1177.80
1746.60 1230.80
1323.70 389.30
211.00 1118.90
568.50 1022.80
1326.50 1692.90
210.50 925.50
1133.60 1840.30
669.20 648.30
745.90 1470.20
487.20 693.60
1292.00 106.30
858.40 70.80
1945.80 250.80
1099.80 1745.10
239.90 286.90
923.00 1986.50
1517.70 246.70
375.90 1728.70
1365.60 944.40
751.60 692.20
637.30 962.10
1617.70 1771.00
802.50 287.00
419.30 1548.40
1757.30 906.60
242.10 1049.30
1012.90 1100.60
1120.20 958.80
1351.40 220.00
703.90 1591.40
506.90 1626.90
1578.00 24.60
1873.60 1953.90
1753.30 1239.30
898.30 505.00
1931.50 1535.70
1467.20 1549.30
1306.80 269.70
1836.30 1726.10
1818.20 1593.60
632.80 60.30
642.90 1645.80
1160.90 1763.10
604.60 512.30
1983.10 1308.50
103.70 490.10
935.50 1681.80
514.70 809.20
1635.70 268.10
48.50 534.00
773.20 1980.00
69.80 240.40
1529.30 1376.60
510.10 1365.70
1102.70 328.30
959.30 1735.60
388.60 1602.30
1381.40 1549.60
1365.50 1986.00
62.00 1348.70
1294.60 165.80
1838.80 230.10
1847.60 353.60
1039.30 1483.30
621.70 1087.80
17.30 1394.90
1067.90 87.10
1635.40 597.30
1463.80 145.50
1963.00 566.60
473.90 922.40
302.20 862.50
524.80 1683.60
412.20 1890.30
1669.60 474.20
1239.00 964.20
640.00 1077.90
1194.40 487.60
1431.50 233.70
1970.90 53.30
1321.60 1988.30
1448.30 389.60
75.50 1083.70
986.90 1539.30
1229.30 950.00
105.90 1703.20
1872.50 408.10
565.80 397.30
91.80 978.00
287.70 1761.40
1452.20 1526.80
725.70 92.30
604.70 1920.20
579.90 36.20
154.00 550.90
89.60 1475.60
539.20 1537.90
1865.30 614.80
621.70 852.30
154.20 1851.00
1802.40 260.10
1554.20 1674.90
668.30 120.00
72.30 760.10
1098.00 360.00
521.60 550.30
1886.80 1247.40
642.60 491.50
1167.60 1222.50
527.80 1321.60
1773.50 617.40
797.30 312.70
155.40 662.60
927.60 777.10
1515.00 1081.80
628.10 1317.40
1342.00 182.40
992.30 10.30
302.40 1064.70
770.50 1400.50
1424.70 1292.20
1950.80 1311.60
539.60 593.40
1803.20 1707.30
1816.00 331.10
1028.90 1589.50
948.60 1826.30
1902.30 1104.00
489.00 829.90
1881.20 4.00
1911.80 509.40
1321.40 1253.80
691.80 313.80
1264.20 994.20
1378.50 34.80
394.70 803.30
1327.00 345.50
115.00 1866.70
939.00 1918.20
1574.00 755.10
249.30 603.00
344.60 1197.90
429.40 247.00
302.00 918.40
1076.90 183.30
922.40 988.80
692.70 243.80
242.60 1384.50
557.70 1506.80
378.80 1936.20
1541.60 773.50
739.60 868.70
1119.10 854.60
735.40 58.20
772.80 309.50
813.30 1022.20
912.60 1158.00
220.20 1342.00
1405.00 522.30
260.40 482.00
705.60 1182.90
1470.80 1398.30
1426.70 1713.40
782.90 1984.50
1220.30 1161.70
1920.70 762.00
1935.30 660.40
1630.70 1054.50
1515.00 366.10
1112.70 287.90
675.70 1926.10
1310.10 1588.30
1084.10 1530.40
930.30 489.20
52.70 1190.70
971.20 758.30
373.60 442.00
156.70 1800.40
155.50 939.60
1785.00 1375.90
101.40 1705.80
137.90 36.70
366.20 1768.60
1091.20 1881.20
134.80 204.00
169.20 810.60
130.20 1479.40
398.90 1214.30
1009.80 1329.20
1703.50 1062.50
520.00 674.80
1820.90 893.70
1116.90 1977.60
694.20 1272.40
917.30 479.20
648.40 1018.70
185.00 786.30
1055.50 551.30
555.00 146.80
432.60 689.90
350.80 601.80
1500.50 481.00
81.20 1899.50
1695.40 1091.00
1228.80 1399.00
153.60 1748.90
73.80 1974.50
642.60 1190.70
1952.20 1336.90
463.20 869.50
1816.20 1111.60
1888.30 1.30
1898.00 943.80
552.60 453.10
1090.60 985.20
1143.10 1441.50
1587.10 643.70
1922.60 1668.40
543.20 1618.00
759.40 1772.00
1017.10 913.10
1520.90 1090.90
887.70 163.60
281.70 839.90
1500.60 745.00
1709.50 1316.80
1856.70 1597.80
1318.10 1754.80
541.60 1870.80
207.90 1632.30
856.10 1351.10
1073.80 443.20
1994.80 996.40
111.60 538.10
614.50 871.10
310.20 1631.60
1784.30 1831.20
722.60 672.00
1994.90 1004.40
1511.90 1495.50
1749.40 1221.50
812.30 1606.20
819.30 130.50
1361.00 1361.00
1.40 1569.00
993.30 857.50
920.10 67.10
1300.80 915.00
1063.60 1412.50
1453.10 1678.10
283.70 1763.30
1309.80 68.00
1594.60 32.50
740.10 1589.50
1037.00 252.10
1085.00 786.40
1473.60 1897.40
392.70 292.90
28.00 1753.70
1653.90 29.40
1322.70 647.20
887.00 242.80
714.40 187.90
1157.80 1778.00
1600.50 611.00
1456.20 1884.20
374.40 766.00
1952.30 1969.00
798.60 692.40
1558.50 1835.60
944.50 643.60
622.10 418.10
541.10 1014.80
711.10 569.10
768.60 365.10
598.60 91.30
1012.40 1485.70
334.20 1726.80
1673.60 1492.10
1504.90 1274.20
103.10 961.10
1158.40 477.50
1727.20 1110.80
446.50 525.90
1803.20 5.10
361.50 747.80
648.70 983.70
1166.00 1189.80
1998.60 1877.10
1759.00 767.20
242.30 357.60
858.60 1254.70
1843.40 1192.80
981.60 1517.10
684.90 486.60
791.30 788.00
1447.80 1949.80
1265.50 1175.00
1060.60 1712.10
1701.00 863.90
1717.20 62.60
1611.70 366.00
1046.30 777.70
1555.80 1045.00
654.90 1314.90
1812.20 897.30
1672.60 670.80
152.10 1516.00
1863.70 1133.80
1033.10 548.60
1620.40 1824.50
1336.70 1068.20
1774.30 602.30
243.30 834.90
314.40 1944.30
1698.90 31.70
6.90 1310.70
397.70 1053.30
88.50 1953.60
98.30 743.40
1268.50 1910.60
1640.80 941.10
581.50 1792.90
457.20 445.30
926.70 1490.30
993.90 547.20
1314.80 330.70
1615.50 1089.20
933.00 1858.90
1924.20 1247.50
1803.20 1623.10
1279.20 1810.20
933.80 1677.00
863.60 1022.30
1630.70 962.00
1765.80 899.30
872.70 1406.60
1840.40 1454.20
1199.60 297.70
1899.60 126.40
1788.00 893.50
673.60 1102.90
1224.30 289.20
192.10 157.30
148.10 116.30
1404.90 1951.40
1739.50 684.20
1761.60 673.30
361.20 625.30
1695.70 1992.00
1587.30 1461.50
891.30 460.00
868.20 731.80
1914.30 67.80
1029.50 1814.00
194.30 817.50
707.60 868.00
1920.50 1931.90
1157.20 112.70
89.30 1305.30
229.10 1494.20
1256.70 1968.60
178.40 1018.40
642.00 539.70
1643.70 337.70
531.70 1231.10
1799.30 1423.10
1691.20 667.60
154.90 1605.60
735.50 1184.40
1419.60 929.80
2.00 127.20
1797.80 1922.60
59.10 955.00
35.30 148.50
260.40 264.40
1642.70 1517.20
233.10 1821.20
535.70 875.10
360.90 179.40
1212.90 892.70
1410.60 1012.20
315.90 1101.90
1679.80 470.80
707.50 415.30
1655.20 127.20
1345.20 1657.30
254.50 1143.00
1579.90 313.70
98.10 1615.20
462.20 358.60
1879.70 105.00
1875.80 112.80
1926.20 411.50
987.90 287.20
591.00 200.90
1180.00 1.70
1213.10 1495.90
1103.60 893.00
1966.70 1811.20
1308.40 1622.00
1938.40 653.60
1279.30 193.00
1796.70 859.30
506.70 1894.80
474.60 969.00
253.40 354.30
1074.00 129.30
467.10 1000.20
540.90 1455.10
1287.40 1131.90
1656.00 467.50
1133.60 869.20
1963.40 237.30
1762.30 1930.20
48.50 1070.70
1552.20 1987.00
1724.40 831.60
180.10 1521.10
1690.90 686.80
1416.00 165.50
1655.80 1669.50
519.90 729.80
1798.80 987.10
1730.10 339.70
442.20 1017.60
1471.70 98.30
1485.10 605.40
967.60 1448.50
842.80 729.90
