1000 1000
1403.40 562.40
982.70 1109.80
712.60 361.90
1408.80 2161.60
2238.50 577.00
10.00 1151.40
440.80 1565.40
2362.10 2115.20
24.90 642.70
101.80 1109.80
436.10 916.30
147.00 1406.00
334.80 2196.70
1421.10 1303.20
517.10 2171.90
1926.10 1920.60
234.30 408.80
530.40 946.90
770.80 1939.30
608.60 509.30
16.30 618.70
1660.80 457.10
2184.10 1522.90
72.40 2209.10
2165.60 174.20
819.00 101.70
1090.50 966.00
1507.80 1425.40
662.70 428.90
228.60 1179.90
100.90 2154.80
600.60 335.30
63.70 1131.10
1282.30 834.50
570.40 1891.00
1343.90 586.80
9.70 504.70
1044.00 2193.80
2027.70 1116.40
1903.00 1693.30
1290.70 222.00
1795.10 2381.30
1188.00 803.00
1306.80 1850.80
1232.00 1535.40
530.80 1332.90
1190.20 1131.40
1668.30 1254.00
2262.50 450.60
2088.50 332.90
2341.60 932.40
919.80 2351.30
1437.10 1963.90
2045.20 964.90
580.40 1448.30
158.20 1871.10
1670.30 1953.40
1752.50 358.30
256.50 559.30
2209.20 1488.60
2094.80 240.00
321.60 785.10
1371.40 1989.90
2039.10 1133.90
2440.50 1627.70
1466.90 2282.20
60.10 2386.80
2133.60 1497.30
1850.70 1678.80
2462.20 2431.10
627.10 120.50
1802.30 2297.50
2074.00 1054.90
155.90 2330.60
1614.30 2365.10
1319.20 1209.20
105.10 1640.80
1994.30 1476.60
1130.80 1533.50
110.50 1071.30
661.20 1577.50
853.50 721.40
1464.30 487.10
2218.80 815.10
2166.00 2181.10
746.30 293.20
2301.70 48.70
90.80 1875.70
1103.60 246.70
1706.40 218.00
111.80 525.70
1427.20 217.00
2166.60 921.50
1693.70 797.40
2455.00 1804.30
1868.70 616.30
881.80 222.30
1337.70 2346.20
709.50 1056.50
661.30 375.60
737.60 1407.70
668.90 539.30
1456.40 759.70
2415.10 60.00
1006.40 1621.50
278.10 1118.30
2147.30 1705.30
1335.30 1813.90
126.90 529.00
111.30 82.00
2333.30 1980.10
698.30 715.20
2202.40 2036.00
561.40 412.00
592.60 1222.80
787.60 1330.30
130.50 1456.50
1869.60 1586.90
2216.20 1784.80
1647.00 722.60
906.40 1925.10
1840.90 553.70
1130.50 676.30
2367.60 1257.40
1205.40 2478.90
1339.40 1038.80
1959.00 2037.80
1754.00 1661.50
1573.90 2315.50
2073.50 2166.50
1038.30 361.20
996.80 1168.90
1817.80 366.50
255.80 1534.00
2151.30 1902.90
2256.70 557.70
1328.10 1597.70
1111.50 2458.60
2274.10 979.10
1216.00 979.50
958.10 55.50
2018.30 417.20
2093.30 1272.40
2078.80 1167.20
1087.90 1652.40
833.80 2126.30
2013.60 1830.60
795.20 1331.40
2197.20 1051.00
365.50 1848.50
454.00 122.30
2406.30 1782.10
1720.00 1017.80
1740.70 1494.20
1997.00 456.80
2473.70 455.20
512.30 1992.10
872.40 105.70
764.50 451.30
1273.00 1852.50
2103.70 2106.80
1478.80 1617.40
1437.50 2274.00
448.90 1134.70
825.10 814.40
483.30 1279.10
936.70 389.70
561.20 156.80
1407.60 2302.00
1651.00 904.70
258.80 1624.80
1359.90 771.20
1116.90 2232.40
877.00 1881.50
183.70 2150.00
1234.00 2287.40
1756.90 212.80
1404.90 694.50
2486.90 1853.80
1829.30 812.00
168.20 2312.70
2091.10 1105.00
202.40 152.40
1261.90 1610.10
2454.40 413.00
14.80 213.30
2037.80 1374.70
984.60 654.80
1107.20 1861.60
36.40 1290.90
1511.70 1270.50
1078.40 768.70
1483.30 2483.30
1463.20 1470.30
1837.10 792.60
2282.30 2005.40
605.30 1873.50
610.50 807.80
2026.00 1872.40
2417.90 1980.50
2285.40 2432.80
2193.80 1823.30
1307.50 678.50
2478.10 2414.70
40.10 14.60
1205.70 1551.90
1285.10 2284.20
2320.60 268.50
2267.50 1283.90
1738.80 1604.70
2076.50 1521.10
1110.10 181.90
894.70 1720.60
989.70 420.70
1093.10 907.70
2401.20 878.50
840.50 2095.10
201.80 2148.10
273.60 180.00
2062.90 313.80
194.60 768.60
1865.70 1479.70
552.80 1686.40
1748.20 320.40
470.40 987.10
1925.10 46.90
8.30 535.30
228.90 903.00
2256.00 1218.60
1323.70 849.10
2126.40 1225.00
1727.70 466.90
820.10 1929.60
115.10 1093.80
2109.70 2178.00
1407.60 2304.40
446.70 773.40
1284.20 999.60
2459.90 532.40
1320.00 430.30
1519.60 745.20
477.20 1527.90
1280.60 706.20
2430.90 1036.70
1924.90 1254.70
1885.90 1551.30
2479.70 1113.60
2018.30 799.90
543.30 2133.40
1893.70 153.00
1811.50 801.40
2457.40 2258.20
1574.80 1241.60
757.80 1534.70
1774.10 2077.90
1965.00 793.70
323.20 2442.30
2321.70 1603.80
648.50 2252.60
140.60 73.50
1007.40 2026.50
1624.80 987.10
640.20 1143.20
1787.10 1183.50
776.60 1180.80
1336.60 88.10
1982.20 1294.10
2346.40 1057.10
35.80 604.20
91.80 1809.90
182.20 2056.90
103.70 505.40
1999.20 2425.50
2109.30 147.80
2178.10 2249.90
221.30 685.50
1776.40 1846.20
1672.70 2416.60
489.40 959.80
1100.20 1266.10
2140.70 2436.80
1354.30 1623.00
1230.90 1200.70
180.10 1266.70
1804.90 272.00
576.70 1987.20
2328.90 680.50
2492.60 1828.20
606.00 2102.00
1976.10 284.10
1851.90 2197.40
969.70 1128.40
1543.70 142.50
1045.00 2033.10
1102.40 2145.30
799.30 743.10
2082.10 2153.60
2366.20 813.00
854.30 46.30
2079.80 159.30
318.30 156.50
2146.50 147.30
837.10 2139.20
1975.50 1443.10
1741.20 1451.70
1727.30 1093.20
1149.20 197.10
2221.60 192.90
339.60 766.70
2226.10 1442.00
412.00 525.40
2185.20 2494.10
179.00 2051.50
807.20 1033.30
2097.80 387.10
1192.70 2416.20
543.60 839.20
63.60 1380.70
478.50 2039.20
323.90 2219.70
990.90 2051.20
812.90 2140.10
2248.30 534.50
2333.10 88.00
1301.30 2059.20
1530.10 1713.30
84.60 1215.40
1707.50 263.70
766.90 14.70
1297.10 364.70
401.80 2489.80
281.00 945.50
829.10 344.60
2326.30 1307.60
2383.80 150.20
1027.40 874.80
2201.50 1840.30
514.90 1949.90
2374.90 348.00
2037.90 1176.20
2407.30 1068.00
389.50 2492.00
2283.40 2097.10
255.70 550.30
2111.80 1552.80
915.10 13.70
1542.70 1196.10
959.30 2371.80
1540.80 785.60
1179.40 1424.70
935.90 2206.80
2299.60 637.50
1547.20 314.50
87.40 1422.20
662.60 2125.30
98.40 570.00
693.40 488.00
562.00 476.80
85.10 817.70
1027.20 2197.00
2370.60 1942.30
2210.80 1413.30
638.50 670.10
1285.20 2179.40
1455.80 2464.70
1104.10 2391.70
2171.60 903.70
529.30 1218.90
1218.30 616.70
141.10 1881.00
242.00 239.60
2451.10 935.40
727.70 513.10
1412.30 812.90
1330.90 2439.50
509.90 1201.50
1881.90 220.70
114.90 20.40
890.80 1400.20
2199.80 2346.60
1364.90 804.00
2238.40 1036.60
1707.80 267.70
2255.50 426.20
884.50 2396.60
2307.20 1126.60
136.30 2258.30
2062.10 864.00
271.50 974.40
1676.90 1602.40
914.00 2186.80
304.00 295.90
2407.60 419.00
316.30 798.50
1819.20 16.20
645.20 684.20
820.20 383.70
1720.90 28.10
651.40 1476.40
454.30 1536.00
1373.10 261.60
162.60 1509.40
19.90 2224.70
2373.50 291.50
699.20 1550.40
1893.90 1613.20
1237.30 2198.00
1909.20 1145.00
117.00 2225.50
1943.50 1936.30
2241.80 88.70
120.60 562.10
472.40 1841.50
590.20 1123.90
818.00 1044.60
159.90 2191.20
1306.20 322.50
1200.70 1326.20
47.30 1074.20
1617.70 746.50
124.70 1011.70
2359.80 1362.00
709.70 1769.00
7.00 826.80
1494.60 1950.60
263.10 1236.40
2039.40 383.70
1798.60 11.90
2225.30 2388.90
1135.80 543.40
933.50 1295.80
234.60 2239.70
1618.40 1435.30
1065.90 1665.70
9.50 183.60
2412.30 134.30
1195.30 2272.10
1496.30 1905.10
1541.20 1503.40
231.90 535.80
954.10 495.00
1772.30 493.50
878.80 1070.90
505.40 604.20
959.80 1641.30
1147.60 1893.40
437.10 1382.20
1633.10 2055.60
317.60 199.00
1221.40 327.20
382.70 1133.70
461.50 1578.10
905.90 1957.90
983.20 2447.10
961.40 1215.10
483.00 1915.50
1710.20 2255.30
2409.10 89.10
826.30 414.60
693.30 1786.10
2055.90 1841.00
1179.50 2493.10
723.20 312.70
2048.70 1040.80
511.80 770.20
1368.00 894.50
1903.90 1829.60
2472.70 309.90
1287.50 956.00
257.10 2248.90
2171.20 740.10
1664.50 1381.40
495.40 1573.60
1470.60 1321.70
1988.20 2163.90
607.90 1544.20
1504.90 1787.50
1537.30 2228.20
2100.30 1086.10
769.10 112.10
1856.30 2137.20
1006.70 1260.30
1466.80 979.40
1570.30 254.30
1935.50 1827.40
3.30 1606.70
67.60 1667.80
488.10 563.10
741.40 1958.80
1884.90 229.70
1622.70 2492.80
1773.90 627.70
1780.40 811.30
356.00 1380.70
1897.50 1125.10
1492.90 1253.90
762.30 2499.60
14.30 2229.10
979.10 1584.60
2483.40 414.60
912.10 2486.70
2021.30 979.70
1654.60 9.50
1542.80 2396.00
1968.30 927.70
125.80 1091.10
920.60 1899.80
1718.90 201.10
211.20 2074.90
1581.90 2108.70
700.00 574.80
862.70 1462.40
574.40 877.00
1191.50 1553.60
2461.70 1175.00
1968.20 873.90
1161.80 1489.60
1853.60 316.50
1499.10 896.50
212.60 967.50
1824.20 338.40
2058.70 244.90
2238.20 1277.60
446.00 2449.50
852.50 2027.90
2058.30 1552.60
102.70 421.00
515.00 677.20
1298.10 1706.60
2230.90 1259.90
381.70 1699.10
2133.80 1543.60
688.80 1487.50
1860.10 2188.00
2384.00 2072.70
655.50 1708.30
2411.20 214.20
1953.20 2149.50
1491.90 2399.30
2099.00 2344.40
1927.30 1657.30
1397.10 2030.00
2078.40 1912.20
207.30 876.60
1118.90 2438.20
2136.50 1500.60
1637.40 1770.40
544.30 2326.30
757.90 2404.40
2014.30 642.00
1977.20 169.80
2350.30 1888.40
384.10 1803.60
1537.90 1876.00
1703.00 1136.90
1720.50 1130.30
294.30 617.60
660.40 2372.70
29.90 867.70
749.40 1148.80
806.00 385.90
149.50 2443.50
2156.40 693.80
2269.80 414.30
598.30 1784.10
1056.30 75.50
1954.00 906.70
1964.00 2338.20
210.30 1002.00
1714.20 1913.30
2138.90 934.80
543.70 2433.30
1552.50 1204.10
2306.10 1582.40
2071.90 555.50
231.20 377.90
941.40 380.70
321.50 597.80
1074.60 91.30
1012.20 1672.90
1875.50 2068.60
1748.50 1329.60
475.30 1212.60
1167.80 685.70
2214.60 382.10
99.10 1853.60
1316.90 642.80
1786.90 369.40
1847.00 1593.00
1951.80 1418.90
2148.50 2183.10
1796.90 590.00
63.80 2118.40
1187.90 1138.50
2209.80 2200.20
311.40 1585.40
1768.80 2060.00
415.00 2244.20
772.60 1582.80
430.00 487.20
1965.00 529.20
2340.80 781.90
1172.00 1627.80
1151.40 519.10
720.80 603.30
1938.00 369.40
286.40 1234.90
959.50 350.30
853.30 2147.40
1488.80 563.20
1847.70 1800.30
2148.60 1116.60
1360.30 63.60
860.80 2133.00
1646.50 1290.90
120.30 1111.50
1820.10 2461.10
1893.50 492.20
1589.00 545.00
1011.30 2309.80
1148.30 449.30
179.30 1434.80
1684.20 1138.80
1785.10 37.60
786.30 774.00
600.80 134.00
74.40 249.40
1250.60 1434.80
313.00 2111.50
1067.80 1959.60
902.40 1188.10
571.10 222.50
1149.30 2464.70
714.70 238.30
509.70 1726.00
48.20 1658.00
2175.40 227.50
592.90 1359.60
1366.40 2378.00
1397.30 2152.70
652.10 1998.10
2286.80 726.50
2247.60 1037.50
2161.30 60.60
649.00 729.20
2020.20 1551.50
1917.40 91.40
1774.00 566.80
56.10 2488.80
805.10 565.80
1714.90 853.40
2223.90 1390.30
1081.00 316.80
250.00 2447.40
194.90 1647.30
2100.20 847.10
1145.50 1887.10
1573.70 893.10
424.60 1235.10
953.80 1073.70
1964.30 474.10
125.20 1381.70
565.50 1899.30
1948.60 621.70
1888.20 253.70
1187.60 1103.10
1107.20 911.50
2493.50 2188.20
1228.40 243.60
2135.70 1423.40
1891.00 1736.00
2270.50 536.50
1123.10 1344.20
1429.60 1547.80
79.30 2383.50
121.60 2043.70
357.60 246.90
925.50 923.20
2146.20 374.10
1544.90 1534.50
627.90 232.50
137.70 1735.10
1144.10 131.20
1423.40 2372.60
374.80 1059.20
1296.00 2265.80
295.20 1066.60
302.40 1418.40
2410.90 1732.10
466.20 2490.30
1615.60 587.80
2034.00 1973.20
834.70 459.60
396.40 481.00
833.80 1941.40
2015.50 1461.70
2174.00 2153.20
696.90 818.20
2284.50 2120.30
690.80 159.40
679.60 1986.90
2425.30 974.80
553.60 227.70
2393.20 464.50
1959.90 359.50
454.90 1075.50
947.40 2489.00
548.80 1782.20
448.60 945.20
2263.20 1282.40
386.70 1778.80
244.20 60.70
1432.10 941.10
878.90 1216.60
561.50 1569.80
1376.00 1241.10
1056.70 1301.40
2216.00 1610.40
1529.10 2109.30
2074.90 989.00
2468.80 29.90
2064.60 916.30
18.90 113.40
198.50 467.50
1058.70 2461.70
1750.00 1445.40
1740.60 1994.30
1506.10 672.70
435.40 2385.10
1889.30 997.00
1454.90 765.40
2238.20 11.70
2066.80 1954.30
1622.10 1096.00
1563.60 1197.10
2085.10 1532.50
1227.00 1649.70
2448.80 1245.90
1763.20 147.30
1713.50 321.90
109.10 963.60
1767.30 1849.70
457.90 773.50
22.40 893.40
658.60 1911.70
1890.40 2113.60
177.20 1628.70
2125.30 2244.00
1083.00 1247.50
840.10 146.70
2444.60 425.20
1679.20 1171.70
2075.00 1628.00
2417.60 1338.20
1775.40 1631.20
1660.10 1884.50
94.80 927.50
1234.20 552.80
1701.10 1256.60
1446.20 2359.70
668.40 836.70
1973.40 845.60
2465.40 1598.80
589.70 1048.50
346.30 1429.80
1195.20 290.90
1855.10 374.40
1462.70 1430.10
2002.50 1380.30
268.30 1277.90
511.60 1928.50
662.40 606.50
356.00 1896.70
1159.30 2057.10
653.30 105.50
1916.90 1321.80
942.30 1390.40
2167.40 907.80
489.20 257.20
1956.30 835.50
1687.10 651.60
1126.50 1042.20
1026.10 89.20
2472.30 528.60
1469.60 240.70
1806.60 1981.20
2169.20 2469.10
87.80 25.30
1865.80 1247.10
2082.40 19.20
1352.70 1499.40
1341.00 2295.00
389.80 1008.50
702.80 879.00
1265.70 159.20
1714.60 452.90
810.80 341.10
1495.10 1836.90
430.40 1467.50
2365.60 1900.00
1708.20 1672.20
1381.30 1377.40
1641.40 1469.10
1402.70 1007.20
216.30 985.20
1026.50 1569.00
2484.70 2367.50
1364.00 374.60
876.00 2066.90
1253.60 2141.80
2226.10 468.30
94.70 536.90
809.50 1589.90
2373.80 1239.90
557.40 2239.50
640.00 2265.60
1411.80 2021.40
1143.10 553.20
990.60 45.90
1560.40 1206.90
1031.20 86.90
275.90 1015.90
2454.50 1640.00
1390.50 830.60
1206.90 144.20
472.50 933.10
612.50 567.30
1470.00 1422.10
2157.20 1343.90
162.00 214.60
1083.50 802.10
2480.30 2495.30
323.60 1123.40
548.50 1314.20
1169.30 2109.00
21.10 2200.60
2196.00 297.10
716.50 2150.50
1937.20 2107.10
481.20 644.20
2251.40 953.70
1577.30 364.00
1521.00 547.40
1786.10 1178.20
1891.40 1948.20
1392.90 474.90
250.30 1373.20
470.20 573.90
2496.70 1018.70
1888.20 1166.10
627.80 1909.40
866.70 323.80
2206.50 1583.30
2474.40 1643.80
1190.40 455.60
2288.00 941.80
1409.30 1365.40
1305.80 430.40
1912.80 592.00
1608.70 1304.20
40.20 501.60
1779.10 290.50
1874.80 2249.40
864.50 1871.60
768.10 252.80
537.70 1395.90
2162.20 1404.40
1719.80 1868.80
487.70 1694.20
1012.60 1678.10
2149.80 800.70
120.00 1059.20
2166.10 1425.90
1489.60 1578.90
2017.90 598.30
383.20 2058.10
1100.00 2162.40
2348.70 474.90
1911.80 713.30
2346.50 180.00
966.10 384.20
1575.90 628.30
1788.60 795.70
2497.20 2276.40
2490.00 1009.80
1454.50 2139.80
1810.50 1574.60
699.10 1476.70
500.60 2188.70
555.70 18.50
287.10 938.90
2076.70 1387.20
601.30 1925.40
1862.10 13.20
138.70 1708.60
193.20 1104.90
2092.90 1769.20
1733.30 1381.50
65.00 1730.50
1157.90 55.00
240.30 112.50
2194.90 2050.90
1687.20 394.00
1027.60 2187.80
82.80 1583.30
2206.30 370.00
22.30 1783.00
1757.20 623.70
1208.50 1119.30
636.90 1347.30
328.00 830.20
2452.20 2420.90
99.40 1685.50
1302.50 164.40
916.00 2460.50
219.40 1156.40
73.10 2414.40
707.40 1760.30
308.40 1735.00
1448.20 391.20
818.40 1154.50
761.30 840.80
437.60 18.50
1464.50 1646.20
1137.90 2101.50
493.50 1465.90
431.70 445.80
1386.80 531.10
2131.30 189.40
695.60 547.40
149.90 915.10
1703.90 223.00
829.50 2411.30
1983.40 1137.90
1646.30 931.60
1529.20 2464.80
2086.20 2290.50
805.70 23.90
2309.10 2270.30
1670.10 947.00
1871.80 2163.70
2412.90 2303.60
109.50 1299.80
334.80 2240.90
1489.20 1030.40
288.40 1639.10
1945.50 1992.30
1862.20 275.10
1903.60 1345.60
1413.00 1050.00
2277.20 442.30
1014.90 1863.50
232.80 1820.60
1887.40 42.00
1590.90 1057.50
989.00 962.80
721.20 901.90
766.40 830.80
2201.80 1101.30
571.80 1191.00
2131.80 860.20
330.20 1577.40
352.50 2192.50
1852.50 2256.20
1038.10 765.50
806.20 815.40
1207.90 1821.20
178.90 1440.80
1141.80 2066.30
1482.80 232.80
623.90 2471.80
1195.60 1345.20
873.80 1962.10
2176.10 575.60
563.50 247.90
1766.70 195.30
1108.10 2096.90
1772.70 1460.70
1789.50 1125.20
1216.90 327.70
1890.80 2023.20
1143.10 598.70
1344.40 1322.10
2039.50 2486.30
888.50 1022.30
219.10 1512.50
994.20 1414.80
357.70 1868.00
877.00 33.80
2443.70 1440.50
281.70 1710.40
1635.90 1389.90
1307.40 908.60
350.70 596.90
2033.90 1567.60
924.60 1424.70
1090.90 2067.80
2023.50 2435.40
890.00 1563.10
2421.80 1778.50
85.50 141.00
791.10 1079.70
1555.90 1148.80
447.80 2432.90
1182.70 391.50
1373.50 1464.50
2102.00 509.40
354.50 909.40
1418.10 705.20
1506.40 952.10
2272.90 2431.00
2376.90 863.80
1998.90 1900.40
799.30 388.90
963.60 721.10
2167.50 1049.10
862.10 458.60
2128.90 2418.00
1607.40 76.80
2351.00 290.20
468.40 1224.60
1754.70 70.40
1734.10 2109.20
979.90 652.20
314.40 2486.30
1604.40 87.30
2417.40 1481.30
951.20 1916.30
881.70 1750.50
2305.20 1845.40
2471.70 1972.70
394.50 833.90
2431.30 23.50
752.00 1538.80
100.30 603.10
1829.00 568.70
1827.70 1083.80
639.20 1061.80
693.10 1619.10
1714.10 1007.60
1605.40 818.50
1094.90 1522.90
2299.80 2046.20
939.20 681.60
1296.80 744.50
27.00 1268.60
217.20 421.60
2102.50 148.60
445.10 354.50
1687.40 545.40
957.70 1016.50
1114.20 285.40
2100.40 1753.40
1347.30 293.50
872.50 561.40
1301.10 2478.00
1380.00 2396.10
1500.90 1179.90
1942.40 2440.20
1861.50 739.20
684.70 1888.60
2007.80 901.90
2310.30 1610.40
1050.60 255.50
1965.00 238.10
801.00 422.70
1254.70 1915.20
708.10 855.10
1168.60 2055.40
1148.70 2041.20
116.90 2449.90
2019.30 1497.00
2346.00 1020.30
176.90 1788.50
960.50 2038.50
27.80 1645.20
1427.20 2035.60
47.20 1237.50
1146.10 1097.80
1493.00 611.10
1335.90 2294.10
1033.80 90.70
1709.30 1742.00
945.80 378.00
1297.50 2094.50
2419.30 1414.50
2044.50 1938.60
411.50 1890.60
458.90 588.40
1179.10 1419.50
126.90 1206.90
564.70 1554.20
742.60 612.00
291.70 1888.70
1709.80 1784.80
2499.80 545.80
1578.90 1033.70
636.50 788.30
275.70 1582.40
1166.40 1573.30
1177.00 1085.70
487.80 721.50
524.40 899.30
112.10 983.40
1487.70 1291.30
2402.90 1614.70
2498.20 467.70
668.90 740.80
1079.70 960.70
129.60 289.50
245.60 129.50
835.40 1824.60
1163.20 1472.00
112.90 1439.00
554.40 1279.30
512.30 1731.50
2365.10 1000.10
2453.10 389.50
1899.40 65.20
1372.90 887.20
1356.50 1275.90
2.00 1354.80
1743.60 671.00
2095.60 323.30
1631.80 2225.30
612.90 1877.50
2354.80 1448.30
1202.10 1018.00
420.40 1315.10
2457.10 974.90
94.50 469.40
206.40 2459.60
1469.60 159.50
349.10 869.10
224.80 1722.10
1756.40 1581.40
498.00 1758.40
436.20 2241.70
2429.50 31.90
65.00 1561.40
2257.20 677.90
938.90 2112.00
2126.30 2141.00
630.10 46.70
956.20 587.30
1021.60 1050.70
1056.70 1228.00
1010.30 26.40
1387.60 1359.50
895.50 1612.40
581.70 151.90
693.80 1079.80
1910.40 1130.10
821.50 1839.90
1162.00 886.50
901.40 919.20
1564.40 1840.30
531.30 1190.80
1481.40 1161.50
1237.50 2437.60
1748.80 2259.10
988.30 305.60
987.20 1998.60
332.00 2374.90
858.20 1227.50
1487.30 1439.90
1379.40 2181.20
19.70 789.90
811.30 841.20
129.80 1973.40
1727.80 1031.20
392.60 792.30
371.60 924.00
1983.10 1853.00
2085.60 720.60
1790.60 1334.40
479.80 279.00
1640.10 1467.10
2277.70 1972.10
1342.00 635.90
699.70 329.40
2075.90 2079.20
10.60 2095.60
369.10 822.00
436.90 499.00
295.40 2164.80
1530.30 688.10
457.10 1901.90
1612.20 2440.20
1255.00 1197.80
660.90 545.60
32.20 1140.80
824.70 1672.30
107.90 602.40
1144.50 1449.90
1238.30 1844.20
1779.30 814.20
1423.40 1790.00
409.90 1792.50
112.10 846.90
2291.50 407.60
511.80 1321.80
1095.70 968.90
723.80 207.90
909.20 1978.80
1405.80 1570.20
24.50 1438.00
211.00 849.20
610.40 319.00
1451.60 1755.00
1768.90 190.00
1099.20 1048.30
1004.30 22.70
338.40 1414.30
1815.30 450.50
2261.30 1606.80
858.10 273.10
428.70 1953.90
1242.10 1152.60
2161.90 2151.30
631.40 1067.70
1221.60 656.00
5.80 1432.70
1505.20 616.20
1751.70 456.90
2371.30 1020.70
646.90 970.50
2069.00 1651.30
993.30 2407.50
565.60 308.60
358.00 326.90
1915.50 1216.20
600.10 2344.20
670.10 1842.20
996.90 332.00
1493.60 1628.30
1399.70 215.20
2284.40 1405.50
1647.90 1289.60
2021.80 899.70
1746.50 1893.20
1920.40 2393.50
363.80 1489.50
1544.80 1357.10
1397.00 2110.50
1665.70 1755.10
2437.50 1081.20
471.30 537.60
925.50 1141.50
2379.80 1922.40
1473.60 1373.40
1050.80 373.40
1588.70 835.20
1779.00 736.70
2124.90 1300.80
1636.40 1371.50
694.10 1056.80
1265.00 1057.90
46.30 309.90
2415.00 1443.40
2420.40 1580.70
698.50 2358.00
162.00 1169.90
395.60 1087.60
2311.40 275.50
510.10 1285.10
1649.00 1560.90
1658.50 737.70
2396.20 937.50
1474.40 2021.10
2238.40 610.80
892.60 432.50
1667.60 2157.70
1490.40 1714.00
2467.70 1405.40
657.40 2388.20
486.20 1355.90
2246.20 648.30
25.90 141.80
1735.90 2337.30
417.40 2246.00
1122.50 2066.40
1307.00 281.00
304.10 1203.20
1218.50 1778.60
724.40 957.00
2389.40 1617.10
1389.50 1557.10
1274.80 379.90
771.10 1242.60
1785.40 1428.60
1130.80 2271.70
284.60 877.10
420.00 310.50
1018.90 2156.00
147.90 1436.40
1902.00 1270.40
1002.80 709.00
1551.40 1307.00
1912.30 270.00
585.60 136.70
1227.00 475.00
1753.80 116.50
2032.20 528.70
496.50 303.40
1771.30 2282.00
1732.00 402.10
2053.80 2016.60
1279.20 2473.80
2327.10 2298.20
2129.80 2475.10
1234.70 1531.90
1245.50 2237.50
2241.00 296.90
1044.50 1653.30
567.00 1630.10
1790.00 1794.00
2105.20 1043.90
1910.60 1637.40
1572.60 2407.20
1940.80 844.00
2189.30 1172.90
1246.20 1743.10
689.50 25.50
1717.00 516.70
2323.80 1346.80
491.80 1058.50
378.80 1737.40
796.00 119.80
2034.40 1840.60
1773.10 101.40
970.70 1063.20
1895.50 576.00
2107.20 1306.20
2213.50 1179.80
1213.40 1654.40
2023.90 902.80
327.30 770.10
145.90 1016.90
795.60 1862.90
1533.70 619.40
709.80 2025.60
1677.90 1088.60
1263.00 2474.00
1208.40 797.40
1814.60 481.60
898.90 285.40
1544.90 294.40
861.50 1152.10
1600.60 575.00
2332.00 314.10
2229.50 1855.90
1216.90 56.90
126.00 1362.90
1073.80 921.70
725.90 107.60
1541.20 1435.70
2133.20 719.10
24.40 896.30
693.20 1232.90
1693.80 7.90
1714.50 92.70
293.40 759.40
387.10 1155.00
1911.60 1987.80
1730.00 1743.60
2302.00 1459.60
1099.50 1018.90
1516.50 1225.60
2381.90 90.40
2147.30 607.80
198.00 1188.50
2043.60 2331.30
1907.70 2068.00
727.60 101.00
800.90 2421.40
109.00 15.50
14.10 402.40
775.00 401.30
1557.40 186.60
2389.20 787.50
1930.20 2191.20
2247.10 529.80
710.20 1263.70
1755.40 592.10
1354.10 1402.80
1199.90 1552.10
91.40 743.60
1383.50 1999.20
311.60 2111.10
2100.20 1112.60
2032.60 2209.20
1128.10 2046.80
111.70 1903.10
2448.10 1669.10
2089.80 2337.40
2456.70 1520.00
2028.60 2203.90
2049.80 238.80
967.60 1305.30
830.90 2321.80
208.20 2030.90
1374.00 299.60
274.50 257.50
2298.90 586.20
2368.70 1899.10
1698.80 1901.30
1608.40 327.00
1448.10 1720.10
2230.20 1396.30
889.30 1820.00
1233.70 846.00
840.00 762.30
550.00 389.90
1001.20 1517.70
1695.30 1832.10
1339.50 1903.60
1363.10 213.50
2203.20 1637.70
471.10 2002.10
2223.90 339.80
1401.30 1422.80
2241.20 509.70
1749.90 1189.30
2229.90 1480.10
85.60 619.20
800.10 1319.40
1465.30 1640.20
2081.70 2015.40
2030.20 582.90
1033.10 1225.50
2415.10 2372.70
629.10 1278.30
86.20 332.40
416.00 557.40
2334.60 140.00
897.20 1236.00
1562.90 638.50
1745.80 812.80
1827.80 1475.70
2293.00 1913.50
2095.00 593.10
732.90 1060.30
2233.40 314.70
575.70 1763.60
897.70 1608.90
489.20 812.90
1481.60 1118.40
2091.20 1567.90
1450.90 7.30
2125.30 1285.60
147.40 522.60
21.60 1710.30
1161.10 1767.40
23.20 489.00
743.20 2316.30
2402.50 338.20
409.40 635.50
1398.50 142.90
950.20 1974.30
1906.50 1848.00
1083.30 2395.80
160.90 64.90
1014.20 2252.10
1632.80 2465.10
2259.50 1258.20
1250.70 2406.90
1780.90 1272.40
1617.30 442.00
539.80 1640.60
931.10 1283.00
1456.90 833.70
1621.20 1866.40
1469.20 519.80
2009.30 2419.50
2494.20 1415.90
1767.50 1077.50
1311.70 1928.40
1142.50 2326.00
1680.60 275.30
2291.10 1440.10
1533.60 1041.90
1347.10 814.50
2314.30 464.40
1256.60 354.20
2105.10 2187.70
1637.30 1062.00
521.40 758.60
428.50 1990.70
1278.50 2437.90
1910.20 1272.70
1353.80 1177.70
2350.30 165.60
606.20 992.80
2491.60 2286.80
1268.20 2282.80
1227.00 301.80
824.70 74.20
1116.30 639.10
538.60 2373.00
993.40 143.80
2060.80 130.70
1205.90 82.20
889.30 1634.40
2072.90 2167.90
1572.30 1483.20
940.60 426.10
161.00 791.00
591.80 767.20
1783.80 583.40
554.10 552.10
366.20 1781.20
853.90 1191.00
1855.40 1970.30
1830.20 2394.10
1843.40 323.60
37.90 1404.20
454.40 1243.80
1486.50 1343.80
378.20 1059.40
1011.70 1950.60
42.70 1952.40
2376.80 203.70
243.40 468.60
970.90 2027.30
1052.00 1525.10
79.40 1418.30
806.30 933.40
109.30 161.70
403.70 1939.60
55.90 2247.10
2263.30 93.80
1151.30 217.70
1337.60 137.80
1561.50 1715.90
1197.30 73.30
1166.50 1240.10
2025.70 1043.30
1443.80 2269.20
1511.90 2414.80
1796.50 64.00
1439.90 1876.00
1482.30 2246.30
309.40 1591.70
2408.00 713.10
1031.40 2463.90
460.30 794.70
57.80 1611.70
1012.40 1395.50
1749.60 74.00
611.40 447.00
147.30 1778.00
1687.10 2173.10
321.40 631.00
1942.30 1833.30
545.80 1238.90
1897.40 1985.80
614.90 879.80
1732.10 924.30
2471.60 1640.20
1637.50 1003.00
1604.20 2097.90
1797.70 1662.10
1209.70 310.20
557.60 459.30
384.20 1169.00
906.40 531.60
447.10 93.60
204.80 768.50
724.60 2147.20
101.90 1270.50
886.10 1999.30
756.40 1501.10
379.20 2488.50
2425.40 350.80
1628.80 1563.00
1353.80 733.10
1160.90 651.50
2395.20 2370.60
961.80 452.80
330.00 1346.10
1621.90 1236.50
1877.80 2069.00
1330.10 2082.60
337.60 2054.80
1729.80 439.50
825.40 116.00
2438.90 1581.80
1617.10 318.10
1570.40 1542.60
669.00 699.30
605.70 2022.80
1432.40 1766.70
174.40 1327.60
1637.40 1136.20
1780.50 1967.40
2482.40 902.50
704.00 1860.20
471.60 2034.10
1442.80 809.20
1589.00 672.70
1248.80 2414.40
788.80 1187.70
1496.30 2406.00
1505.90 566.80
1448.70 2174.90
1266.10 2054.40
1697.80 198.50
1321.10 1872.30
1526.20 458.50
508.60 806.80
2426.00 491.00
1709.30 630.10
2351.20 2180.90
164.30 1294.10
490.20 1753.30
1966.80 1739.00
1667.80 255.70
426.80 664.20
161.70 1932.80
1231.00 1610.40
1607.80 2497.10
1164.90 805.60
195.70 2486.00
177.90 1722.00
444.60 686.50
28.80 370.70
1177.60 1738.20
1000.80 1028.80
1419.20 1165.10
2322.90 1909.50
418.50 1789.80
1148.50 2086.30
2045.50 1575.40
250.50 2207.20
1008.20 1481.60
1317.70 116.10
1478.70 2482.60
921.70 1674.50
2468.70 1099.70
896.50 413.30
1786.30 925.40
784.00 463.90
163.60 1784.90
1492.80 1582.90
450.00 1315.70
992.40 868.60
605.50 2141.00
454.90 151.00
1216.40 705.50
2358.30 2224.70
2187.20 1176.10
2340.80 1165.90
1158.70 762.60
340.50 1127.40
1862.40 1237.00
1540.80 1148.70
2162.40 2324.90
1612.70 2326.10
1609.80 605.50
1409.10 2059.90
1921.20 2401.60
428.50 26.80
2042.60 883.50
177.90 759.10
1589.10 36.30
483.80 1276.30
1212.40 324.70
2442.30 2371.10
1087.30 282.80
998.60 449.70
1519.80 39.40
1598.50 1182.30
2364.40 711.30
1008.50 1474.20
1316.80 2417.70
1034.20 738.10
2319.30 1462.70
765.00 1861.90
2346.30 942.90
121.10 1435.40
979.20 604.90
211.80 2191.70
929.70 154.10
2062.90 2017.10
437.00 561.50
2466.90 1956.90
601.00 1565.50
639.20 465.40
2276.80 1647.80
1939.70 1093.60
1565.50 473.90
1831.80 1384.80
1936.70 96.80
746.80 1783.10
1039.70 867.90
718.50 2019.00
1472.90 930.40
1710.80 2402.70
1084.60 1273.70
1919.80 1521.60
1835.20 1886.80
978.50 2436.30
952.30 1617.80
401.80 729.10
765.70 2341.60
1822.80 2331.20
315.50 1154.60
1216.10 2252.30
1251.50 1963.00
1535.40 2291.30
331.00 2254.00
1810.30 1803.90
684.40 1021.20
1706.60 1769.00
2294.90 1126.50
790.60 1630.20
513.30 1769.20
1566.50 1465.70
887.00 1968.40
2194.80 1652.70
1810.00 1517.70
1484.00 2125.60
172.30 200.20
1877.90 1423.80
2163.30 913.30
1215.20 2494.30
667.40 525.50
1798.30 1351.80
1546.70 1005.00
620.90 1341.70
2131.50 1411.60
471.90 144.90
680.80 2038.50
1610.60 1567.90
1506.90 1305.40
720.70 816.90
323.10 2204.80
442.50 495.50
2405.10 2320.50
1919.40 2068.40
733.90 634.60
2062.70 1401.30
1160.20 1361.00
253.20 207.00
2366.00 874.10
1548.70 1997.60
2285.70 2020.70
2142.50 466.60
1559.20 1253.10
2034.60 566.10
58.60 255.30
1383.10 381.80
2460.10 1825.60
877.40 2365.20
1646.10 296.90
1933.70 2380.00
931.50 1496.50
1281.40 2091.80
357.60 1534.60
2298.90 223.60
2408.80 1347.70
2221.30 2194.50
868.40 1863.80
161.20 2427.60
617.00 2195.80
493.80 675.70
2451.10 1876.90
1057.60 2411.30
1202.60 1935.10
2276.60 348.80
2232.00 1710.40
228.90 663.60
706.90 1510.30
255.50 1064.50
544.90 54.40
1288.20 453.70
1402.10 1009.50
148.30 2270.60
373.40 309.60
2198.20 990.50
5.40 192.00
1666.30 2456.60
2069.00 223.90
2368.00 771.60
2159.10 2144.70
1120.40 1891.10
1355.10 1349.30
54.80 2062.00
359.70 310.30
626.50 904.60
364.80 1914.80
1358.40 1767.00
424.30 1506.80
1537.60 797.80
1816.40 1235.80
1788.30 1821.90
1427.90 954.60
1778.50 997.00
1178.60 1646.60
1768.60 837.80
1291.30 389.10
229.00 146.40
1738.50 283.80
2208.50 2098.20
594.20 335.10
502.90 959.10
2249.90 1861.30
226.10 174.30
868.20 1763.70
972.10 184.60
499.60 260.50
2006.50 1927.60
1215.20 1285.10
424.60 2393.90
431.70 2193.30
731.70 1723.10
82.40 960.70
1869.60 1820.90
1244.60 1578.10
1419.20 1838.90
1913.30 1922.10
298.00 1663.20
1283.50 524.10
1837.60 2151.70
2287.90 309.80
2336.40 287.60
570.30 1842.90
2215.20 1785.50
628.10 139.90
1679.40 1059.90
2333.20 2411.20
283.00 2415.70
871.90 2152.60
1736.70 2116.60
1230.80 655.90
1455.50 644.10
78.10 1753.50
2307.40 1361.60
2277.70 1645.00
1013.30 2065.70
1954.80 849.80
2353.30 25.20
192.80 2068.60
1810.80 820.90
2208.50 990.30
1880.80 2041.80
901.50 2163.90
1957.60 1773.50
1816.50 1194.40
1390.10 547.30
1850.40 345.70
1191.40 1928.50
2099.30 998.90
790.10 1877.00
143.90 1803.50
1442.70 2098.80
153.30 1296.10
2124.00 346.10
864.70 1434.90
1167.10 573.30
2425.20 548.00
115.10 826.70
211.90 2072.80
100.20 2028.50
767.20 1490.40
75.80 117.60
1836.20 1267.30
2046.10 1435.50
2266.20 336.30
812.50 2410.20
2139.90 2255.30
2009.10 2293.30
1051.40 1633.10
139.50 1916.10
568.00 1306.60
2489.50 493.30
1854.70 104.60
1320.00 2066.60
2177.40 1420.30
1595.20 444.70
410.80 1671.00
562.30 2247.00
438.40 108.50
1182.50 204.70
444.90 1995.10
114.90 84.80
1750.40 2124.00
2378.20 301.90
1257.20 17.70
2218.10 1825.30
1324.40 2207.60
2318.60 679.10
2312.20 1138.70
245.80 1989.70
59.00 1841.00
2434.50 469.90
1012.10 496.80
216.90 1450.60
605.40 1399.40
1655.30 1050.30
894.50 1770.30
1135.10 145.00
1394.30 1013.30
446.90 151.60
1031.10 165.00
1977.00 2355.50
2372.60 1795.60
534.60 2184.90
434.40 780.50
1674.70 493.40
121.60 1609.20
963.40 1133.70
2106.10 1180.30
84.30 211.50
79.80 1739.60
1261.80 974.40
1009.90 2397.00
1119.40 2404.30
910.30 1566.30
56.00 1941.40
1731.40 2033.00
1797.00 1604.00
1328.70 2331.70
1289.00 1763.10
612.20 463.70
2256.60 733.80
2073.00 720.00
1867.60 1679.10
1900.40 1951.90
1890.60 1980.20
1191.60 652.40
454.60 2201.60
549.40 1574.10
2105.90 1459.80
640.40 2162.00
901.30 2371.90
1695.00 198.30
1476.00 523.80
30.00 265.00
2286.90 642.30
728.80 2043.60
1376.20 301.80
263.70 743.80
1980.90 2164.10
195.80 1371.60
1644.30 1387.40
2024.00 2099.00
1089.00 73.50
1173.10 695.00
1533.40 1813.60
357.00 2434.70
1685.50 2052.10
133.10 661.60
75.90 163.10
926.60 2362.90
805.50 1655.50
1906.50 2181.70
1957.30 2170.30
425.60 1438.30
1834.40 621.40
309.90 978.80
2008.80 2334.00
577.80 597.90
2407.50 1751.00
1293.00 1440.90
1064.70 1650.10
1375.70 250.30
1202.20 1508.80
911.90 1278.20
1672.00 1838.60
1141.10 2477.50
994.10 547.70
2159.30 451.40
218.00 85.00
1889.70 2052.50
706.40 2199.70
531.30 215.30
2033.70 1109.20
813.20 1941.30
360.20 2106.20
882.30 1425.00
1256.30 2258.00
1675.30 2458.60
1266.80 87.20
1236.90 438.90
1925.80 2378.10
416.50 419.90
425.80 75.80
871.40 643.90
160.80 261.20
196.50 867.30
2460.90 727.80
1082.60 1994.70
1837.10 1895.90
1436.00 2197.40
1502.10 2318.30
1122.40 258.50
2076.30 297.70
217.20 843.20
