200 200
916.40 133.90
191.20 260.00
214.20 360.10
419.80 654.00
194.30 309.70
506.80 114.60
570.60 670.10
927.10 297.30
682.40 10.20
723.80 95.00
233.50 158.50
748.90 917.80
348.80 343.00
259.50 699.00
281.70 660.40
864.90 198.20
794.40 56.10
458.30 8.70
416.30 878.10
662.70 610.70
187.80 169.60
725.30 758.50
839.80 652.50
55.80 522.30
662.70 779.70
617.30 896.20
938.30 366.30
814.00 287.10
709.40 73.60
986.10 991.20
734.00 851.10
189.40 528.40
907.30 647.70
537.20 323.60
525.80 200.00
934.30 713.60
369.60 659.70
472.20 209.50
312.20 528.00
731.80 975.00
307.80 349.20
871.30 246.10
715.60 685.40
533.30 425.10
759.00 519.50
416.30 493.10
370.60 605.70
21.60 278.00
253.50 558.80
601.60 779.40
758.80 536.00
493.10 128.50
195.80 965.30
338.00 508.10
493.40 69.80
483.10 801.20
419.10 354.50
47.40 134.70
39.90 580.80
559.80 799.00
100.30 976.10
292.10 470.90
581.90 313.70
748.90 835.50
872.50 350.60
614.90 631.30
886.70 108.00
759.90 82.50
73.30 97.90
590.70 566.70
167.80 73.90
368.00 586.90
428.40 415.50
721.70 468.30
996.30 281.50
267.30 96.60
257.70 559.50
567.60 839.70
873.20 316.60
675.20 745.80
667.30 290.20
377.20 554.00
398.20 137.10
636.60 471.60
235.00 227.30
38.40 402.80
301.30 406.40
989.80 729.70
821.90 711.50
198.10 818.20
993.10 465.50
914.90 250.80
25.00 482.50
90.50 898.20
799.10 765.80
644.00 466.40
56.00 21.20
20.50 454.30
158.40 657.10
925.90 393.40
884.50 964.30
796.30 185.80
370.80 786.20
915.60 192.80
497.70 113.70
11.10 490.80
579.20 926.00
741.70 604.20
408.60 832.30
502.50 207.80
598.10 146.60
674.30 654.20
167.90 694.80
108.50 326.30
352.00 34.40
719.80 236.60
998.80 516.10
422.50 369.70
302.30 338.10
562.50 800.10
451.80 573.70
290.90 31.10
499.80 32.60
635.30 908.40
864.90 137.90
116.30 463.10
284.50 790.60
117.30 452.50
485.40 225.80
778.80 837.50
260.30 498.60
74.10 259.20
14.80 496.60
628.90 317.10
834.80 191.50
117.30 286.60
765.30 408.20
317.70 265.10
440.90 953.10
173.60 305.90
91.10 289.90
769.10 375.70
80.60 886.40
828.20 566.10
112.30 607.00
403.60 372.70
105.60 477.80
632.00 120.50
974.40 261.00
437.60 809.30
452.60 555.00
95.90 217.90
963.20 413.70
483.10 404.20
366.90 656.80
710.20 458.00
946.70 479.30
833.70 27.40
365.80 661.90
593.50 478.20
269.00 997.10
851.00 374.60
474.90 483.00
495.20 449.40
744.00 932.80
258.70 196.60
487.80 354.70
414.60 451.10
768.40 897.70
855.40 135.40
554.50 565.70
593.40 501.30
45.00 427.20
528.70 410.90
89.10 122.20
889.20 358.10
119.40 740.20
732.80 594.40
223.30 228.00
43.80 967.40
160.90 302.60
164.00 648.80
657.40 578.70
100.00 425.90
476.40 955.40
561.30 31.00
521.10 154.70
532.40 566.20
582.00 61.10
977.20 671.10
183.40 866.40
29.30 302.90
606.60 762.20
897.30 830.00
990.20 941.20
797.40 151.20
243.80 961.50
800.00 901.20
540.20 900.10
327.10 16.70
855.60 888.50
47.80 376.80
43.30 580.20
943.00 625.30
641.40 920.30
296.40 824.90
786.70 325.80
127.80 393.40
88.00 25.10
223.40 78.30
966.30 20.80
229.50 210.20
982.40 29.60
111.50 522.60
929.70 438.70
539.40 785.40
327.20 587.20
162.20 370.60
167.40 105.30
995.90 808.80
25.60 292.40
633.70 812.30
618.20 761.60
205.80 706.20
786.70 429.30
784.60 753.10
450.20 14.20
963.40 432.60
43.80 75.00
955.20 973.60
513.70 494.60
759.00 841.00
81.80 921.30
211.60 249.30
26.60 207.60
58.20 52.20
500.00 692.00
864.60 118.20
453.60 70.40
824.50 240.40
499.80 609.20
993.60 950.00
623.40 957.00
382.60 667.20
32.10 337.90
640.90 545.90
832.50 400.00
386.90 914.40
321.30 598.60
163.80 347.90
806.30 222.00
400.20 306.30
914.00 264.80
424.60 367.70
335.30 249.20
608.10 835.10
858.40 601.80
785.10 481.80
558.90 167.70
149.10 591.00
505.70 790.00
136.90 338.20
190.00 523.90
252.70 511.40
122.60 416.60
859.30 928.90
638.60 259.50
235.20 552.70
524.40 659.90
920.40 859.70
909.10 528.60
694.80 767.50
130.50 480.00
249.30 689.40
647.80 398.40
280.40 153.50
188.50 417.40
491.80 378.60
941.30 744.60
890.00 64.00
161.20 749.30
992.90 799.80
8.90 228.20
352.60 533.30
888.10 273.10
393.00 797.30
801.80 87.90
564.80 932.30
568.00 814.20
621.70 215.80
212.60 902.20
369.30 401.10
319.70 861.20
779.80 261.00
605.80 669.80
325.10 767.00
419.10 318.00
566.90 428.10
546.30 919.50
961.40 434.50
192.60 354.50
231.80 994.50
442.50 796.60
926.80 10.50
610.90 548.60
226.30 823.50
450.90 595.70
224.70 770.60
456.90 4.50
31.70 62.80
674.30 356.80
829.90 93.50
674.90 396.80
521.70 221.20
316.40 483.10
655.80 509.10
837.70 887.60
503.60 280.20
684.30 430.40
290.80 295.20
979.10 517.10
118.80 430.00
112.90 343.60
200.60 569.90
348.20 232.30
632.80 22.60
589.10 462.70
116.10 264.00
859.50 637.80
485.30 176.00
121.00 141.20
685.10 958.80
28.90 188.70
239.00 713.20
619.20 529.90
8.50 598.30
47.00 127.40
28.40 160.00
471.00 229.00
730.00 819.30
461.30 362.80
841.90 50.50
825.50 958.10
314.60 685.10
596.00 800.00
861.10 717.10
941.20 546.20
675.90 970.10
735.00 915.00
683.40 354.30
444.90 692.00
952.70 492.00
819.40 981.10
652.00 290.50
210.10 382.00
109.80 671.50
744.80 951.80
722.10 570.40
909.90 36.70
255.50 505.90
836.70 116.60
223.00 777.90
662.90 899.00
748.10 398.00
814.00 431.50
752.40 258.90
123.50 705.10
750.90 943.00
686.30 403.00
233.50 896.40
785.10 343.40
568.00 530.00
295.20 290.10
100.40 205.10
326.80 355.90
711.10 163.60
472.60 934.20
941.60 135.50
833.20 689.70
533.60 647.20
121.20 286.00
906.20 244.80
991.20 657.20
187.80 677.50
60.20 421.30
574.00 845.30
764.80 142.00
375.40 60.00
432.10 475.80
265.10 759.00
831.70 976.30
922.60 304.40
910.50 864.30
440.00 743.70
554.00 973.60
390.90 675.30
259.70 297.10
920.10 250.90
954.30 107.90
928.40 14.60
