300 300
274.70 46.40
992.70 80.00
147.60 79.60
280.50 448.40
498.20 894.00
15.60 274.60
971.40 221.20
416.40 256.10
363.40 271.80
415.90 256.20
302.80 461.20
451.10 285.30
76.30 821.70
965.20 391.70
373.60 969.70
477.30 648.30
16.10 470.10
728.30 163.80
549.70 8.90
612.30 48.00
902.90 627.90
322.60 874.30
849.20 739.10
130.50 212.60
11.00 546.40
468.90 313.80
7.70 920.00
599.20 84.10
741.80 564.40
475.80 115.40
534.10 953.20
763.80 550.30
423.30 492.20
714.20 973.10
501.10 326.50
21.10 404.10
954.50 343.70
278.50 803.70
82.90 409.00
16.40 93.90
955.50 485.30
407.80 963.30
405.40 7.00
47.40 147.30
571.50 523.20
262.70 105.70
476.50 26.60
656.10 899.80
518.80 370.30
872.90 20.00
696.80 894.00
424.10 651.30
237.80 702.70
455.10 320.80
111.80 471.60
414.80 67.30
957.00 822.60
30.60 362.50
829.70 78.00
509.80 401.20
601.30 772.60
507.00 77.80
799.20 163.10
977.70 318.10
533.50 850.60
338.10 230.30
744.70 762.30
881.70 982.60
465.00 336.90
303.50 576.80
808.50 718.30
644.20 765.50
541.00 674.90
128.10 370.70
753.00 637.90
772.00 354.30
410.60 279.00
432.20 209.90
442.20 409.90
528.00 975.70
260.60 866.10
206.10 5.40
628.50 87.80
988.10 93.60
424.70 291.60
670.40 233.30
10.00 314.70
998.90 551.00
989.60 127.00
921.70 742.60
765.00 693.70
97.00 175.70
972.80 529.20
385.60 415.00
939.20 913.60
390.80 199.90
779.80 596.90
205.30 408.40
684.70 193.50
502.00 109.50
485.10 172.50
342.80 495.20
487.20 341.80
46.20 476.80
468.80 967.90
219.50 233.90
661.70 316.50
409.60 634.50
845.70 795.20
49.60 785.00
708.90 440.40
984.90 488.70
37.40 190.30
897.20 722.10
383.80 399.20
831.70 869.00
571.70 174.60
364.20 58.90
516.40 410.50
535.80 985.20
378.50 755.30
219.10 40.20
71.80 628.80
674.80 917.60
424.00 724.50
702.70 133.00
165.00 687.70
621.80 202.40
878.00 519.00
924.60 261.90
918.20 756.30
131.00 489.90
930.90 495.20
548.90 447.30
905.80 84.70
432.60 284.30
840.10 651.80
324.50 912.00
280.60 999.40
829.70 704.70
724.00 532.40
837.70 889.00
220.10 459.50
91.40 98.20
978.50 16.10
360.10 896.70
772.40 491.10
386.70 703.40
986.40 935.60
150.70 892.20
20.40 583.40
176.60 860.50
235.20 501.20
772.60 515.80
500.60 602.30
220.50 224.60
134.80 58.30
113.70 354.90
517.80 205.20
453.20 496.30
221.30 813.40
393.10 993.80
304.60 779.80
697.20 291.00
715.40 848.00
183.30 735.80
431.40 360.00
596.40 666.70
861.20 369.00
182.60 361.90
971.30 403.20
586.50 106.10
461.50 700.30
461.10 979.30
905.50 914.30
475.70 126.80
727.80 868.80
120.70 32.40
648.60 817.90
323.50 364.10
666.00 506.90
100.00 97.50
866.90 696.40
764.30 728.10
65.40 946.90
90.00 36.80
350.10 676.60
143.00 811.60
376.90 604.10
791.00 282.40
518.50 266.70
409.30 246.40
135.60 530.00
278.80 784.20
348.00 602.30
148.40 14.10
109.20 248.40
111.60 976.10
944.80 875.90
704.30 10.30
822.80 794.30
47.10 173.00
470.90 190.20
984.70 847.90
794.40 775.70
130.40 313.00
42.50 539.70
559.40 178.10
69.80 838.20
962.40 417.80
440.50 110.80
431.90 549.80
359.20 543.60
525.90 304.00
419.60 230.20
314.30 242.50
24.60 361.50
415.50 495.60
551.70 400.20
343.50 346.10
176.00 473.90
659.10 218.50
13.70 218.50
396.70 83.50
56.80 359.10
501.40 497.40
469.90 933.40
47.20 829.20
477.10 573.20
133.20 896.70
803.50 447.60
139.20 828.10
809.20 554.80
323.80 361.00
955.00 667.30
707.20 131.10
141.30 366.30
349.70 155.00
584.90 746.40
238.60 641.80
105.50 740.10
139.20 575.50
673.50 186.40
404.70 150.60
759.60 538.00
47.40 563.20
985.70 186.60
391.30 794.90
741.50 715.20
156.00 696.50
382.50 863.20
827.70 523.90
229.60 177.40
679.00 814.60
923.80 917.70
456.40 29.40
657.80 595.60
605.00 331.40
782.10 9.70
482.10 541.80
547.80 529.50
105.00 533.50
716.20 496.40
328.40 457.70
211.60 484.40
154.30 594.20
347.70 982.00
118.20 577.30
159.50 797.20
391.90 83.40
715.00 848.30
112.80 372.80
444.00 717.80
704.20 226.10
727.60 186.40
767.90 275.40
715.90 873.00
808.90 432.20
369.40 137.40
889.90 581.10
621.90 44.30
175.30 969.60
26.30 293.50
546.90 185.90
90.80 938.80
269.30 805.80
787.20 382.10
178.70 231.20
100.00 883.00
457.40 827.70
69.40 225.40
103.10 785.40
98.40 912.10
217.60 467.90
49.50 107.60
49.00 671.50
151.90 224.40
641.10 178.30
518.00 188.10
364.20 608.80
127.00 633.50
414.70 914.30
15.70 593.40
145.50 115.80
476.40 602.90
943.50 545.80
828.30 46.70
331.20 926.80
958.80 548.90
394.70 8.30
656.50 443.80
679.90 808.40
668.20 321.10
986.70 186.20
509.20 351.00
795.10 636.30
984.60 209.80
550.60 0.30
803.30 696.20
116.20 279.70
299.10 59.70
825.60 127.50
106.40 156.90
54.40 65.20
705.90 449.10
73.60 362.40
892.90 753.60
170.80 561.20
74.70 157.60
747.40 583.90
508.60 542.50
220.30 493.20
752.40 770.90
493.60 555.70
467.10 609.80
835.50 766.30
669.60 661.20
893.90 776.10
818.20 948.30
841.40 524.10
397.50 915.10
886.50 290.50
668.70 57.40
851.70 743.40
215.10 599.10
327.40 723.80
141.70 547.70
217.10 894.20
318.70 710.70
450.00 785.90
320.60 285.50
552.20 990.30
946.80 446.20
766.40 765.00
394.60 607.90
289.20 792.10
523.00 175.80
82.60 191.70
233.30 934.30
935.20 448.40
533.50 262.60
172.20 675.30
810.40 389.30
569.50 129.20
100.10 19.50
915.10 420.80
305.10 467.40
411.10 251.90
913.60 177.60
17.00 308.20
785.50 306.20
100.40 308.50
482.10 183.10
500.30 715.40
117.40 435.50
163.80 651.00
698.20 336.10
326.30 508.60
725.50 895.80
637.80 825.60
915.40 553.00
246.50 220.50
20.40 657.60
472.50 934.10
835.30 489.50
242.40 620.80
795.80 342.80
929.40 277.90
525.90 429.70
993.30 643.40
865.30 157.10
294.40 563.50
493.30 620.80
72.20 218.80
516.60 710.10
44.50 432.00
263.10 291.00
652.60 283.50
948.70 125.10
217.60 784.00
614.60 460.10
404.90 410.50
802.90 334.30
688.40 328.90
764.10 681.80
972.30 629.40
838.90 266.80
192.90 332.30
887.60 265.20
551.10 404.30
975.30 595.60
836.40 238.40
886.70 489.00
522.00 835.40
614.10 739.60
619.40 228.80
199.70 24.40
639.30 2.70
358.70 327.80
331.70 122.80
9.60 304.00
752.20 848.60
570.90 945.20
180.90 458.60
210.40 732.00
862.90 185.70
327.70 699.30
424.20 214.40
188.40 946.20
49.80 802.50
685.90 669.30
31.40 885.70
693.70 670.70
888.40 52.50
998.50 220.10
175.40 8.10
524.20 927.60
856.70 95.20
872.90 37.70
553.80 83.40
769.70 416.80
269.20 97.50
116.10 693.40
312.00 304.50
639.60 361.80
107.10 325.60
31.20 138.50
211.30 725.00
809.20 99.80
777.60 807.80
319.90 953.00
816.00 844.20
880.70 672.80
939.40 753.60
710.50 493.30
837.00 480.30
910.10 106.30
577.90 26.30
799.70 889.90
330.80 439.40
251.80 438.00
765.00 283.00
576.50 976.40
8.10 385.80
76.20 785.70
193.70 396.10
738.80 9.70
240.40 619.50
682.60 179.90
373.10 393.10
673.20 210.20
873.50 583.30
316.50 451.40
609.60 116.30
341.30 940.50
555.70 593.10
378.50 320.80
876.20 955.10
297.20 884.40
340.90 373.40
670.10 534.70
769.60 409.00
544.50 10.00
28.50 227.10
190.00 401.60
620.30 863.20
611.90 493.80
446.60 928.50
945.20 56.30
44.80 286.60
996.90 600.60
879.80 375.40
921.40 756.00
330.60 218.60
640.40 671.60
592.10 310.60
206.30 361.70
719.60 750.80
371.80 748.10
977.90 561.80
149.80 598.20
425.10 761.80
92.10 871.80
690.30 37.40
928.10 735.10
324.00 925.00
335.70 203.90
300.50 257.20
959.90 631.10
475.90 600.30
302.80 68.00
911.00 509.10
429.80 630.60
260.00 801.70
378.80 238.00
363.60 528.70
836.30 788.70
290.50 928.40
660.50 980.80
965.90 588.70
716.00 290.00
513.70 51.80
493.90 814.30
309.00 453.80
445.50 784.90
54.20 748.30
853.00 965.30
257.50 282.80
596.00 517.50
84.50 974.80
755.60 448.10
503.50 591.90
236.80 794.10
520.40 897.40
774.90 486.30
486.10 491.00
776.40 999.90
542.80 270.30
814.20 851.90
724.20 259.80
636.80 778.50
8.10 489.80
743.80 265.60
772.70 339.80
783.20 857.20
314.70 538.80
305.30 818.30
130.80 542.20
612.40 651.20
439.70 387.40
137.60 925.90
878.40 914.00
925.90 421.30
184.30 740.20
273.20 908.50
0.00 910.10
687.00 8.10
400.00 430.90
273.80 172.70
770.70 57.00
30.00 85.50
595.90 335.40
903.80 726.70
877.60 516.20
378.00 317.40
903.60 515.60
243.40 782.00
429.60 169.30
203.40 614.00
909.50 476.60
522.60 909.50
386.80 209.70
917.70 786.80
640.60 191.50
959.60 411.40
248.60 989.60
496.90 844.60
325.00 400.70
571.30 202.70
916.90 949.30
520.10 820.60
465.00 763.60
602.60 894.60
932.90 806.00
508.70 842.40
282.70 31.30
752.00 669.50
241.00 669.70
456.30 881.70
861.30 416.00
293.10 109.90
405.60 790.00
954.60 730.60
190.80 525.90
933.40 107.80
475.30 453.60
928.40 940.40
217.20 531.10
835.10 150.10
337.10 343.80
