600 200
413.90 1399.00
406.80 717.70
1769.00 926.40
1445.50 1258.40
1441.50 1460.90
108.10 1846.30
148.10 1857.40
1768.50 183.50
179.70 661.50
1371.60 1806.50
189.40 1350.00
523.10 545.90
1982.90 474.70
616.20 1340.80
1482.40 459.20
1876.30 1896.30
1858.20 283.20
614.10 1627.30
1209.60 59.60
885.70 651.20
1520.50 993.80
497.60 1668.70
851.20 266.10
1852.30 1031.00
927.70 1223.90
837.60 1117.20
573.90 1360.70
1663.20 556.80
1835.50 279.40
1897.70 1317.90
738.60 1774.00
1214.20 596.80
57.20 1828.40
224.10 1266.90
1888.00 1109.90
1918.20 1408.50
103.80 415.80
1077.30 955.00
682.00 929.60
1986.10 1609.80
153.60 823.70
727.10 727.50
184.50 390.30
1284.40 20.00
669.70 1182.10
1337.90 1408.40
956.20 552.20
5.30 1013.50
380.60 229.50
280.50 268.60
1339.40 198.70
1677.20 1443.20
614.60 754.50
398.30 1296.70
1684.20 384.50
906.50 1837.80
1208.30 1633.70
565.40 1392.80
24.00 1849.80
1412.80 693.80
1032.00 750.70
102.30 1988.20
1303.00 107.60
1001.80 1683.60
337.20 1282.30
1952.30 1676.60
1481.00 1629.60
1119.90 95.70
384.20 1518.20
1392.40 68.40
1902.80 299.00
1906.30 1111.10
1932.70 471.70
503.90 1956.80
321.60 1916.70
650.70 1353.60
667.50 753.10
1341.90 1970.60
860.70 343.70
1654.30 1197.90
1626.00 1606.70
874.60 1107.10
1236.30 1994.50
1202.80 1620.50
1512.80 595.20
1689.00 1415.60
894.30 1595.40
526.80 827.10
67.10 1030.70
783.90 388.80
947.50 1434.70
1742.50 1615.10
187.80 1084.40
1585.80 1048.60
1428.20 1240.10
246.50 1054.30
846.80 1121.20
161.40 83.20
1115.80 1364.20
1703.80 628.60
1959.50 1392.80
44.30 853.90
988.20 571.20
1681.00 1055.40
1602.00 465.00
1444.20 549.50
1899.70 1186.80
164.70 87.60
271.20 1750.50
1136.20 1699.50
990.70 1382.80
753.80 1837.50
504.00 915.20
1920.80 1619.80
279.50 1624.60
248.50 239.10
1017.40 292.90
1093.00 5.70
864.10 774.00
1061.20 466.10
1239.10 505.50
1015.70 1138.80
1692.30 1180.50
1226.40 1963.60
931.00 362.70
1663.10 1921.80
1745.50 416.90
1759.40 249.60
1332.20 1680.20
1869.50 1611.70
1304.80 118.10
1850.90 322.30
411.00 943.90
328.10 1275.10
1718.00 1389.30
1741.30 957.10
1894.90 757.00
96.00 1587.20
1937.60 1322.50
1550.80 868.70
1685.30 1214.00
790.50 1430.90
1630.90 549.90
1680.50 963.10
230.10 1550.10
574.90 1535.00
1668.20 425.90
1857.30 79.30
1369.90 185.40
1354.50 1088.00
1574.80 1095.80
45.10 1469.70
1852.90 141.20
1057.00 1790.50
1463.80 607.90
659.20 1149.10
1821.90 1449.70
580.00 1452.90
1999.70 260.60
416.10 229.90
1810.70 991.10
1764.90 1479.00
1417.00 1622.30
1558.30 786.90
1807.80 912.80
1874.90 1382.60
8.60 1920.10
852.40 1861.60
61.40 1909.50
1652.10 1525.20
517.40 311.40
674.30 339.40
1761.20 1254.40
1792.40 1760.90
1515.00 208.60
1990.90 1325.70
1199.70 1755.80
804.70 616.80
1378.20 363.00
1403.70 1186.00
1275.90 1278.70
568.70 1284.50
1198.90 1421.20
1146.20 1260.30
1330.70 798.40
785.50 1848.20
1109.80 1459.90
187.70 871.10
714.30 1980.10
632.00 229.30
188.70 623.00
1555.10 1388.50
378.80 359.80
5.30 1757.10
722.90 1409.10
943.10 1998.80
687.90 1511.90
1283.40 1886.80
933.10 429.70
1147.10 263.80
1228.10 1932.70
112.10 338.00
1392.70 299.80
1209.10 107.10
280.00 1841.20
336.40 468.80
464.20 1891.60
1857.30 843.10
251.50 1862.70
600.20 974.40
1271.90 1543.30
973.30 1959.80
1055.20 256.80
1846.60 1988.40
686.50 993.80
252.30 1914.60
926.50 364.40
252.70 319.30
664.30 1461.80
426.40 944.30
1303.10 762.90
1413.20 1767.30
654.50 1270.60
610.40 906.10
1133.30 1210.70
1880.50 405.20
754.10 853.90
365.00 1809.40
1110.70 211.70
1797.80 1797.30
1205.50 50.10
1711.90 132.10
414.60 1964.70
451.40 1078.90
1426.50 877.80
23.30 729.70
1640.80 1436.50
497.00 295.40
707.10 1107.50
1201.50 1840.50
318.30 1082.10
245.70 1072.40
1936.00 610.80
881.80 1046.80
822.50 679.60
844.10 28.10
729.80 556.10
160.20 1144.40
520.80 611.60
223.30 1947.40
1489.50 246.60
677.10 1130.30
1683.10 1174.10
1425.70 390.30
281.70 627.20
230.80 600.00
1709.30 476.60
1672.40 1645.40
1087.40 554.30
692.20 1910.00
1233.90 1536.30
1938.10 1963.80
92.40 98.30
1108.20 613.30
710.00 1331.60
560.70 199.50
1578.20 1237.80
1329.90 1261.40
411.90 755.70
1651.80 693.70
1383.00 1882.60
1293.80 1092.40
359.20 966.20
737.80 1446.60
1520.50 1430.10
1356.70 754.50
966.40 1294.80
718.40 1058.90
1393.20 1826.60
1672.20 103.20
1158.20 232.90
302.70 736.50
1470.70 1632.60
1998.00 1882.70
388.40 1649.80
576.50 1771.40
1532.40 1870.30
863.80 1891.70
836.60 1601.60
1338.40 357.20
1031.70 695.10
1111.80 1998.20
1989.90 1830.20
1057.20 1383.10
1656.80 729.50
1486.30 815.10
962.50 1789.10
1551.70 433.20
1421.80 1549.70
316.00 1810.20
1199.60 892.60
1581.60 732.00
762.90 445.40
623.80 1599.50
47.10 1962.20
1956.80 1078.90
657.30 1068.60
1077.10 647.30
898.80 134.40
30.40 555.70
863.90 1516.80
1370.80 1826.40
1306.00 922.60
259.70 727.80
472.30 575.80
538.10 1671.90
1468.40 119.80
404.00 231.40
565.20 1027.80
1831.00 612.40
990.00 1787.80
1691.30 1647.40
856.40 768.50
294.70 1755.20
903.00 325.20
311.00 1766.90
1842.10 1681.90
1593.40 1148.10
604.50 1853.10
1876.00 1076.90
428.90 414.10
748.90 1897.40
533.90 1153.00
128.80 1099.20
180.90 1959.80
1711.70 1171.00
1747.60 1403.10
818.40 604.10
171.60 1113.10
359.40 1074.70
1438.40 670.40
841.60 1280.50
352.30 435.10
428.60 956.90
288.20 304.70
33.80 717.20
718.80 782.80
614.70 1252.80
1935.80 743.50
352.00 116.70
703.40 63.80
1287.80 451.10
1466.90 106.20
1055.20 1638.60
1219.40 1414.60
713.30 657.80
85.10 1555.00
1938.40 437.50
1990.10 367.10
1394.40 278.30
671.80 1428.30
995.60 1390.70
211.20 1610.30
643.50 147.10
353.90 995.60
263.90 1057.30
1059.40 1551.70
1508.40 526.30
1657.90 563.70
164.90 877.40
1978.30 878.30
1535.30 63.50
433.30 1473.70
501.00 423.40
1840.80 1895.50
701.80 512.60
1323.90 1697.50
1903.40 1535.10
1307.80 546.90
1682.20 1661.70
1542.60 1946.10
719.10 602.00
1497.90 227.50
1128.40 1155.80
791.30 1293.40
33.30 769.60
171.70 1568.60
833.20 605.00
1042.30 1334.20
1028.50 883.10
1229.80 1730.40
1395.80 553.80
1427.90 1299.20
88.90 735.80
1846.20 1771.20
397.50 1388.80
1717.40 1116.70
1990.80 1215.30
1344.20 1119.30
371.20 135.50
412.70 404.50
905.20 584.40
1973.10 1738.50
1189.50 1015.50
1072.80 218.10
1898.60 302.60
1948.50 1294.50
856.40 1376.50
593.80 945.40
112.30 440.00
716.70 509.80
1828.80 434.10
1626.50 1819.70
1649.50 970.80
939.00 20.80
1106.40 1351.80
425.30 11.70
1936.20 398.50
1750.20 1125.80
1414.00 823.10
1344.00 1312.70
1125.70 1292.50
607.30 1982.20
669.00 1201.10
927.70 781.40
1641.10 1644.40
1291.20 1470.00
78.60 917.80
1289.70 1728.10
1888.70 228.80
1748.90 995.20
1580.60 174.30
1007.00 1516.90
572.90 757.30
642.80 1987.00
1580.40 1986.80
1299.80 706.20
1279.40 1907.10
688.50 1948.40
1108.30 1616.20
729.80 749.50
1260.70 21.10
219.50 1339.30
939.00 1509.30
1067.50 827.80
1738.20 816.50
1823.10 1318.80
990.90 830.10
835.80 1563.80
1587.50 1478.60
1550.80 1167.90
1465.40 850.60
1874.20 744.80
757.80 562.70
693.30 1866.10
178.90 1423.20
615.60 1439.60
1444.40 835.10
779.00 383.50
344.50 1846.50
1211.30 82.70
663.00 1034.50
1401.60 1653.90
1864.70 237.40
1217.70 1452.20
1716.10 768.60
620.10 1181.60
1619.30 494.30
1926.40 377.10
1057.00 619.80
243.20 1236.00
43.10 858.90
675.70 1487.50
1694.10 1454.70
1871.10 38.60
1301.20 1082.50
121.40 1964.30
117.00 1523.10
1618.20 1981.70
1760.60 836.00
1433.90 1476.70
1604.70 54.10
658.30 1224.00
548.40 584.80
1601.20 1605.50
1204.70 1844.50
841.60 1247.80
703.40 1517.30
735.40 397.60
972.10 606.50
436.20 273.30
1689.00 557.70
237.70 1806.00
80.80 1855.90
1787.80 1841.40
692.00 1221.70
1318.20 296.70
1275.80 1976.50
1520.80 1824.30
561.40 1122.00
1429.90 1766.10
966.60 271.50
1014.00 1670.10
1788.90 1749.40
67.70 761.00
355.90 504.00
1034.40 45.00
1061.70 1272.10
1851.10 1142.60
1128.10 1638.90
984.00 1820.10
860.60 302.30
116.90 136.50
278.80 1637.70
1960.90 840.30
759.80 1390.80
606.40 1726.50
1662.40 1620.40
1396.60 1451.40
1369.90 1464.30
212.40 1725.90
1968.30 1246.90
1770.90 1030.10
519.00 1622.00
172.70 1647.20
1261.00 1156.80
1467.30 121.60
1459.10 1584.30
258.20 1738.00
1222.00 219.20
578.30 1981.90
1610.00 1184.70
1708.40 1272.50
805.20 1105.10
723.90 175.10
569.40 936.40
1901.10 537.80
183.30 1672.00
1567.90 702.40
1294.10 1740.60
349.60 555.10
897.50 1817.00
676.80 356.70
1401.30 935.10
94.70 623.40
1154.30 673.00
605.40 764.40
1857.80 313.90
36.90 663.10
1419.00 760.90
838.30 1988.50
1697.30 739.40
526.30 1880.70
411.50 94.20
583.20 1705.60
1834.90 932.90
260.70 732.50
749.90 937.60
1089.20 151.30
1872.70 1183.90
774.70 1027.00
1857.00 1380.20
1791.40 1714.80
1694.10 1828.40
378.00 1113.10
589.30 1216.30
1101.70 286.70
1955.70 1628.00
167.50 367.20
1722.30 750.70
72.90 1557.20
1683.70 333.70
289.70 433.60
1271.30 1379.00
585.00 1144.00
562.90 1359.80
171.10 419.90
740.00 1962.60
134.80 434.10
1791.00 512.90
1547.30 380.40
1729.20 649.00
667.20 1685.00
277.10 834.70
52.30 1999.40
1585.50 125.20
1556.60 1269.20
459.00 1846.40
1702.90 1730.30
1225.40 287.90
874.40 1788.40
1647.70 1045.60
208.40 387.80
1008.20 343.30
821.90 799.30
856.20 369.30
1179.80 585.50
1018.40 1847.00
270.60 1295.50
681.70 322.90
1294.90 267.30
448.20 851.60
1536.50 907.20
698.10 1239.50
637.60 1923.60
1527.40 1512.10
1712.00 1175.20
557.70 1920.50
1563.00 1566.00
263.80 385.00
365.40 1120.10
754.40 1545.20
1705.70 1772.80
1392.20 1976.30
1068.40 74.00
299.20 363.40
341.40 747.50
1215.10 1878.00
1654.80 1913.30
1117.50 292.40
1836.90 645.00
1804.60 1549.00
1820.30 362.30
1469.60 1383.30
1928.40 1733.50
1768.40 293.80
853.60 522.80
1839.10 559.30
295.70 1231.40
535.60 1364.20
1305.40 834.90
1727.70 1646.90
1582.40 942.80
1524.90 1237.20
856.10 642.40
1529.70 693.10
1287.40 1334.30
242.10 1107.80
1696.70 1711.70
491.10 1625.10
1445.20 259.60
1919.00 298.90
782.40 1758.20
858.30 1078.20
989.60 1393.90
442.50 295.10
228.90 170.20
1942.00 1811.30
1113.00 1466.90
1048.60 1969.20
109.40 578.30
662.30 1396.90
1912.60 904.50
504.70 1609.30
616.30 995.80
1234.50 61.60
1255.50 1153.60
360.50 37.90
911.80 1218.90
1116.20 1901.40
612.90 1558.70
196.50 841.80
1728.90 138.60
653.20 842.00
1605.50 1701.80
811.30 1714.90
280.10 1473.60
1111.80 192.80
378.20 1616.50
1802.20 994.60
612.40 1036.80
1056.20 1867.90
190.40 1416.80
1905.90 1102.30
635.70 1022.20
1003.70 1248.60
580.90 1200.30
90.50 309.90
1339.00 743.70
1151.90 944.50
445.50 1963.20
659.50 725.70
1436.90 1771.40
918.60 1815.20
1388.00 720.80
809.80 0.50
1757.70 1866.10
1868.50 1948.20
1283.00 1774.40
1050.50 1918.80
796.70 54.30
1167.50 1377.70
1254.70 1258.00
1687.60 593.70
1.70 839.60
1538.20 447.30
802.90 197.80
1173.00 239.90
1969.20 91.70
55.20 1357.20
812.60 865.00
1357.70 570.30
731.20 1226.20
518.50 14.30
1000.70 1569.10
1933.10 1797.50
1623.40 1100.60
1175.20 878.10
358.60 862.80
1471.80 360.40
1702.40 1010.10
807.70 505.40
1208.00 1980.80
745.30 1177.20
72.60 800.50
534.50 885.20
1665.60 1892.30
1455.50 396.90
1118.60 1974.10
411.20 119.30
1543.20 344.30
1916.80 1166.60
1445.00 1092.00
44.80 1803.60
1954.90 1516.70
164.10 1657.40
526.90 971.90
162.80 1734.90
952.80 908.20
912.10 1025.40
1708.80 1446.70
1910.60 1374.50
1339.00 1366.20
1771.40 457.60
1340.30 182.60
577.00 883.60
527.00 493.90
50.30 1972.00
1586.00 95.10
1775.70 1540.90
1611.90 1939.90
1198.40 138.80
911.80 1361.30
1873.70 1864.60
269.50 785.90
890.00 1978.30
232.70 800.60
1352.80 1571.70
166.90 1124.30
29.40 1507.20
1307.00 606.40
390.80 1834.00
1100.40 441.10
1806.10 686.40
536.30 1581.90
227.40 148.20
1521.80 1425.80
287.10 433.60
787.10 160.90
298.30 1056.70
946.90 1188.30
1035.10 1179.60
1989.00 387.90
751.30 155.90
1512.30 780.80
1663.20 819.30
1387.20 54.10
653.40 487.60
495.30 459.50
1174.10 1031.60
41.40 1401.60
1179.90 1563.30
827.40 1467.10
1996.90 1614.60
1628.00 295.20
671.30 574.90
1483.60 1706.50
1754.50 1472.70
94.40 505.90
1628.60 1606.80
1286.70 1291.90
426.10 674.00
1346.00 1079.50
1161.70 1841.40
1539.10 335.80
873.10 1580.50
1737.40 53.00
1143.90 564.90
1520.20 1140.80
179.60 1148.20
1436.10 851.00
1723.10 919.80
557.50 1477.70
392.50 652.00
1983.60 21.20
258.80 1270.40
1313.10 684.90
1944.40 659.20
1764.50 1106.10
500.60 1303.60
