600 600
727.50 484.20
943.20 344.40
463.00 557.80
281.80 262.10
501.20 921.70
689.90 193.80
699.40 157.80
771.40 35.10
138.00 535.90
901.40 176.30
614.00 947.10
610.40 975.80
721.20 459.70
253.10 925.50
51.70 633.00
583.50 779.30
117.30 526.70
123.70 580.30
84.60 405.50
842.40 585.90
327.30 532.40
779.70 26.70
690.30 551.20
61.80 828.30
87.20 963.30
4.70 701.20
910.50 615.20
677.10 631.70
74.90 930.30
557.30 126.70
563.40 140.80
906.00 680.70
667.60 29.70
261.00 752.30
435.30 103.50
338.20 762.60
636.00 117.90
789.30 326.30
669.20 851.20
154.60 756.40
814.60 159.40
457.70 725.10
774.60 134.80
356.80 849.60
65.20 914.20
976.30 628.60
55.00 882.30
309.40 722.60
912.00 570.40
474.90 347.40
674.00 813.20
110.00 310.00
931.20 899.40
636.30 600.40
750.60 791.00
356.90 565.20
950.50 814.60
290.40 725.20
949.50 647.20
574.80 14.70
561.50 551.20
643.30 616.50
433.50 952.70
339.20 345.60
523.20 814.20
693.00 197.30
627.40 803.10
507.30 558.70
702.50 143.70
159.10 453.20
934.70 516.00
18.50 885.30
330.70 308.90
610.50 280.20
956.20 185.40
294.90 517.70
736.60 938.30
134.30 170.20
891.10 473.50
515.90 414.40
287.80 208.90
611.70 915.30
12.10 119.00
474.00 714.60
262.80 633.20
167.90 197.60
149.30 186.50
82.90 480.00
495.40 693.50
760.30 451.70
878.90 55.20
969.50 615.50
993.60 103.80
785.70 884.80
577.40 301.60
299.20 865.20
510.60 911.00
780.60 522.80
30.10 254.60
237.50 292.90
887.90 405.40
490.50 37.20
591.90 573.40
517.30 87.40
266.90 277.60
539.20 145.90
332.90 508.70
761.40 326.50
612.50 547.20
211.30 190.00
848.90 510.60
55.20 359.60
421.60 835.90
882.40 451.70
90.60 119.90
744.60 978.50
525.30 235.20
15.70 117.30
808.70 533.00
204.80 75.70
810.60 744.00
221.60 143.50
252.70 983.10
470.10 865.30
530.30 681.50
55.30 379.30
192.20 110.60
738.90 613.80
946.60 621.30
65.60 37.20
741.20 810.30
15.70 266.60
45.60 31.40
383.90 854.30
564.50 588.80
930.00 375.20
332.80 151.70
518.80 585.60
134.80 988.90
451.00 665.20
670.50 506.40
44.50 862.70
617.00 783.40
476.60 563.60
404.70 542.30
600.80 146.00
352.70 616.60
412.60 398.30
648.10 796.50
252.60 212.60
385.40 182.70
587.80 718.20
334.50 106.70
303.90 469.30
95.70 754.90
134.60 766.20
261.30 179.20
629.00 878.40
962.60 105.70
442.10 367.40
648.10 43.00
513.40 0.80
659.60 926.10
399.10 307.70
722.70 651.80
520.40 108.10
834.60 108.30
826.30 169.10
215.00 130.30
638.50 310.70
885.30 773.10
77.00 146.60
952.30 706.00
25.10 915.00
811.80 467.30
282.50 459.90
510.30 796.00
460.80 170.00
722.10 860.00
477.70 444.80
511.80 998.20
552.90 346.50
106.50 379.30
515.70 321.60
509.60 154.20
632.30 394.90
927.40 709.40
541.60 879.80
415.40 566.80
794.90 227.30
34.10 77.40
687.30 544.40
873.50 148.10
714.40 595.60
8.10 192.20
40.40 520.00
190.50 593.40
866.60 297.00
972.70 382.30
618.60 482.40
536.50 251.00
877.40 464.00
960.40 419.10
343.90 375.90
985.90 138.80
603.30 20.10
216.30 290.60
564.50 89.80
438.80 279.00
685.40 446.90
471.30 725.90
967.00 661.80
319.30 833.60
958.90 292.10
215.90 577.60
774.50 752.50
828.60 652.00
216.60 789.10
71.10 560.50
165.10 57.10
699.40 768.40
77.20 915.70
59.10 641.80
5.60 497.90
920.80 691.00
944.90 392.20
417.00 911.90
54.00 736.40
745.60 12.90
28.50 961.50
590.50 803.10
714.10 419.20
455.20 930.70
208.40 526.30
491.30 373.60
583.40 190.70
142.10 660.70
106.50 201.20
302.50 112.10
699.20 223.40
803.20 644.10
615.60 220.20
556.10 669.70
956.70 301.70
682.60 985.30
263.30 273.20
788.40 977.40
692.50 243.70
908.20 901.00
770.00 399.50
274.60 353.50
590.30 416.70
14.30 696.90
618.00 316.80
809.00 317.20
540.20 612.20
961.40 155.80
832.50 517.50
825.50 789.30
819.20 508.20
774.60 82.50
781.50 563.10
60.00 474.10
806.80 968.20
375.20 576.90
367.80 649.80
930.50 958.20
66.60 944.80
655.10 684.70
261.60 464.10
2.00 801.90
76.40 963.40
957.80 909.00
480.90 783.40
698.30 300.20
291.70 472.90
382.70 73.20
36.10 442.70
547.40 842.90
411.00 922.60
419.80 778.80
572.50 350.40
737.10 639.20
295.20 392.20
323.90 556.90
856.40 325.90
358.80 932.90
289.40 316.60
842.00 770.30
100.00 540.30
70.60 391.70
13.30 453.30
465.00 49.50
896.10 12.50
892.40 307.10
935.20 312.30
86.00 507.70
662.70 823.10
147.00 958.00
215.40 471.00
514.90 71.80
797.00 873.70
4.80 86.40
190.40 846.80
856.80 290.50
387.20 927.40
682.30 400.60
380.70 147.30
450.10 276.90
159.90 342.50
584.00 95.10
654.90 670.10
602.90 317.60
493.30 749.90
275.60 708.70
221.00 790.60
780.60 18.00
664.30 785.40
104.40 854.80
632.20 961.30
145.30 19.50
888.70 827.60
420.10 269.50
975.00 870.20
546.40 134.90
212.80 130.50
230.10 867.70
800.60 833.00
185.40 294.00
583.00 461.00
2.70 804.00
251.70 783.30
822.10 916.10
568.80 926.50
770.90 201.10
887.80 916.30
220.60 776.60
743.90 640.70
46.10 719.00
510.90 592.60
853.90 723.70
723.10 84.10
591.40 523.80
917.10 776.80
817.80 500.20
237.90 820.60
304.30 489.70
604.00 126.40
405.80 172.80
53.00 176.70
373.90 940.90
93.00 594.50
717.50 837.00
235.30 763.60
556.00 746.20
356.20 410.00
470.00 79.40
494.10 61.50
603.30 411.30
838.40 421.10
911.60 76.40
241.70 215.90
566.10 845.70
342.40 971.90
18.60 395.40
148.70 392.50
336.30 241.70
987.10 53.80
78.80 222.40
817.50 634.90
968.70 173.80
44.90 438.80
253.30 539.10
500.30 856.60
950.50 338.80
277.70 862.10
415.20 519.50
78.10 981.30
365.30 420.50
953.30 384.00
815.90 102.00
776.50 152.30
343.80 763.70
206.20 422.70
986.20 23.80
57.60 955.00
197.60 102.50
393.90 451.00
641.70 894.20
307.60 592.20
233.10 585.40
454.40 648.30
105.00 532.50
629.70 470.30
953.10 583.10
854.30 769.10
685.10 630.90
921.40 29.00
394.70 127.60
451.70 381.00
151.50 509.40
336.10 349.10
611.90 730.00
800.20 253.70
624.20 107.80
846.00 857.40
693.20 300.40
505.70 798.30
833.00 135.50
268.70 786.10
718.60 123.10
555.20 403.80
754.10 476.70
432.90 148.80
604.40 884.70
529.90 755.90
394.10 866.00
105.10 6.10
596.00 905.30
259.80 220.30
13.10 105.80
77.70 706.40
406.30 583.50
504.80 239.30
719.10 773.50
25.50 437.70
896.60 580.80
841.60 650.70
57.50 274.50
799.50 662.00
159.20 329.50
418.00 553.30
195.50 523.10
559.50 791.60
428.40 819.30
11.90 441.60
925.10 89.70
148.10 331.40
673.20 652.90
570.80 392.30
426.50 596.30
830.10 323.10
177.10 671.80
973.80 234.70
946.30 773.40
896.80 105.60
102.90 314.80
659.00 298.50
837.90 218.50
90.10 266.40
37.90 102.10
708.10 963.10
191.80 856.30
294.50 865.10
509.30 865.40
257.50 935.80
461.80 87.70
258.90 638.90
759.50 232.80
873.70 705.90
6.20 770.50
811.60 109.20
85.30 470.70
407.80 923.30
689.30 497.90
189.80 727.20
600.10 897.90
690.30 792.00
754.30 984.90
657.20 263.60
850.30 914.70
199.50 312.10
2.50 458.50
951.10 762.10
691.30 824.90
468.10 697.60
595.40 279.70
806.90 680.80
750.50 214.70
604.20 439.80
712.70 794.00
167.00 312.80
692.00 857.40
104.80 446.30
842.30 762.00
710.00 692.70
676.80 909.60
4.80 679.40
368.10 956.00
441.50 59.50
780.90 909.60
757.20 376.40
189.40 564.20
57.30 939.90
778.90 661.50
379.70 491.70
455.60 546.80
804.50 147.60
404.20 909.40
594.00 246.50
671.50 304.10
939.30 348.40
213.70 944.20
27.80 581.90
900.20 469.40
641.50 681.20
379.10 398.80
57.60 568.50
963.00 115.00
508.50 742.00
776.50 888.30
233.70 232.10
435.20 38.30
379.80 839.40
947.80 973.80
86.00 619.40
278.00 25.30
967.80 491.80
969.50 995.70
73.70 869.80
465.10 715.30
551.00 844.20
114.10 608.70
412.80 77.10
723.70 921.40
819.20 500.20
809.70 52.90
732.40 244.90
91.30 112.30
84.40 39.10
86.20 170.40
658.50 364.20
195.80 626.40
856.00 165.30
622.10 929.80
35.20 87.30
645.10 586.20
931.50 759.20
194.90 344.40
836.40 918.60
265.80 655.60
418.90 75.60
708.60 151.40
320.60 800.00
263.70 405.00
839.20 350.00
575.50 497.80
714.20 771.30
124.20 570.30
936.70 746.40
500.10 971.90
833.70 145.30
558.20 765.30
904.50 753.10
109.70 741.00
671.80 375.60
396.70 90.80
451.30 105.40
242.20 771.90
905.40 506.00
177.00 744.60
856.10 752.60
242.40 570.30
523.90 366.70
140.70 460.70
113.10 640.80
432.70 946.80
786.10 990.90
712.10 690.70
744.10 821.90
431.80 416.00
197.60 828.50
506.80 649.00
934.00 749.10
420.90 839.40
255.20 598.00
584.10 111.30
350.60 826.60
681.70 874.60
193.30 822.40
335.40 306.50
463.30 768.20
253.40 249.50
759.10 965.60
940.20 503.30
787.60 372.10
919.40 985.20
200.70 426.20
634.20 134.70
175.40 55.20
974.20 430.70
653.30 558.30
542.00 3.90
385.00 223.80
878.60 578.40
46.20 214.00
884.90 509.50
982.20 138.40
759.00 741.40
104.00 699.30
244.80 891.60
71.50 164.20
876.90 272.20
590.50 511.20
407.00 765.90
566.50 381.20
196.60 219.80
939.60 738.70
223.80 324.60
962.50 102.40
903.10 8.80
316.50 788.10
518.40 298.80
926.50 277.40
40.30 30.60
976.80 285.20
922.30 48.30
449.40 799.20
320.60 40.00
310.50 727.60
805.90 877.00
108.80 2.60
96.80 48.50
741.40 320.60
373.10 704.00
423.10 276.20
712.80 739.70
64.30 231.20
38.60 990.90
508.70 78.90
21.50 485.60
364.10 943.80
533.90 813.60
743.10 854.60
853.60 53.60
582.20 659.60
930.70 691.10
662.30 27.50
739.60 403.80
348.20 112.80
107.80 771.40
389.10 820.60
511.10 453.50
51.90 549.70
444.40 560.70
628.70 466.00
46.30 992.90
409.90 580.30
806.50 153.00
434.90 660.20
206.70 17.10
319.80 137.40
708.30 982.20
165.00 447.90
386.00 513.30
560.80 493.80
284.70 949.90
314.50 795.90
403.40 366.50
345.70 847.90
927.20 974.40
313.90 973.50
967.30 723.80
553.90 773.90
876.90 988.80
434.20 83.70
6.00 754.10
221.20 714.30
736.30 386.20
162.30 122.30
899.50 723.10
616.20 184.30
673.00 930.80
980.20 76.50
297.30 326.00
924.40 224.60
300.40 238.30
198.20 267.80
962.20 752.10
41.80 839.10
740.90 476.00
922.90 747.00
230.10 144.10
461.30 966.50
530.30 623.70
88.90 429.90
346.80 705.20
614.30 19.90
636.00 594.60
96.40 933.40
920.60 20.80
158.10 221.10
259.20 356.30
489.00 221.50
108.40 530.80
60.70 849.40
6.90 983.60
596.40 237.10
127.70 57.70
203.60 658.10
681.50 292.50
88.00 28.30
997.70 702.30
48.30 633.80
297.00 144.80
567.20 217.60
165.70 725.30
438.70 424.90
81.60 927.70
646.50 190.10
458.60 707.20
39.50 465.50
690.80 635.90
702.60 818.50
693.70 906.30
476.60 375.20
198.80 564.70
403.60 196.60
267.10 452.00
830.40 564.10
596.80 397.70
781.70 762.50
123.00 220.50
187.50 204.70
148.20 834.00
394.90 606.80
541.20 434.40
72.40 232.10
70.40 775.10
50.60 764.10
681.40 527.30
139.40 880.20
92.10 543.10
76.90 359.20
995.10 907.30
923.30 592.00
305.00 705.10
354.50 428.10
925.60 542.00
632.90 73.90
376.10 27.80
680.80 917.40
462.30 753.30
149.50 532.70
528.40 200.20
296.90 209.80
727.50 436.40
90.10 819.60
979.60 167.00
178.90 974.70
74.40 102.30
566.70 379.40
807.40 921.30
807.60 733.10
463.40 440.60
807.10 839.50
468.50 487.90
756.90 930.80
241.20 906.50
463.60 769.70
106.70 760.60
979.50 834.30
197.10 69.60
653.90 176.70
236.70 832.90
151.40 311.10
935.20 718.20
690.60 742.70
639.60 498.30
475.90 103.00
938.90 283.00
942.60 407.40
771.00 699.60
338.30 12.30
606.10 802.00
782.00 712.80
562.60 761.60
547.10 759.70
831.30 201.10
936.40 68.10
34.00 87.90
379.20 969.30
806.20 69.90
712.10 445.80
568.20 188.10
548.80 507.10
471.10 491.50
914.60 242.20
191.10 252.90
254.60 797.20
55.00 36.70
510.10 617.60
798.30 57.20
377.40 629.70
258.30 313.90
697.80 292.40
401.90 77.10
261.80 208.10
147.00 973.90
653.90 715.20
162.10 202.80
222.40 633.30
694.30 137.10
875.50 885.50
390.10 130.20
682.70 445.10
166.90 192.90
62.70 965.30
250.10 440.20
595.00 508.50
754.10 292.90
801.00 156.00
370.00 62.80
364.20 517.00
36.80 18.20
232.30 198.90
221.00 454.80
832.20 915.40
591.90 707.80
801.00 982.00
838.00 483.80
427.10 5.00
676.70 489.90
970.30 926.80
930.20 565.40
435.30 684.40
858.40 236.40
840.40 228.40
299.20 204.70
745.50 336.10
222.90 977.90
535.00 443.90
432.70 367.30
359.40 24.60
75.20 160.40
6.70 913.20
644.20 433.80
918.30 320.90
923.80 888.60
247.80 854.00
454.10 683.20
538.40 312.60
919.60 378.90
541.10 218.90
583.60 286.60
555.00 806.50
264.60 90.10
250.50 697.30
457.40 610.00
722.00 532.60
770.50 728.70
445.90 414.80
162.60 364.20
735.70 86.40
252.90 983.60
940.50 707.10
666.80 478.90
19.70 586.50
857.90 560.80
805.40 441.60
847.50 360.40
248.10 112.10
450.50 498.70
809.50 908.00
108.80 531.50
440.70 879.30
260.30 886.70
294.10 422.90
250.90 29.90
509.40 503.90
13.60 450.00
211.00 680.40
928.90 230.80
267.00 786.90
791.70 72.40
228.50 639.30
432.80 476.70
751.40 883.40
975.50 561.00
791.50 84.30
92.60 232.30
963.60 352.90
119.00 257.80
775.90 370.00
287.70 285.40
873.90 301.30
735.40 85.00
981.80 664.40
315.90 248.80
451.40 107.60
321.30 679.90
746.90 754.20
156.60 498.40
637.60 132.10
59.40 429.20
216.50 152.10
661.50 180.10
505.10 780.60
438.00 281.00
150.60 725.80
566.50 24.60
27.20 302.00
109.60 9.00
966.40 425.50
257.90 417.80
533.20 579.20
97.80 280.20
333.40 254.50
778.60 971.10
386.70 838.10
400.40 603.20
990.30 61.90
783.40 495.40
842.50 221.40
776.50 993.20
947.20 343.00
17.80 974.40
645.00 127.40
983.50 611.50
553.00 241.50
29.40 86.20
820.80 127.20
366.50 154.20
381.80 145.10
125.40 768.50
983.30 525.80
371.70 973.60
587.80 155.10
469.00 430.40
376.50 245.50
423.60 323.80
588.60 441.40
298.30 233.70
568.90 281.80
845.20 121.90
523.40 874.70
208.20 344.20
2.00 574.70
498.50 383.80
719.90 624.00
152.30 703.20
149.80 524.10
676.90 737.70
679.20 146.00
168.10 55.80
391.50 591.70
379.60 980.20
33.20 677.90
213.90 602.10
959.80 59.20
724.00 483.30
933.90 932.30
827.50 935.90
507.00 326.10
319.80 227.00
950.10 472.20
930.30 99.90
996.30 607.20
837.70 675.50
753.20 5.80
731.40 144.80
597.60 111.00
125.00 630.80
789.00 339.00
232.90 748.90
398.20 957.00
232.20 332.10
889.30 59.80
268.10 396.40
385.90 587.90
623.40 336.00
60.10 553.70
436.00 56.40
161.00 273.70
732.00 914.20
279.60 463.40
59.10 877.20
574.50 184.20
508.00 363.60
523.20 740.90
112.60 921.40
697.90 344.90
253.50 587.30
404.70 521.70
983.70 790.70
109.60 607.20
126.80 169.80
160.90 562.90
226.30 322.00
836.70 958.30
236.30 116.30
421.80 295.40
993.60 996.30
479.70 501.60
360.00 2.90
242.60 472.60
924.30 940.60
817.50 177.90
527.90 222.20
699.70 511.70
13.00 809.30
118.90 139.80
979.20 279.90
702.80 205.50
601.90 539.50
163.80 838.20
655.90 585.70
133.70 649.50
582.00 613.40
151.10 942.00
616.40 393.80
414.60 540.80
334.40 232.20
718.80 862.30
454.50 418.50
374.00 467.50
227.90 493.00
607.40 207.10
772.90 310.20
412.70 374.90
849.70 576.50
213.20 505.60
162.20 347.00
155.20 744.30
960.40 306.30
686.40 576.90
700.10 101.10
117.70 34.60
333.30 836.50
897.00 787.80
255.10 271.10
255.30 483.00
764.10 862.80
690.20 537.10
173.00 102.90
912.00 22.80
679.50 125.20
528.50 841.80
472.20 683.70
586.10 432.70
990.10 272.60
9.70 690.30
373.70 127.40
724.90 707.00
964.00 621.90
494.80 219.20
893.00 750.20
702.20 657.10
613.00 392.50
194.30 786.10
495.40 106.30
809.00 174.90
231.60 337.50
16.80 703.90
21.30 602.90
136.70 11.40
875.60 146.40
701.70 249.30
273.90 426.70
956.30 238.00
48.60 451.20
457.20 941.70
201.50 159.50
598.80 814.60
552.00 793.20
600.80 47.50
899.50 409.80
222.50 131.20
747.40 239.30
835.10 768.70
842.30 971.90
780.10 717.90
118.30 481.90
967.20 392.30
908.60 923.60
630.40 957.30
374.90 87.70
899.00 576.50
247.20 497.90
391.10 799.30
291.10 992.00
846.90 190.70
401.80 69.40
321.90 149.20
308.80 157.00
918.00 151.10
129.00 698.20
869.00 247.30
180.10 836.30
639.70 88.80
759.90 270.10
46.10 134.90
357.80 945.20
711.40 605.10
443.10 102.60
404.50 734.20
94.60 251.50
924.90 496.50
320.90 246.80
645.70 629.70
403.90 563.80
780.80 532.90
262.00 649.90
780.30 442.20
486.20 420.10
531.00 246.20
690.30 577.20
381.10 48.20
522.40 92.60
653.30 965.60
195.20 57.90
699.80 289.80
309.40 624.80
786.30 630.40
871.70 432.10
260.20 275.70
995.90 41.10
808.70 258.00
691.00 589.10
700.20 177.30
9.20 231.30
423.50 699.60
808.60 804.70
747.80 331.10
897.30 401.20
296.70 92.60
459.10 996.60
382.40 768.60
621.50 168.80
399.00 493.30
601.00 659.20
769.00 597.00
700.30 577.80
855.00 391.40
167.00 555.30
568.70 176.20
786.70 992.30
875.90 595.30
797.10 623.70
926.50 694.40
24.90 223.30
787.10 484.10
219.90 169.50
252.80 841.50
338.40 651.90
334.80 939.50
311.10 103.90
536.50 11.50
681.80 391.60
403.00 848.80
947.00 971.80
25.10 733.70
964.10 901.00
329.10 761.20
524.70 255.60
455.70 549.70
478.90 242.80
33.80 698.90
412.40 286.60
540.50 750.90
938.60 875.40
690.40 249.80
979.30 227.00
261.30 661.10
618.60 664.40
509.90 565.60
636.20 535.00
299.40 600.40
436.10 628.50
361.70 960.80
884.20 817.40
510.60 363.20
60.30 544.50
62.10 472.70
831.20 602.70
223.70 769.80
478.10 914.10
19.60 457.50
141.20 281.00
118.60 759.80
945.40 628.60
325.50 581.70
163.70 624.90
182.10 599.80
253.40 543.80
560.70 137.70
361.30 71.40
500.90 421.60
615.90 563.10
894.40 447.10
165.80 118.10
216.90 643.90
32.30 236.50
101.40 173.50
517.50 220.10
933.40 463.00
848.80 258.90
44.70 12.50
883.90 226.90
612.40 137.40
