300 300
840.10 394.30
783.00 798.40
911.60 197.50
335.20 768.20
277.70 553.90
477.30 628.80
364.70 513.40
952.20 916.10
635.70 717.20
141.60 606.90
16.30 242.80
137.20 804.10
156.60 400.90
129.70 108.80
998.90 218.20
512.90 839.10
612.60 296.00
637.50 524.20
493.50 972.70
292.50 771.30
526.70 769.90
400.20 891.50
283.30 352.40
807.70 919.00
69.70 949.30
525.90 86.00
192.20 663.20
890.20 348.80
64.10 20.00
457.70 63.00
238.20 970.60
902.20 850.90
266.60 539.70
375.20 760.20
512.50 667.70
531.60 39.20
437.60 931.80
930.80 720.90
284.20 738.50
639.90 354.00
687.80 165.90
440.10 880.00
829.20 330.30
228.90 893.30
350.30 686.60
956.40 588.60
657.30 858.60
439.50 923.90
398.40 814.70
684.20 910.90
482.40 215.80
950.20 920.10
147.60 881.00
641.00 431.90
619.50 281.00
786.00 307.40
447.00 226.10
187.50 276.20
556.40 416.50
169.60 906.80
103.10 126.00
495.40 760.40
984.70 935.00
684.40 383.10
749.70 368.60
294.10 232.20
584.40 244.40
152.30 732.10
125.40 793.40
164.10 745.00
74.50 950.10
52.50 521.50
176.20 240.00
797.70 732.60
656.50 967.40
639.40 759.70
93.40 134.90
520.20 78.20
69.90 204.60
461.40 819.60
573.30 755.50
51.90 157.80
999.90 204.30
889.90 125.40
997.70 54.00
870.50 72.30
4.10 923.00
593.80 180.30
163.10 391.60
913.00 819.60
359.00 552.40
579.40 452.50
687.30 99.60
530.80 757.20
304.20 992.20
576.90 877.60
747.80 628.90
35.40 747.80
833.20 925.30
873.20 831.00
979.40 743.80
903.30 983.50
666.80 497.20
163.90 830.00
888.90 76.90
649.70 248.00
629.40 229.10
700.60 316.80
328.70 231.40
74.10 633.00
223.60 651.10
510.60 971.40
280.00 546.10
719.20 113.20
471.40 592.50
944.30 450.90
336.30 847.60
434.50 3.20
344.90 598.40
833.20 233.80
675.40 482.90
481.90 304.90
712.00 182.50
621.80 40.80
413.90 695.90
673.90 637.60
347.10 184.60
609.10 627.10
730.70 328.30
740.40 202.20
920.90 684.70
653.10 257.20
532.40 87.60
260.40 877.30
686.10 93.70
111.20 361.60
576.60 593.20
666.50 288.70
775.70 288.30
329.60 189.70
984.30 3.50
827.30 331.40
188.20 436.40
958.60 918.90
764.80 699.00
121.10 685.70
383.80 774.20
943.00 916.20
861.90 203.50
793.60 548.00
297.20 904.90
909.60 873.90
498.10 576.10
162.70 273.90
864.50 492.30
463.60 848.90
495.90 291.00
180.40 684.10
727.50 139.00
603.10 492.40
838.10 724.20
178.20 221.90
498.50 121.20
138.20 360.40
324.80 931.80
908.40 622.00
836.80 818.10
496.00 334.90
394.30 658.80
608.80 258.90
151.20 72.50
107.80 647.20
363.50 288.20
331.30 91.10
427.30 934.40
583.50 265.40
658.70 761.70
487.40 157.20
883.00 625.60
517.70 207.80
557.50 426.10
829.90 394.30
244.30 326.00
729.30 638.60
984.80 338.20
897.50 136.00
410.70 5.40
783.20 774.30
293.60 114.60
865.50 721.00
49.10 449.10
986.40 707.90
210.80 473.80
865.10 93.90
99.50 382.80
301.70 657.10
809.00 131.70
51.50 53.40
457.70 780.80
692.00 442.50
119.10 589.60
578.60 529.80
595.00 361.90
304.20 888.70
476.50 169.80
609.70 525.70
618.90 596.10
233.60 829.80
70.00 98.80
923.70 169.60
481.70 225.40
826.70 290.80
357.10 878.20
344.20 814.90
659.10 36.30
257.40 778.20
625.90 836.10
308.10 221.00
198.00 612.40
109.70 674.60
782.20 719.40
200.30 401.10
315.60 434.00
230.90 385.70
532.80 154.70
555.30 14.50
380.20 382.10
305.40 737.40
260.40 649.60
552.30 919.50
685.90 809.70
697.80 311.90
645.80 6.00
532.90 843.90
618.40 642.60
518.50 400.70
362.10 718.80
801.80 677.80
152.80 32.80
63.50 685.70
187.60 618.90
700.30 567.80
1.10 5.70
305.20 261.50
655.30 857.50
181.10 341.30
667.30 879.00
653.30 313.20
885.00 186.20
157.10 503.40
828.90 675.60
904.10 191.10
394.50 706.00
868.90 547.30
738.90 932.40
233.10 926.50
551.40 933.40
494.40 552.50
939.10 799.60
814.10 594.40
657.20 995.20
935.80 324.50
874.30 589.10
637.70 759.30
775.40 794.90
262.70 604.30
470.50 166.90
795.40 865.00
873.00 664.40
412.40 611.90
596.80 645.60
538.50 148.30
579.00 32.90
700.90 518.10
832.60 515.00
112.60 489.80
510.30 48.40
814.30 384.60
637.60 452.10
143.90 413.00
247.00 406.70
17.40 717.50
573.70 812.90
582.60 446.70
477.30 995.10
58.70 74.20
640.70 597.20
222.60 219.70
630.20 923.50
737.90 462.80
438.50 850.50
952.60 948.90
899.00 767.00
333.50 536.70
219.10 477.50
949.80 466.10
884.30 967.20
183.70 458.00
780.20 766.40
904.70 257.50
761.60 963.50
331.80 402.30
560.70 554.40
622.10 191.00
477.90 360.10
653.80 916.50
210.60 606.50
865.40 109.70
373.50 199.00
646.50 592.60
676.50 596.30
58.80 560.80
563.60 242.60
18.90 343.80
9.00 923.60
601.40 770.60
887.10 933.20
173.00 447.90
487.70 795.20
639.00 965.60
155.30 292.80
882.20 366.00
899.40 747.60
475.80 272.90
946.60 122.30
865.60 623.10
718.60 924.50
184.00 282.20
167.10 202.90
626.10 176.20
126.60 227.50
946.90 13.80
160.80 119.90
461.80 648.50
915.20 100.80
614.20 70.50
393.70 496.40
436.50 293.10
244.00 912.30
566.10 190.70
34.70 431.80
813.90 753.30
356.30 997.90
35.60 523.50
200.90 661.70
699.70 327.60
889.30 646.70
341.40 50.10
766.70 803.30
698.70 681.90
904.10 312.90
752.40 297.90
809.30 189.00
591.10 53.40
101.40 157.20
244.10 136.10
589.10 58.00
889.50 945.50
56.00 925.20
469.00 256.90
587.00 168.80
584.50 476.30
815.50 926.00
526.50 582.20
729.30 225.20
264.10 633.50
538.10 16.60
931.50 347.50
205.70 522.60
400.90 307.10
679.90 645.10
443.30 269.00
703.10 332.80
214.50 759.20
258.10 683.50
16.10 845.10
852.40 600.70
321.40 667.90
526.80 848.00
250.20 256.20
73.20 514.30
889.80 611.40
531.00 821.30
958.90 736.70
343.90 359.90
43.90 23.80
5.00 487.20
292.80 708.20
820.10 507.40
467.40 78.20
190.90 483.60
923.30 43.30
84.40 244.80
711.30 611.20
92.80 961.50
867.40 166.00
475.90 757.20
777.50 6.90
578.60 736.40
743.70 922.50
96.40 787.60
946.40 101.40
274.80 239.30
809.70 95.00
746.70 277.20
173.30 937.70
760.80 96.60
981.10 845.20
341.50 692.40
456.50 434.30
654.00 323.90
600.40 129.90
81.20 377.90
136.90 659.80
114.40 880.60
582.40 210.80
668.30 528.80
312.30 943.20
768.20 122.00
38.20 514.90
399.20 211.50
452.60 160.10
308.20 433.70
5.40 649.70
126.20 461.90
84.10 780.20
785.90 684.60
910.20 867.10
62.60 47.10
527.00 177.10
927.80 109.50
387.90 596.10
638.40 700.30
539.40 406.60
822.40 577.60
921.50 221.70
789.20 374.20
381.80 97.40
807.90 387.30
747.20 934.10
849.20 831.40
714.40 635.20
516.10 624.60
502.40 578.80
671.80 29.40
755.90 599.70
139.00 143.90
195.80 777.40
844.20 735.30
184.00 666.70
312.90 105.50
888.40 102.20
479.70 270.30
199.70 287.70
657.60 947.00
221.90 506.90
778.40 936.30
142.10 294.60
561.00 644.50
873.40 232.80
673.90 629.30
832.50 812.90
773.30 28.40
590.40 617.50
763.70 774.40
284.20 76.70
880.00 172.70
178.90 359.70
443.00 378.70
647.50 100.60
325.70 869.40
607.60 104.10
805.70 749.70
398.70 366.70
394.20 272.10
599.60 68.20
901.50 432.10
881.20 674.80
460.60 471.60
292.40 224.40
246.00 576.70
301.10 126.00
749.40 480.10
485.80 192.40
858.80 133.30
293.10 184.50
2.80 900.70
288.70 808.60
650.40 687.50
175.40 44.70
959.70 775.00
112.90 861.20
207.20 994.10
536.10 667.90
465.80 828.50
892.30 711.90
405.20 193.40
837.90 154.70
673.60 323.80
347.10 532.50
457.20 640.30
717.00 460.00
541.10 5.80
268.60 191.60
693.30 444.00
236.30 653.00
219.10 349.30
514.30 426.40
343.50 50.40
94.30 809.30
879.00 986.60
521.20 284.20
180.10 359.20
438.90 853.70
683.00 786.10
386.20 140.30
426.50 103.30
600.40 967.60
109.20 869.00
159.30 802.60
313.10 395.60
455.60 532.30
745.00 970.00
958.70 88.50
20.50 53.00
897.80 899.50
39.70 419.10
183.80 219.80
778.30 622.70
73.60 461.40
408.90 459.90
601.80 835.50
563.30 202.20
803.20 672.50
71.30 962.50
475.10 384.50
358.20 930.80
916.80 103.20
900.80 875.60
191.70 921.40
928.60 89.60
820.90 968.30
508.70 4.70
188.20 287.10
627.50 261.80
748.60 36.40
721.80 350.50
872.00 285.10
552.70 675.20
957.70 624.00
637.80 432.80
8.50 996.00
363.70 925.40
99.20 264.60
801.00 291.00
186.00 729.70
380.70 6.90
698.00 889.50
11.60 886.30
176.70 639.10
148.20 925.30
675.60 870.00
275.80 547.70
155.20 828.60
222.90 112.90
452.60 860.70
545.70 461.20
856.80 909.50
386.60 956.10
174.10 187.60
247.10 360.10
917.30 627.80
367.10 615.40
517.30 378.70
501.80 694.00
17.90 650.00
619.40 693.60
520.10 895.30
241.40 675.30
723.90 464.30
788.20 176.60
325.10 334.00
637.90 182.00
243.50 24.50
138.10 417.60
212.20 385.20
777.80 129.60
13.10 144.90
745.10 530.50
523.70 246.90
224.60 541.70
897.00 844.10
235.40 417.10
739.40 476.80
92.40 463.40
941.20 880.70
640.00 266.40
214.70 278.00
448.40 458.20
302.50 586.50
