600 600
700.90 809.60
88.70 121.40
348.30 421.90
699.80 66.30
587.40 642.90
990.60 295.70
271.30 69.60
949.60 382.10
322.70 988.30
842.50 275.30
596.60 556.40
847.90 184.60
397.40 889.70
850.40 317.70
102.90 44.90
644.90 803.90
854.50 733.70
925.40 202.80
155.70 625.20
269.20 743.20
268.10 259.80
38.90 539.50
329.50 988.50
921.70 652.20
976.90 764.20
927.50 573.50
320.60 775.40
758.20 718.10
665.20 608.60
35.80 768.10
653.50 680.80
572.10 508.10
414.60 497.50
711.00 570.30
122.70 980.30
313.60 390.90
240.10 352.50
930.50 569.70
341.10 852.20
221.90 318.00
616.40 149.50
891.60 937.10
924.90 649.80
655.20 590.10
258.50 691.00
358.30 912.10
371.90 930.50
420.30 786.50
428.00 131.30
356.90 550.80
111.60 670.50
941.80 351.80
23.00 872.30
921.50 364.20
724.50 143.50
682.30 341.00
293.00 574.00
278.10 217.90
223.80 933.30
808.10 482.40
624.40 166.50
394.60 996.30
97.00 814.90
782.80 525.10
946.20 139.70
75.90 57.90
810.30 17.80
409.80 833.30
890.10 331.40
197.60 614.70
474.90 879.90
955.70 767.90
453.90 233.90
985.90 677.80
167.20 794.10
160.20 791.60
960.60 554.80
788.00 57.70
369.80 570.80
582.80 316.00
710.60 658.70
374.00 520.90
676.60 783.80
354.30 566.70
115.20 551.90
181.50 590.20
431.90 137.20
358.10 885.80
371.10 344.10
563.60 538.40
138.20 723.90
330.10 98.80
278.80 118.10
156.50 648.60
689.00 739.40
964.70 399.60
398.20 338.70
920.60 74.80
122.60 275.00
641.60 237.90
827.00 823.10
828.20 258.90
960.40 186.30
144.70 331.50
530.50 708.40
870.00 668.70
432.30 200.10
767.60 711.10
318.30 924.20
359.80 7.30
663.60 324.50
407.00 61.80
663.30 327.70
136.60 785.90
602.70 778.30
23.90 429.70
601.40 852.10
688.70 561.80
38.50 833.50
893.40 569.00
541.90 763.40
237.80 974.30
963.60 5.40
685.50 281.90
929.60 45.30
289.20 593.30
369.80 696.20
655.20 33.10
23.90 791.90
819.10 626.70
570.20 843.10
56.50 171.60
695.20 745.20
733.40 733.80
578.70 626.90
302.90 120.70
390.30 540.70
95.10 354.00
546.10 780.60
635.90 475.80
826.00 925.20
69.20 195.90
621.40 724.40
229.10 645.40
516.30 48.20
272.20 86.50
891.40 328.70
258.20 586.70
74.00 991.70
320.50 652.80
618.60 623.40
773.60 8.90
164.10 868.70
362.90 710.30
649.40 998.90
186.20 475.40
924.10 255.40
671.30 545.60
979.80 900.50
191.10 496.20
948.70 463.30
582.80 840.20
792.10 841.00
426.90 866.10
832.70 747.40
518.90 451.30
370.90 292.50
460.30 535.00
161.30 823.30
245.40 810.70
822.30 431.60
286.20 746.40
687.00 957.60
292.10 666.90
858.10 483.20
163.10 806.90
946.60 745.90
647.10 738.70
587.00 74.00
604.90 419.80
821.50 123.80
871.20 192.40
416.40 331.50
727.40 577.80
154.90 972.90
388.50 977.20
404.50 674.70
723.70 91.50
632.40 15.80
758.40 490.50
499.10 921.60
297.40 445.70
667.60 944.50
184.50 254.60
18.60 789.40
674.40 840.10
913.20 545.60
32.50 329.70
877.20 760.00
907.50 32.10
732.90 296.10
9.40 137.50
970.90 733.10
229.00 603.30
749.00 987.50
93.80 248.10
909.10 391.30
693.80 576.70
335.90 878.30
831.40 354.60
667.70 505.80
194.70 581.00
51.50 227.30
910.80 928.70
987.40 818.40
960.90 720.40
114.60 970.30
857.90 85.50
703.50 87.00
688.90 452.50
74.60 782.80
700.70 983.70
174.10 394.60
560.50 510.10
272.90 391.90
864.70 940.70
897.80 59.50
521.80 949.30
286.90 432.70
878.10 274.30
251.20 839.10
994.80 365.80
809.50 852.80
451.40 513.00
939.90 140.30
965.60 14.50
923.20 666.30
998.20 97.40
60.90 558.80
607.50 333.90
950.70 472.30
274.70 848.60
531.80 796.60
798.00 818.70
229.40 676.10
93.10 480.60
515.20 88.00
846.40 324.70
940.80 297.80
837.80 880.70
438.20 803.50
895.20 361.40
469.80 893.50
458.80 530.80
452.30 66.40
864.80 403.10
538.70 139.50
251.70 70.60
936.20 49.70
889.30 165.60
725.90 982.50
646.20 241.20
70.50 492.70
566.00 11.40
790.60 403.80
892.20 228.90
207.30 787.40
590.30 677.20
681.00 49.20
208.10 133.40
115.70 72.90
536.50 654.40
212.50 788.30
725.00 148.70
838.00 614.40
314.40 564.00
596.90 960.70
805.20 667.50
453.40 371.20
678.90 244.10
775.10 571.20
473.00 982.40
358.60 63.40
659.70 39.70
112.70 867.80
173.10 228.40
940.70 709.60
882.80 153.20
498.00 607.90
302.00 336.10
222.30 616.50
900.10 819.30
577.20 705.30
486.80 30.70
76.60 165.80
274.80 851.70
737.00 747.90
834.10 95.70
811.30 493.90
135.50 924.10
361.70 308.60
152.50 302.50
18.30 35.40
455.80 516.30
643.30 757.90
852.40 865.70
374.40 752.50
685.00 951.60
457.90 171.90
982.40 534.50
337.80 257.20
386.20 74.90
5.20 220.40
170.70 816.60
714.40 306.20
740.70 76.10
614.80 893.20
378.60 633.20
928.60 834.50
149.50 572.00
592.40 2.00
437.70 966.80
754.60 122.80
918.50 212.50
294.80 900.90
747.10 632.70
158.10 133.40
707.60 163.40
353.90 878.40
980.00 68.30
184.60 720.70
144.40 799.50
613.90 523.10
432.70 542.60
357.70 582.20
114.60 950.10
584.20 552.40
916.90 338.90
675.30 835.40
551.40 970.10
736.30 298.60
602.90 894.50
432.00 310.50
57.90 785.90
189.00 37.90
854.20 373.60
758.70 998.70
173.10 372.60
521.90 605.80
915.30 879.60
188.10 30.00
829.70 772.40
582.40 746.70
111.30 257.70
582.20 662.80
227.90 318.60
961.40 830.90
213.20 393.50
141.40 271.20
179.40 330.50
309.20 33.70
704.10 67.90
32.50 877.20
440.60 554.40
483.10 355.90
434.10 671.20
385.90 263.90
443.60 968.40
10.60 554.90
226.20 592.90
217.70 454.20
911.50 179.20
285.10 124.70
572.70 426.60
395.90 752.20
757.10 705.10
785.90 461.20
773.10 818.50
338.50 213.70
373.00 821.60
569.60 807.10
492.80 955.60
71.00 936.50
924.00 81.70
491.40 150.30
674.70 709.20
604.50 586.20
888.50 889.60
711.00 461.20
316.20 106.90
213.40 73.30
812.10 999.40
534.50 585.20
817.90 873.10
799.00 190.90
694.70 368.60
998.10 187.50
324.30 69.20
124.00 248.40
151.00 615.50
398.70 825.70
324.80 3.20
412.00 213.30
892.80 123.00
674.50 209.10
230.00 888.00
282.40 42.10
887.40 817.00
627.40 705.40
690.10 426.40
896.40 384.80
795.10 894.60
572.40 119.50
963.80 696.50
367.90 114.90
312.10 766.60
940.60 636.90
769.90 352.60
850.30 662.70
475.70 524.80
871.80 705.70
412.90 154.30
747.90 300.40
971.30 375.30
5.80 661.50
801.80 902.30
46.30 597.00
796.90 618.80
716.60 760.80
315.30 84.50
875.70 627.40
851.20 816.40
264.40 621.10
169.10 114.70
283.90 644.80
639.60 155.80
350.50 52.50
310.10 98.40
352.90 281.50
473.80 358.80
943.00 275.70
261.20 989.40
872.80 58.20
608.20 589.40
819.00 923.50
674.00 694.80
551.00 525.20
511.30 815.40
146.40 680.40
930.20 430.30
325.30 569.80
586.20 675.90
622.30 896.40
774.40 975.30
177.90 248.20
334.20 121.00
524.00 595.40
110.40 396.90
653.60 718.60
986.40 472.70
642.20 660.40
167.60 193.20
185.70 678.90
8.70 332.10
359.40 938.90
762.50 684.70
508.80 348.70
360.60 131.20
245.10 135.00
106.50 423.00
383.30 440.80
544.10 907.40
36.20 654.50
304.30 689.90
373.10 290.70
162.70 15.40
951.20 330.30
208.60 136.90
9.20 217.40
469.00 368.70
156.40 231.50
53.40 665.20
580.30 414.10
796.50 825.40
549.20 903.00
248.50 932.60
343.90 792.60
840.00 380.20
447.10 144.40
70.10 820.30
435.20 232.90
835.70 386.50
563.20 44.40
523.40 572.50
261.90 992.50
941.20 418.30
224.00 994.70
83.60 804.30
408.80 880.10
629.80 958.10
783.20 878.30
890.70 127.10
671.00 730.80
507.30 118.20
875.30 577.50
938.50 310.60
810.40 774.20
697.10 373.60
818.70 220.50
946.10 80.60
213.00 887.40
499.00 437.10
882.10 582.60
241.50 291.00
462.80 871.40
249.10 246.00
749.70 139.90
373.20 420.80
870.70 880.50
539.00 746.10
458.10 477.50
56.70 268.50
251.80 753.80
642.20 70.50
974.40 588.40
151.20 187.50
475.80 650.20
624.70 357.90
232.90 866.30
648.90 695.70
737.70 898.10
941.80 487.50
38.00 315.10
908.30 908.70
195.70 447.30
654.80 653.80
924.90 711.60
922.30 176.70
465.50 564.60
247.30 440.00
153.00 398.60
627.50 628.80
48.80 252.30
986.80 281.70
118.60 635.80
977.50 856.40
533.90 919.40
343.90 571.90
234.50 252.20
480.60 430.20
699.60 135.50
84.10 624.50
847.10 6.50
801.30 312.70
571.10 48.60
752.70 724.10
447.20 380.30
353.00 496.10
632.60 339.80
777.90 751.30
975.60 755.40
607.70 509.50
674.90 951.60
81.50 909.50
203.90 562.10
339.80 903.50
697.70 423.90
528.00 544.90
430.40 329.30
857.60 1.50
378.00 610.40
725.70 825.30
990.70 78.70
321.40 623.40
418.60 99.30
374.70 394.30
854.80 982.50
903.90 529.80
934.20 985.40
439.30 138.10
547.60 779.10
41.60 245.30
203.00 569.70
790.30 633.50
899.10 648.00
635.10 277.10
258.40 360.80
102.50 249.10
439.60 423.90
872.50 858.30
523.30 247.30
252.60 378.20
229.80 156.50
908.00 164.00
141.90 347.40
302.20 689.60
126.50 343.90
934.90 329.60
913.60 725.30
963.10 812.80
373.30 598.20
90.00 631.80
959.10 192.50
880.90 398.70
616.50 753.50
257.10 139.90
0.80 509.70
518.10 230.70
666.30 426.20
394.80 808.30
773.60 697.00
497.90 900.20
40.90 432.90
229.90 954.60
158.20 193.00
767.50 531.60
791.30 857.50
163.40 750.50
50.10 44.40
149.30 666.60
797.90 406.40
806.50 798.80
916.10 324.70
29.50 582.50
751.00 424.30
390.80 524.60
121.40 888.70
424.90 162.30
321.70 654.80
117.00 480.00
847.90 884.50
11.60 639.20
742.10 175.10
389.70 792.20
219.50 539.00
458.80 17.50
945.40 265.40
816.30 861.60
590.20 845.90
444.10 341.20
270.30 835.00
865.90 391.80
723.80 290.80
554.20 45.50
945.60 671.20
525.50 793.50
555.80 537.20
432.80 297.90
712.30 822.60
90.10 931.80
361.70 549.00
949.40 307.20
814.50 765.80
168.90 404.70
611.70 613.10
745.90 882.10
448.10 611.80
273.90 171.90
902.70 828.10
217.50 848.30
499.40 743.00
641.90 55.20
280.30 74.80
353.20 992.60
897.50 443.40
924.50 259.20
992.40 873.90
566.40 806.90
639.70 735.30
211.60 251.50
348.40 957.60
133.70 796.60
569.50 407.60
968.50 472.20
235.80 186.10
320.60 735.30
929.20 962.60
790.50 209.50
37.40 143.80
202.10 934.90
587.20 126.60
194.20 579.60
0.60 760.70
386.60 640.30
496.00 598.30
891.90 844.50
556.00 25.60
641.20 125.50
433.30 609.70
597.70 669.10
795.90 918.30
404.50 725.10
880.90 195.00
934.60 918.40
338.90 136.70
853.40 926.10
263.40 47.60
505.80 264.00
808.30 892.50
904.40 304.40
490.80 796.30
149.00 46.80
822.00 790.20
172.30 255.30
400.00 770.10
924.50 195.90
688.40 329.00
921.00 569.40
524.10 855.70
487.90 863.00
992.40 341.30
789.20 255.90
389.00 295.00
520.00 197.40
187.50 424.40
501.90 678.40
220.80 650.90
725.30 42.90
441.10 897.60
298.20 841.20
667.80 222.80
37.20 356.30
551.90 958.20
925.70 76.00
814.00 413.70
939.10 806.50
755.00 728.30
62.40 144.10
23.40 582.40
341.50 211.00
6.90 843.50
889.50 227.80
494.40 614.80
270.70 935.60
512.50 569.00
776.90 180.30
791.80 814.10
536.60 343.70
772.40 462.40
419.80 586.40
876.10 358.90
392.90 631.20
87.30 455.40
775.30 110.80
37.80 116.90
321.90 44.80
960.40 211.40
272.60 454.90
826.20 543.40
390.50 338.70
112.40 167.40
519.00 904.30
981.60 55.70
248.10 754.00
518.10 667.90
340.40 394.20
26.90 733.30
25.40 114.30
188.70 800.80
225.10 226.60
917.70 547.10
271.50 878.20
758.50 544.20
333.10 584.70
87.60 723.70
923.50 200.10
891.20 442.60
104.40 872.80
498.30 352.50
626.80 16.40
20.50 967.30
410.60 47.40
700.60 436.10
161.80 889.40
236.90 387.00
116.10 154.70
934.10 387.60
32.90 692.60
931.80 366.10
277.40 19.50
89.90 201.00
219.60 981.10
643.60 324.00
854.00 141.90
676.60 480.90
158.30 697.10
448.20 568.90
744.60 148.90
5.10 906.40
38.40 242.00
293.40 154.60
396.70 227.60
542.20 429.70
920.20 474.10
795.80 197.70
493.60 885.70
398.70 713.20
866.90 42.30
37.30 721.00
184.30 713.90
202.00 342.60
411.10 650.30
911.60 155.70
799.30 916.70
62.20 837.70
158.70 355.60
992.40 555.50
583.20 534.60
985.20 503.50
8.70 781.10
701.30 502.40
666.90 100.10
215.60 533.90
142.50 252.90
254.90 326.80
966.90 456.90
669.50 378.00
107.30 581.10
533.70 906.60
497.90 596.00
744.40 656.60
951.60 736.80
212.20 534.90
271.40 197.50
38.50 280.20
978.60 739.90
782.70 645.50
840.10 998.30
179.40 982.60
251.30 434.40
309.50 218.20
891.40 979.00
596.30 998.70
560.10 130.10
905.30 58.00
726.10 649.80
714.70 677.80
386.60 927.00
212.80 658.10
124.50 251.30
938.40 103.10
991.30 721.10
748.70 831.40
719.40 928.20
814.10 970.80
362.60 123.60
189.10 254.00
102.60 785.40
252.80 662.80
915.60 158.20
720.80 641.70
808.00 435.60
319.50 194.60
362.60 532.40
852.70 487.20
783.80 791.20
590.40 775.10
512.30 339.10
606.60 231.80
267.40 420.70
202.60 630.00
544.30 391.80
884.10 646.90
177.30 137.00
309.70 92.90
295.20 30.60
734.70 103.20
466.30 54.30
297.80 829.00
586.70 150.60
316.20 370.50
941.80 906.60
145.70 454.20
245.80 752.30
686.00 513.20
173.00 888.70
143.30 717.40
280.50 27.50
364.30 457.90
164.50 674.10
550.80 459.70
704.80 285.60
562.90 171.10
339.90 860.80
0.10 926.60
11.50 316.40
297.20 953.30
223.00 442.90
407.60 468.90
195.30 93.60
982.10 368.30
982.40 125.50
85.70 263.00
153.00 450.10
720.90 317.50
124.30 271.80
777.20 829.10
557.40 340.20
0.30 897.40
201.00 0.40
824.10 212.50
316.80 121.30
165.90 539.90
564.30 573.50
8.80 759.60
667.20 991.00
128.00 649.60
116.60 213.80
912.70 269.60
663.90 633.60
587.10 788.20
905.50 364.40
617.40 463.00
704.60 617.70
360.40 905.60
618.20 184.50
118.20 935.10
305.90 284.10
475.10 870.30
857.70 484.00
629.90 524.90
475.00 757.90
174.60 591.60
971.70 87.40
861.30 635.70
721.00 448.50
424.00 626.60
812.90 41.50
89.60 517.60
659.20 450.10
423.30 277.50
634.70 541.50
212.60 940.60
825.70 687.70
811.00 683.40
171.70 440.90
208.40 646.80
198.90 383.10
238.50 170.70
470.50 99.80
806.50 191.60
548.40 230.50
818.20 361.30
272.10 907.90
878.90 931.30
358.00 302.20
208.90 992.70
843.80 421.50
933.40 669.50
109.30 744.40
353.00 281.00
185.40 561.50
927.90 384.40
944.60 166.50
555.20 415.20
266.40 361.70
606.90 814.80
592.30 425.20
176.20 864.40
333.10 55.20
795.80 691.20
357.50 4.70
683.90 201.30
426.30 617.40
870.90 535.60
361.90 223.90
816.70 547.30
785.40 744.60
931.70 730.10
911.20 487.00
145.30 177.60
848.70 752.20
992.40 441.10
177.40 168.60
305.50 510.60
223.80 101.40
201.80 581.30
106.20 885.80
782.70 532.50
503.20 653.60
68.10 865.10
877.50 884.90
412.50 663.00
629.60 344.30
393.10 540.80
831.30 538.40
718.40 680.10
290.70 710.90
121.20 468.10
879.50 426.80
978.70 103.40
528.20 180.50
684.80 634.40
66.30 467.50
167.00 569.60
121.10 235.20
434.80 998.70
120.10 847.30
661.70 749.70
191.60 54.80
290.50 23.00
593.30 9.00
703.10 884.00
719.90 824.30
352.20 599.40
251.20 331.00
702.90 779.50
511.50 387.70
414.00 577.90
855.30 581.00
147.60 976.50
816.20 582.40
975.20 936.30
429.80 637.00
686.10 621.50
691.90 976.60
644.50 285.20
985.60 347.70
169.30 705.50
172.10 521.60
305.00 423.30
852.60 8.00
202.80 364.20
395.70 616.80
942.20 251.10
197.80 89.80
227.60 14.10
672.30 202.80
950.40 102.10
839.90 636.50
723.70 531.80
613.20 368.20
817.10 598.90
716.00 986.50
304.50 888.10
508.10 609.60
311.40 360.70
617.60 514.30
724.90 13.40
131.10 667.10
264.50 329.00
757.00 492.20
343.20 429.30
695.00 293.60
531.50 535.00
930.20 255.30
66.80 543.50
623.60 884.00
142.50 339.60
870.50 447.00
227.70 378.60
56.70 539.20
739.40 674.30
53.50 464.40
687.80 184.70
131.60 952.40
513.80 888.60
444.60 857.00
318.00 139.70
150.70 849.60
674.70 81.00
104.90 741.60
624.60 728.50
625.60 767.10
68.10 496.20
214.20 295.90
874.90 270.90
835.10 614.30
945.30 888.70
78.70 633.20
73.50 210.40
585.60 587.30
99.00 30.30
444.40 417.10
170.00 595.10
266.70 844.80
676.20 371.70
586.40 300.80
100.20 212.10
67.90 168.40
708.40 282.20
464.30 583.30
553.10 299.50
197.70 498.50
188.20 276.50
131.70 261.80
486.90 717.30
849.10 585.90
747.60 293.60
3.10 917.70
888.70 269.80
762.50 565.00
641.50 349.00
865.80 741.80
561.20 933.80
910.30 269.60
216.00 374.70
852.90 769.20
674.20 50.60
267.70 862.50
327.10 399.40
124.30 814.00
116.80 973.50
400.00 864.50
267.10 403.10
782.20 155.90
673.00 544.80
720.90 314.60
893.90 586.80
56.50 455.10
520.60 966.80
724.70 736.70
341.50 577.70
506.00 15.80
628.40 773.70
878.30 955.60
173.20 2.70
769.70 290.00
976.20 169.80
154.60 243.40
572.90 936.90
399.30 246.00
481.70 120.30
560.60 375.60
707.20 617.10
830.80 227.80
584.00 555.60
964.60 925.50
133.40 470.60
941.40 761.80
244.40 819.70
717.40 417.60
822.40 487.20
707.70 798.70
657.00 862.30
42.10 230.00
799.30 441.50
476.00 281.00
561.90 36.70
656.70 269.10
653.90 487.60
497.00 237.90
43.20 461.70
163.50 176.60
932.30 104.90
938.50 176.80
924.70 655.90
594.40 747.20
143.20 302.20
545.90 800.20
164.60 588.10
30.20 963.90
29.70 506.30
245.00 591.70
543.00 901.70
860.80 196.90
389.40 357.90
434.90 432.60
819.60 598.40
609.30 752.00
703.40 547.80
928.80 628.10
203.80 523.30
375.40 347.00
825.50 921.30
147.30 990.20
509.50 177.60
954.10 539.30
683.90 199.10
131.00 226.90
100.90 991.90
423.90 490.30
349.80 858.90
923.00 169.40
457.40 532.30
921.40 160.80
80.10 850.20
789.00 283.90
373.60 164.40
631.00 199.10
85.80 778.30
189.30 595.40
955.90 143.50
134.70 639.80
342.60 265.80
866.80 443.60
257.70 290.80
934.00 607.50
149.70 857.00
776.90 607.10
389.30 698.40
768.00 469.50
548.60 557.00
753.50 922.20
721.50 384.50
121.40 807.30
162.80 310.80
402.80 118.80
454.40 537.50
758.70 797.10
