300 300
135.40 962.50
799.70 403.00
85.10 805.60
645.10 247.30
309.80 983.10
529.60 943.80
878.20 778.20
416.60 222.60
551.10 46.20
617.70 425.20
387.00 776.10
662.30 170.30
319.10 311.00
691.10 103.40
977.90 802.20
613.20 113.40
764.70 412.90
516.40 849.80
218.50 161.60
97.20 528.40
144.70 626.90
472.20 22.90
405.20 888.90
245.60 956.30
935.20 863.40
381.50 322.20
639.50 43.90
492.60 958.60
354.90 183.70
62.10 332.90
985.90 675.30
446.40 750.70
88.20 962.80
600.50 306.80
124.40 697.80
835.20 269.10
324.80 307.50
292.10 730.00
196.50 537.80
686.40 131.70
401.20 67.90
454.00 40.70
111.90 946.60
999.40 466.90
130.30 61.50
799.80 116.20
736.80 246.20
867.00 825.10
209.10 467.50
131.90 333.60
165.40 967.20
602.70 490.20
274.80 894.90
220.30 471.30
432.70 906.70
603.10 833.90
974.70 57.10
874.70 86.60
3.80 874.10
553.60 134.10
935.70 353.50
250.40 672.60
599.70 117.40
497.70 808.90
585.00 629.60
142.50 750.50
596.90 745.30
240.80 871.70
640.20 461.10
343.00 73.00
367.80 946.20
906.90 342.60
3.40 781.70
429.20 7.20
655.80 982.90
141.40 591.60
336.40 391.90
264.20 936.20
509.30 762.00
745.10 94.40
391.70 887.60
844.90 988.60
633.00 85.70
860.30 273.20
546.90 203.40
346.30 914.70
149.70 253.20
257.30 153.10
34.90 686.60
160.30 690.80
669.60 301.80
282.50 6.00
693.70 546.70
942.20 203.10
308.70 687.30
297.50 700.50
575.00 142.50
689.10 208.00
228.20 549.40
481.30 775.10
752.90 827.60
689.90 902.60
80.90 947.30
55.80 115.90
634.00 216.10
806.80 303.60
518.00 89.30
309.60 211.70
636.10 251.80
414.80 944.90
939.20 712.30
645.40 514.30
854.90 334.50
722.40 83.10
884.00 203.80
858.30 637.00
31.50 548.30
539.70 112.50
495.70 595.50
228.40 129.70
811.60 35.20
433.40 329.70
124.60 743.00
541.40 760.70
994.90 956.20
705.70 934.20
668.60 351.10
448.60 523.50
685.70 171.00
606.70 569.80
374.80 465.10
206.80 406.40
13.40 746.50
518.90 509.10
342.00 747.30
638.90 153.70
782.60 72.30
483.40 907.30
815.40 24.90
668.00 810.40
981.10 373.80
744.60 649.80
724.90 193.20
173.40 410.70
364.30 780.20
980.50 739.20
245.30 187.40
145.60 258.80
934.00 664.50
768.00 276.00
411.90 406.90
429.80 194.50
479.20 913.30
101.90 294.70
938.20 770.00
105.10 919.40
143.80 849.80
569.20 868.80
43.00 742.70
279.50 407.40
522.90 260.10
146.60 768.30
447.50 292.20
27.10 381.50
956.80 795.10
657.60 368.70
202.00 87.50
563.30 681.30
0.80 665.20
976.10 939.00
435.20 81.20
858.40 579.00
931.00 427.70
447.90 974.10
170.50 727.50
381.50 693.40
987.60 528.20
461.80 435.20
820.50 488.90
816.80 777.30
284.00 474.50
146.10 486.10
562.00 709.40
167.50 562.80
374.70 143.60
501.90 809.90
224.90 360.40
389.00 155.90
788.20 837.00
130.10 958.70
564.50 511.60
652.20 552.10
39.90 114.00
987.40 860.40
602.90 804.20
637.70 887.00
278.70 783.80
373.20 840.70
493.30 540.70
403.60 868.00
684.40 905.50
678.00 909.30
265.90 67.10
65.20 54.10
904.10 195.40
12.80 468.60
707.10 665.10
20.70 747.00
779.10 8.10
607.40 382.10
812.40 245.10
269.10 91.10
29.00 642.40
931.90 522.30
183.10 335.50
390.30 867.60
241.10 68.40
776.90 507.00
135.50 842.20
561.20 39.60
37.60 574.10
508.20 744.70
239.20 529.00
491.70 18.40
537.10 99.20
400.50 349.50
344.40 669.70
440.70 373.40
312.10 372.60
895.80 495.20
708.20 286.20
362.90 949.30
354.60 139.80
456.40 490.10
982.00 17.60
529.70 19.70
591.70 38.00
764.50 831.00
567.00 256.20
849.40 104.20
355.50 249.90
453.70 699.90
919.70 894.50
73.30 231.80
267.20 969.10
727.10 975.40
255.40 90.00
924.80 610.00
229.80 381.20
100.20 211.90
398.80 629.90
231.70 990.60
668.00 996.20
821.60 235.00
252.50 671.00
339.20 608.00
921.00 793.00
307.90 840.70
687.50 381.30
72.60 954.80
350.50 799.70
930.20 605.90
889.70 855.10
215.90 119.60
236.30 316.10
331.60 635.20
946.10 563.40
625.80 614.10
559.60 447.40
849.20 812.20
118.50 188.40
420.20 39.60
981.50 728.20
880.40 669.10
109.50 953.00
623.90 460.10
752.70 554.20
66.00 642.50
409.30 282.00
762.20 645.60
598.20 93.90
280.90 544.40
657.30 906.70
158.50 217.00
354.20 7.80
29.20 472.80
196.20 449.50
512.40 177.70
177.70 392.90
846.80 287.30
345.90 470.80
747.40 98.70
25.00 813.50
741.30 434.30
95.50 503.60
80.00 693.70
597.50 360.90
238.10 254.90
267.70 396.70
472.00 621.90
404.50 501.20
94.70 600.80
950.80 607.20
778.60 128.50
0.10 625.40
415.90 346.10
96.30 163.40
444.90 121.30
976.90 186.20
555.70 72.40
689.80 635.70
766.20 287.40
996.70 4.30
542.40 264.40
401.10 14.40
886.40 805.60
515.70 981.20
406.50 466.50
588.50 185.10
595.10 588.60
810.60 11.00
934.80 906.90
174.40 379.70
28.20 151.30
566.00 583.90
223.80 255.80
219.70 990.00
543.30 216.50
994.40 85.80
481.00 395.50
100.20 367.50
201.20 615.90
348.70 607.70
82.40 937.20
792.80 677.50
525.90 603.50
688.60 460.80
510.40 863.10
840.50 538.70
14.50 406.50
122.60 238.30
662.40 342.40
228.40 205.80
559.00 222.80
291.60 40.10
618.40 391.80
407.60 819.60
7.80 756.40
427.40 90.20
693.60 220.30
767.80 219.60
823.80 456.50
680.40 334.20
319.60 521.00
872.90 334.10
927.60 995.60
572.50 590.00
338.10 800.90
795.90 897.20
23.80 87.50
937.30 642.20
479.40 344.90
461.90 487.20
101.30 889.30
577.50 795.00
109.60 345.40
14.70 933.50
801.90 695.10
267.70 121.50
216.20 140.70
455.70 143.80
136.40 28.30
733.90 474.50
829.20 529.80
371.70 853.10
617.40 309.10
495.40 96.80
654.00 957.30
584.10 755.30
846.70 161.60
550.40 956.40
507.00 565.10
889.90 309.00
260.30 157.70
430.60 476.50
298.50 886.30
620.40 434.90
914.70 354.30
909.50 744.00
884.20 281.30
597.10 501.60
590.40 92.50
598.40 244.40
49.90 182.60
999.80 896.60
344.20 550.20
853.00 851.30
115.40 743.00
160.30 375.70
900.70 590.90
852.30 199.20
477.30 472.70
634.20 392.00
827.00 543.70
136.00 711.30
825.00 733.10
212.90 415.50
825.70 811.40
659.90 875.60
994.00 659.80
772.20 338.20
210.10 625.30
189.60 325.50
368.30 349.90
701.30 269.10
940.80 553.60
468.30 418.10
26.40 102.60
810.10 853.50
646.40 946.10
564.80 471.40
679.30 777.70
887.00 505.00
589.20 547.00
380.60 583.20
206.80 152.80
921.50 417.00
778.20 111.10
742.60 146.50
461.00 443.90
415.60 401.90
997.60 884.00
820.10 24.00
986.60 630.20
877.50 633.00
576.40 442.30
104.50 255.80
220.10 991.50
760.80 809.30
538.50 141.50
392.50 745.40
294.40 314.10
162.40 72.60
425.20 905.00
219.10 886.30
349.00 634.80
288.30 346.70
518.80 108.40
370.70 505.50
738.70 248.30
138.50 315.20
690.70 243.10
571.00 910.80
234.70 331.90
720.20 773.30
473.40 112.80
518.70 767.80
426.90 681.20
840.40 852.20
586.30 59.60
738.60 935.30
694.40 26.90
282.10 213.30
135.30 652.80
718.80 874.00
901.20 857.40
189.20 591.90
100.50 760.30
502.70 335.30
92.20 222.90
108.60 565.60
335.80 627.30
333.50 762.70
308.50 174.00
615.00 894.80
233.60 353.60
830.20 928.10
380.50 112.30
141.40 515.90
765.20 860.30
390.00 666.40
717.70 579.20
258.30 818.30
339.60 761.10
153.60 431.80
984.10 262.20
997.40 319.90
889.60 330.90
82.70 198.10
505.00 697.70
93.00 738.70
51.30 923.30
666.80 431.90
35.70 808.30
947.80 801.00
668.60 337.80
467.40 386.40
917.10 725.80
204.80 256.70
486.90 358.40
688.50 471.10
620.70 686.00
791.10 510.30
17.00 873.80
708.50 522.00
571.60 801.60
260.70 623.00
724.90 927.60
54.90 760.70
735.90 2.80
561.70 404.60
340.60 29.20
791.10 257.80
755.00 995.90
514.50 242.00
354.40 203.10
713.20 975.10
889.10 504.30
485.40 906.20
378.10 193.90
428.20 949.80
995.50 689.00
572.80 720.50
616.70 627.70
481.20 352.70
630.50 43.00
757.30 971.20
72.20 548.50
229.00 827.30
544.50 743.60
69.30 898.90
946.70 782.50
874.00 835.90
286.90 359.40
742.20 665.10
553.40 170.40
614.90 549.00
859.50 187.70
269.60 476.20
815.50 750.90
828.90 446.00
793.90 586.30
417.30 866.10
134.90 646.30
693.50 679.40
390.00 762.80
578.30 336.80
545.40 452.30
172.70 832.40
811.80 914.90
497.50 365.30
85.40 112.40
914.40 945.00
300.20 184.00
421.30 115.70
934.90 250.20
561.70 728.80
836.60 979.10
595.00 971.50
625.50 288.50
650.90 15.50
51.40 229.30
352.30 596.90
681.70 525.10
429.30 493.50
440.10 926.80
858.90 525.60
39.30 773.30
470.60 339.50
957.30 891.90
455.20 892.20
142.20 17.00
621.10 978.80
996.10 216.20
950.40 621.60
504.70 601.40
637.10 556.20
830.70 989.50
153.20 512.40
514.60 582.50
6.00 954.70
509.40 864.90
480.30 548.70
638.30 951.00
888.30 595.70
842.90 343.50
487.90 985.20
360.50 109.10
964.10 356.70
325.30 914.50
978.30 830.10
516.00 615.50
386.40 346.70
605.00 539.60
859.20 119.70
122.10 865.20
74.40 631.60
730.20 554.80
180.40 368.60
505.80 68.70
