300 300
973.80 1735.90
1185.10 429.40
20.40 1029.60
1991.80 63.80
1203.10 110.60
1053.50 178.70
1528.80 1630.90
1777.90 327.70
431.00 1575.30
1577.30 133.20
865.00 106.70
681.80 1019.60
32.00 522.70
727.30 1518.80
71.80 144.80
363.10 1045.60
1880.70 1548.20
1475.00 1901.20
577.90 1466.90
1965.00 1781.00
1577.60 1018.60
1959.80 1106.50
649.60 1737.70
1434.30 1080.60
1313.10 1011.70
1213.90 178.20
1118.40 1895.70
1197.80 1150.50
418.50 1925.20
669.30 490.30
70.00 1032.40
1536.00 1950.80
580.70 1011.10
1852.00 1158.70
478.00 1817.10
939.70 55.70
835.80 899.50
1162.20 1485.40
637.30 596.60
566.00 1950.40
1608.30 1780.00
128.60 726.80
1675.80 1326.50
1877.30 94.30
1251.70 546.70
584.70 1321.80
1579.20 120.70
1272.70 160.00
1131.80 1124.80
1318.70 1609.90
941.90 258.40
1665.60 1777.70
1158.00 827.90
1263.20 1795.30
1424.50 1829.30
1745.70 1032.90
1609.30 1874.40
1759.70 1285.10
1200.90 1637.00
1379.40 452.70
183.80 1964.20
1774.60 1763.00
84.90 1047.30
1923.00 1216.80
172.10 1241.70
826.80 1114.10
1500.20 492.40
891.90 658.20
1320.40 155.20
453.60 745.00
1984.50 199.40
1777.90 1593.80
73.80 1537.60
879.00 1274.80
1174.70 258.50
1727.50 1358.50
222.70 1502.20
1121.60 307.70
549.50 1044.60
1524.50 721.70
286.40 351.30
1835.90 1786.60
843.80 727.90
444.90 164.30
883.10 898.60
909.30 867.60
1098.00 687.30
461.50 1171.90
224.90 1340.50
446.80 1399.70
1599.00 174.40
758.20 1821.80
1676.60 1879.80
129.50 226.20
924.50 1654.10
947.90 1210.90
5.50 783.90
997.60 849.30
1511.80 1442.50
1013.70 394.90
341.10 1923.10
1262.60 1439.20
610.40 1724.10
611.20 835.30
1064.70 1058.00
235.00 663.80
1232.40 993.30
485.60 909.10
873.10 615.20
1135.30 1797.60
269.30 83.30
1008.60 274.80
867.20 6.20
1124.20 379.10
1448.80 138.00
774.00 1789.90
61.10 36.70
1229.20 671.50
1760.80 1840.50
1506.90 825.60
898.50 1741.90
1489.40 131.00
735.20 1975.10
1040.10 1608.40
590.30 175.50
1406.10 859.70
258.80 414.70
1134.60 1126.10
421.00 258.90
1505.20 1869.80
396.90 279.30
1659.80 458.00
316.00 889.10
1129.60 76.90
729.60 636.50
902.50 1628.20
378.40 391.90
1759.20 1113.70
367.00 799.40
722.20 957.40
974.90 128.40
1817.10 1233.80
543.20 951.70
359.90 964.20
1210.60 1865.20
834.00 1607.50
144.50 493.90
65.60 460.60
1383.00 1195.20
537.50 112.60
1831.70 1440.00
1740.80 210.20
1832.00 1500.10
1324.00 199.00
299.50 46.20
1156.40 1274.50
174.60 973.60
508.30 717.80
1925.30 868.30
1682.10 1135.90
733.50 516.20
743.50 878.10
1010.10 809.10
1338.70 393.10
4.30 1876.20
505.80 1836.10
1316.20 246.60
46.30 1148.30
1746.70 1370.30
1347.30 46.30
1416.60 503.80
1320.80 1591.30
1477.40 1829.20
309.10 1402.80
697.60 1991.30
538.70 1431.10
507.50 1282.20
309.20 1517.60
91.40 1647.90
1910.80 95.80
1524.10 416.60
1931.90 840.40
663.20 1978.30
1988.70 410.00
1348.70 1336.10
456.30 765.30
1840.00 1777.20
356.60 1317.50
1606.50 665.80
720.30 304.10
657.10 1259.10
1735.20 1164.70
541.40 44.50
682.30 632.80
1692.50 593.10
728.70 1216.70
1009.70 660.60
57.10 1673.00
639.00 45.90
83.00 1987.70
1382.10 539.40
753.10 1222.20
316.70 1109.70
539.70 1923.20
1775.60 1260.10
227.40 432.80
519.30 1962.70
1597.50 1060.70
7.20 279.80
1693.60 1699.70
873.00 422.30
916.40 1882.80
1083.00 973.60
1555.80 1722.00
1019.60 1638.90
1709.80 401.80
178.30 462.90
1624.00 495.00
1572.70 163.80
418.30 1348.40
1424.00 645.70
1781.20 1943.30
608.40 1378.80
1004.10 615.70
1658.70 697.70
315.50 531.70
1120.10 1232.00
414.50 203.10
205.60 1970.40
1925.20 1225.30
1609.30 1635.00
1627.10 1787.60
98.00 1251.20
282.70 1670.80
1415.10 701.00
1019.20 839.10
1346.80 800.50
782.50 1955.30
179.30 1786.60
571.00 1838.00
484.30 886.50
369.70 1604.40
118.60 784.30
1807.60 324.30
754.70 1732.80
1549.60 364.00
1367.90 1176.80
151.70 1465.90
428.10 434.40
1136.70 1843.20
1135.50 155.90
682.40 482.40
956.50 1464.90
437.70 1135.80
1251.50 1008.80
973.80 1735.90
1895.40 1343.50
1340.40 14.00
127.90 1148.00
338.30 882.70
880.90 1888.00
1246.70 248.80
1064.80 1398.50
1714.70 1493.00
1833.00 851.50
1336.20 968.60
1007.50 18.60
1451.00 1964.00
1483.60 1888.80
1099.80 735.10
897.70 73.60
471.10 793.10
1417.20 1811.50
807.20 1545.10
959.60 1145.60
427.80 1840.50
1033.60 1674.60
89.30 98.50
1073.20 1804.10
1591.50 906.20
655.60 927.80
1874.80 1663.10
946.50 1325.90
1627.10 430.10
1214.80 726.90
1165.30 112.50
800.60 1636.40
905.70 217.80
1448.00 1713.00
1763.00 407.60
858.60 190.90
248.20 1892.20
1865.60 337.50
1990.80 938.80
141.70 1582.30
1845.00 797.30
510.20 1719.90
460.40 1456.70
1045.90 87.60
1886.90 260.70
814.50 1052.20
373.30 1615.10
688.70 1279.00
1833.00 136.80
992.10 1596.10
544.40 1850.70
1787.00 792.70
1742.90 1652.70
1130.20 1733.70
591.50 1272.00
1316.10 436.60
69.30 1826.30
156.60 529.80
1283.10 1202.50
617.40 1170.00
1463.30 1432.00
222.30 1836.60
1047.20 911.10
1115.70 880.20
1047.90 107.80
476.30 1592.40
1958.50 263.40
385.10 1701.50
1916.10 1515.40
1435.30 507.70
787.40 751.50
944.30 856.70
577.80 1100.90
1386.60 1861.00
303.50 4.00
1031.10 1766.80
1436.00 1253.40
1603.50 483.20
164.60 719.30
1363.50 1212.50
827.10 1839.90
804.90 785.70
103.40 1190.00
487.30 19.50
705.50 1922.70
527.20 1492.90
674.20 1471.60
349.70 1252.10
572.60 1736.30
1113.10 876.20
1740.30 144.30
643.10 1176.40
1397.80 246.60
1659.70 1562.40
965.90 1023.20
774.90 1793.10
863.10 1579.90
578.90 966.50
770.00 1066.30
986.10 1475.50
989.00 1513.40
968.50 1663.20
985.00 1318.20
915.30 1557.70
1054.50 28.50
433.90 794.90
172.80 1077.00
1971.30 1570.60
1323.70 1631.00
1133.00 289.70
654.30 1908.00
82.90 1517.50
1488.00 661.80
484.10 258.00
1728.10 1470.20
1733.60 717.20
983.70 702.10
380.40 1968.80
20.30 1295.70
1526.50 1074.90
1324.30 1960.50
1869.80 1497.10
1037.50 1841.10
1067.80 361.30
1472.20 200.80
651.00 126.50
108.90 734.00
1644.00 1596.90
1395.80 128.10
1855.00 1124.00
1598.40 1588.60
1841.20 582.10
290.70 221.70
550.90 311.10
1517.50 77.50
1386.00 841.80
38.00 1255.80
338.90 1075.60
1097.00 1406.80
1436.90 569.30
1607.60 88.00
695.80 1716.60
822.00 339.90
1313.50 217.90
468.10 1168.50
1342.00 66.50
757.20 1183.20
648.60 1047.90
1404.90 1199.60
1359.10 922.50
1277.10 745.10
1764.30 1315.10
1.00 103.30
390.70 1098.10
1510.10 1827.70
1667.40 1117.80
1915.70 363.30
834.40 737.80
703.30 148.00
955.70 1171.40
1316.60 297.70
1237.90 73.80
1481.00 1886.60
1121.80 886.00
1086.30 480.90
1808.50 363.40
1226.00 1572.80
1678.60 1227.10
1676.20 69.40
325.20 1186.30
1897.20 1992.70
304.10 1813.00
356.10 1138.60
550.80 1059.40
1286.60 1506.60
230.90 603.20
1804.40 1468.90
677.00 1285.40
1355.50 1798.80
171.50 441.90
279.70 1980.10
805.40 1505.80
1552.90 484.00
732.90 1229.20
553.50 1058.20
415.50 450.70
1050.90 719.70
263.70 1407.10
1858.30 814.50
466.50 1145.00
321.20 697.40
1748.20 125.60
166.30 425.30
1411.00 1521.90
224.20 1582.60
1963.90 504.00
1562.70 769.30
9.90 1115.70
1253.30 742.80
344.90 1806.80
1801.10 760.50
257.50 852.10
1480.30 521.30
259.20 1338.60
1335.80 725.80
483.70 1657.00
1423.20 232.00
1782.70 1589.60
657.30 1193.80
1111.60 881.60
776.40 1075.50
1385.70 339.10
1844.90 1395.60
1454.90 1098.20
138.50 1799.80
905.10 1939.60
560.40 1162.70
791.70 40.70
1684.00 1050.90
1379.40 1019.90
1776.80 1863.10
677.00 1200.00
95.10 459.70
789.70 752.50
1653.50 1901.40
1634.10 430.00
977.00 1019.80
769.10 821.90
415.40 224.10
1920.20 554.00
23.90 825.30
493.60 584.40
1988.10 1285.30
625.10 1672.20
336.30 4.50
692.10 113.10
1867.60 1369.20
1313.20 1962.80
1829.00 103.00
715.30 1482.50
4.50 349.50
1912.50 981.50
1369.40 681.70
1803.40 1784.90
905.80 1723.60
338.90 929.80
549.00 832.50
1514.30 537.10
117.90 139.40
209.30 454.30
144.00 901.50
567.50 11.70
270.70 1880.80
1974.50 99.70
1983.80 689.90
1582.30 1988.30
1039.40 1494.90
969.90 408.80
176.70 773.30
193.80 1082.60
497.00 532.70
12.50 1046.00
1365.20 1526.80
1583.20 1483.20
1666.30 1792.50
1937.60 1810.30
694.10 505.10
1822.00 964.80
385.90 1796.60
1064.60 369.80
486.50 647.00
358.20 1526.00
141.90 1328.10
1934.90 318.70
101.50 128.70
1401.30 598.50
661.40 1413.80
1644.60 26.70
940.70 1227.80
1510.00 607.00
1020.40 1447.60
417.30 1714.50
1952.70 239.40
679.40 338.70
36.00 1744.10
708.60 522.50
391.10 1066.90
48.50 533.10
395.10 1983.50
851.90 496.60
112.20 253.20
1095.20 773.70
1667.10 739.90
800.40 607.80
1967.80 310.50
1214.80 988.20
1758.10 1632.10
702.80 1710.90
1871.50 1382.30
49.70 1907.60
1126.40 758.30
430.10 1517.60
1825.30 478.70
50.80 220.40
462.20 902.70
717.00 574.50
1156.00 1812.30
1348.20 823.10
552.20 148.60
1430.90 520.00
459.20 645.80
1508.30 217.30
278.00 211.20
1928.20 149.60
1593.50 1978.00
57.20 720.00
736.40 487.40
237.60 561.70
966.10 288.50
782.10 1428.40
1191.30 1499.20
2.90 347.30
1311.50 1351.10
1170.50 1863.80
1499.80 601.50
383.90 1959.00
1247.30 1892.30
176.40 1525.30
103.50 104.70
1674.90 1697.00
82.70 1732.10
417.00 819.10
219.50 654.70
1380.80 1185.70
943.30 163.00
614.10 134.60
1662.20 617.10
482.00 973.80
1968.20 1652.50
837.70 1468.10
254.00 1221.60
1427.20 1501.40
1113.90 1603.60
1026.70 1217.40
1708.30 701.70
