300 300
705.50 1579.10
1811.60 87.70
1908.50 496.50
1735.90 1677.40
1844.10 1306.70
1100.10 538.20
1364.00 767.10
1803.50 1286.60
1832.60 1154.00
11.90 1502.50
1069.00 1773.60
1141.50 1831.70
562.00 545.70
1229.20 1995.40
333.60 1869.40
1698.50 1039.10
1448.50 1510.20
1126.90 1357.10
6.70 862.90
1034.50 1850.90
169.70 134.60
389.10 1533.70
901.70 192.70
820.30 734.40
1346.70 832.20
237.00 415.70
605.80 1378.50
247.50 1167.90
1924.20 1476.80
1163.30 257.90
1346.20 861.90
1297.10 794.80
372.10 424.00
151.90 378.80
1286.90 1186.40
229.80 1456.70
1321.10 619.00
990.40 222.80
811.70 1810.80
957.30 158.40
643.00 1194.30
574.10 1248.90
572.90 821.70
416.80 497.20
298.50 1580.20
755.20 1644.70
442.10 52.30
439.50 814.30
476.40 591.40
1193.20 1763.40
1777.90 1423.00
1220.10 1099.00
42.00 210.50
1321.90 853.70
21.30 279.30
1012.10 664.40
1473.60 1586.30
1913.40 46.60
408.10 330.20
543.80 706.60
1910.50 1299.00
351.40 352.70
1351.40 791.00
1167.00 1827.80
1382.40 360.20
1591.20 1160.40
1783.20 811.30
259.40 1825.30
1021.90 1581.40
679.00 1043.30
1860.70 1691.20
1707.70 1334.40
1277.50 1621.10
1381.00 1685.70
1951.40 1924.90
392.30 1861.90
1224.00 743.80
214.60 575.40
1534.80 1381.60
403.30 917.30
1741.90 1994.50
77.70 1525.20
805.90 337.20
1350.50 1827.80
1918.60 29.50
871.20 1779.40
1720.70 578.90
1113.80 998.30
200.10 494.90
684.10 151.50
419.90 1076.40
13.50 1644.00
1820.30 228.20
219.40 1355.10
1609.80 622.80
272.40 1351.80
617.30 350.10
877.00 1423.30
687.40 227.50
1251.20 606.10
257.10 122.40
385.50 1977.90
701.40 1499.40
976.30 901.50
1994.40 1660.40
1053.10 414.30
736.90 1066.70
58.30 557.20
1294.90 277.80
1912.30 904.80
900.60 184.70
256.60 1518.00
534.90 1133.60
941.40 1222.30
1361.10 192.60
1828.40 1618.20
315.00 214.00
1596.10 1016.40
1713.50 572.40
1918.00 1707.90
232.90 971.10
122.30 969.80
37.80 180.70
1527.00 1332.80
458.50 1439.30
237.60 1359.20
1624.00 494.20
877.30 159.00
1627.80 1818.70
1381.30 989.00
11.30 1209.80
607.30 326.40
1423.80 203.50
1342.90 1137.40
776.00 1260.90
845.30 1008.90
232.10 967.60
1978.80 270.00
1148.30 1505.80
1602.80 1606.90
945.10 1840.40
966.20 569.20
334.60 1843.60
728.20 1962.50
1662.40 109.60
951.60 1673.80
1319.40 1559.00
0.20 743.30
1762.60 1343.10
1880.70 538.60
604.00 726.10
1547.60 836.10
1693.80 1526.40
1106.10 842.20
1032.30 708.90
449.10 1977.40
549.40 1415.40
546.70 884.00
1259.10 1274.90
846.60 921.50
1384.60 1798.30
595.30 704.00
1357.30 595.50
1447.40 1119.90
1938.70 1328.20
1658.60 542.70
54.30 1206.30
1378.90 1748.10
732.80 485.10
590.30 1765.10
1194.10 1039.50
1742.60 1743.50
455.00 289.30
627.60 1714.10
1564.30 1474.30
635.60 948.90
1272.60 1230.90
1652.90 630.00
1826.50 1100.40
1749.90 1765.20
428.60 1408.60
308.00 483.00
615.00 1686.90
231.20 1347.80
172.10 821.50
1113.00 1366.20
1861.10 855.60
1109.80 316.10
1145.00 1737.50
30.30 709.30
1211.80 665.90
1658.20 484.50
1896.90 1311.20
1114.50 1723.40
411.60 864.40
1488.60 840.30
273.10 1796.70
1323.40 888.10
1483.70 1554.60
236.00 1655.80
376.20 1349.00
1022.10 237.30
204.70 132.00
553.50 1349.70
1869.50 583.80
59.00 1081.40
1249.80 1717.30
1565.90 1146.70
1028.50 680.40
870.10 1440.10
1544.90 358.80
280.50 1818.00
155.60 1603.90
706.20 1639.30
1158.50 942.20
1295.10 1534.70
291.30 317.30
1772.10 496.00
449.30 325.70
1845.80 318.90
909.50 1904.90
1400.30 159.30
1622.20 966.30
1306.10 650.70
1646.70 176.30
90.90 1191.60
535.10 371.50
1009.70 690.70
1975.40 1715.90
330.10 1134.00
658.10 1625.20
668.80 949.50
1942.60 441.00
1445.50 392.00
766.70 1291.40
710.90 1676.30
1196.30 111.30
1835.60 818.60
1077.60 1141.70
1469.40 724.40
1318.00 1560.40
1916.00 1853.20
1931.90 925.80
544.00 1907.40
641.70 874.10
1041.40 1299.90
499.40 1710.30
249.40 442.10
151.30 1695.00
834.10 918.10
986.50 1545.10
594.40 182.80
1656.40 430.00
1001.50 734.10
1571.80 470.90
1458.50 889.90
31.30 1374.60
743.20 1963.30
300.40 1287.30
1870.70 942.20
161.50 912.20
242.20 660.90
622.60 491.70
1103.00 773.90
186.80 1937.20
1692.00 1173.30
1482.30 286.40
1356.20 1138.80
716.50 357.70
1872.90 288.40
828.60 1331.50
1178.40 860.00
706.10 1921.60
823.40 1006.60
1208.90 694.10
1948.90 1370.40
1606.40 191.10
31.40 229.00
682.80 1134.50
1002.90 869.70
1071.80 695.00
43.00 554.10
981.50 1399.20
1692.90 1698.10
1757.00 1565.90
1986.50 585.70
897.40 1164.90
1445.70 1603.60
1086.60 269.10
610.30 295.60
963.30 559.20
1666.10 569.70
750.30 1697.50
798.70 1433.20
832.10 1801.70
302.90 1903.90
496.80 346.00
458.10 1478.30
1745.30 151.10
1176.50 1502.30
1717.00 1163.00
88.00 614.50
328.00 1533.80
218.20 1414.60
1802.90 828.50
1710.30 766.30
1387.70 1376.40
1336.10 138.10
1074.00 134.90
1571.30 1906.10
1936.60 1874.30
1810.10 433.50
220.40 268.20
1911.90 1965.70
419.30 1088.40
1468.00 136.40
251.50 1556.00
751.00 579.50
1089.90 969.20
1994.20 892.90
1797.70 1704.50
1659.20 1185.50
1080.90 995.30
1323.60 154.90
1130.20 895.00
61.10 1066.90
769.40 1871.30
1500.40 989.80
139.50 1412.40
955.60 558.90
500.80 423.60
695.30 752.30
1979.70 1446.30
1331.90 1069.60
415.60 1326.10
1962.50 213.40
1030.60 1621.80
1398.90 111.60
617.20 722.50
266.60 1747.50
1617.50 327.70
814.40 386.90
199.00 314.90
1376.80 338.60
1727.30 332.40
897.50 228.20
756.10 1592.90
980.50 735.80
1039.30 312.50
1805.50 1455.00
1638.60 1768.10
1668.40 669.30
1390.00 1067.30
780.90 7.20
1789.80 1047.50
1754.70 1407.40
1375.30 569.20
1794.40 1574.40
884.10 1171.30
1913.10 611.50
1503.70 810.70
839.80 259.80
403.70 1820.30
995.70 1443.00
132.90 801.30
898.10 1771.50
569.50 566.50
440.80 1959.50
1633.80 1221.80
1966.80 1423.70
269.40 1721.50
831.10 1644.80
290.80 625.60
1219.20 1175.00
1796.90 1132.40
1786.50 1300.70
1943.10 626.30
1560.50 346.80
446.70 556.30
1789.90 579.70
1357.70 688.00
351.20 1927.20
1254.50 792.10
1886.70 888.40
14.00 1853.50
312.10 283.40
1575.10 1143.30
1928.20 1865.90
1768.90 1147.50
1041.00 1565.90
279.90 827.60
866.60 223.10
1454.00 427.20
570.00 1900.70
983.50 360.00
480.40 341.30
1048.00 831.70
268.50 302.60
1623.90 155.30
1191.10 1637.90
8.90 1503.20
1921.40 1584.00
646.60 1849.60
1450.00 415.50
997.20 491.00
1981.50 1277.20
1318.70 848.10
1500.40 772.70
1275.30 70.40
673.50 258.90
430.40 1154.00
600.20 1478.50
1985.70 868.80
1781.10 1609.60
1024.10 972.20
1247.60 1033.00
475.50 1169.00
617.10 1122.10
1018.70 67.20
1537.70 16.00
558.30 1519.20
1293.20 1877.00
367.30 793.60
649.70 1642.70
864.10 1323.20
1901.70 1294.50
477.20 502.00
773.00 463.00
1370.80 554.20
72.70 395.00
1526.50 1320.30
1428.10 2.10
489.40 45.30
1124.20 1508.20
112.50 661.90
1524.20 670.90
181.20 817.40
547.90 548.60
1611.10 1197.70
191.30 475.20
521.00 93.10
1769.70 998.30
595.10 542.80
1461.30 1965.90
1097.10 1534.10
361.00 623.60
854.50 1789.10
625.70 1343.90
1834.40 1750.00
852.10 1946.90
412.00 376.30
617.90 593.20
1193.80 1165.90
1141.80 804.90
363.60 1333.20
1280.20 884.70
1426.30 1050.00
1883.00 21.40
1592.80 1344.40
1987.40 689.90
878.50 348.40
1313.60 1733.00
137.50 1939.40
1077.00 1972.00
1689.40 1929.10
1919.00 101.40
305.50 536.90
694.70 1499.40
1702.80 1836.60
304.40 66.50
1169.90 1584.60
951.20 596.30
634.60 834.30
617.80 227.40
178.70 605.20
917.40 1057.30
953.70 231.00
790.40 1091.30
170.40 1867.40
1063.30 1859.90
1796.60 982.30
1961.40 102.20
1519.30 656.10
1601.60 1222.10
492.80 1906.00
1288.60 1662.70
1490.60 239.90
259.10 125.20
1074.20 876.90
352.70 1253.00
1482.20 1270.20
310.40 435.90
1501.30 1100.80
1527.30 1671.80
968.20 590.70
1531.70 764.90
1573.10 1493.10
867.10 1092.40
149.30 468.70
314.50 642.20
374.80 1603.20
305.00 1865.40
1843.20 564.10
1990.70 917.50
1441.00 343.50
170.60 923.20
1613.70 481.00
1359.20 1115.10
1581.80 886.50
786.90 550.10
1477.20 318.60
1315.00 1050.30
1811.80 182.10
142.70 1961.20
650.90 457.30
603.50 1025.70
60.60 908.50
891.20 1903.90
1472.60 882.00
821.40 913.60
1225.60 992.00
1836.80 839.40
1473.10 1196.10
1954.50 1054.90
82.60 741.40
1605.10 1559.80
1060.10 920.10
610.20 872.00
1102.30 753.00
833.30 1753.30
1210.30 1436.80
779.10 1271.00
345.30 1670.30
1174.90 1817.90
552.40 1996.30
731.60 1778.10
988.40 568.50
617.50 461.50
1764.60 572.00
1516.50 1847.30
1313.50 1121.70
1407.20 373.70
41.80 17.40
1245.80 1144.20
770.40 79.10
897.50 1980.80
1516.00 1676.60
1251.80 1861.30
1347.00 426.70
1679.30 1899.50
423.10 411.00
1677.60 1411.60
979.50 295.10
1873.20 744.20
867.20 1389.80
591.50 180.80
511.50 1998.70
554.60 553.30
16.10 1800.40
1697.60 786.60
1879.50 595.10
767.40 1395.60
271.80 19.30
1256.90 1618.90
446.10 936.30
1518.40 869.20
1347.30 1196.00
280.90 326.90
1491.20 154.10
1071.20 358.50
1543.90 1662.70
539.30 55.40
1661.50 1094.00
608.80 1677.70
894.40 306.40
464.30 774.00
901.60 1231.80
169.60 1173.50
1251.20 1426.60
792.40 1697.30
363.00 310.80
566.60 1710.40
1506.90 847.50
37.30 998.20
1001.70 1108.60
1356.70 545.60
771.30 1896.10
601.10 432.80
990.10 1210.00
110.60 1884.50
1516.50 574.90
658.60 418.20
1806.80 828.20
1591.70 1058.00
254.90 384.10
755.30 617.90
695.00 1321.90
328.30 201.90
169.50 365.60
1200.10 1171.20
