600 600
505.80 154.30
333.60 698.20
90.40 611.20
52.80 666.50
884.40 243.90
164.20 363.20
386.90 45.90
280.20 104.10
264.50 997.90
1.10 340.00
958.20 822.20
189.30 720.40
742.70 482.10
317.90 511.90
843.50 986.70
825.00 349.40
141.00 158.70
47.70 231.40
769.90 100.50
898.00 654.30
344.50 62.20
17.50 731.40
108.20 297.70
835.50 372.70
295.70 836.70
712.80 254.00
658.90 902.10
974.40 401.70
384.30 292.40
913.70 227.80
279.10 738.70
577.30 420.20
897.50 625.10
651.70 667.40
725.60 549.80
321.70 70.20
612.00 339.30
801.70 720.30
637.10 637.30
93.00 932.90
474.00 805.80
186.90 133.00
708.00 161.30
534.70 92.30
453.80 448.40
320.20 732.90
187.20 897.50
153.20 84.70
522.60 804.90
752.20 248.30
354.70 74.00
318.50 966.80
413.30 120.30
687.20 50.40
757.60 780.20
983.40 231.60
586.10 170.30
364.60 294.10
331.70 899.40
386.40 785.50
347.90 706.60
518.50 535.20
604.20 671.70
620.00 126.80
476.70 372.20
375.20 831.50
446.20 693.80
798.40 859.60
814.10 485.60
910.10 571.70
265.90 893.50
803.40 852.00
63.80 168.00
146.20 395.50
67.50 532.60
181.00 415.40
239.30 699.60
950.60 843.50
371.30 570.60
970.40 848.10
942.90 345.70
679.60 389.20
39.50 478.10
248.80 853.60
963.70 158.90
425.40 229.70
52.40 228.80
81.70 116.30
396.90 227.90
511.80 464.40
760.60 692.90
879.90 0.00
392.50 830.60
843.60 763.90
401.20 814.00
612.10 344.20
159.80 291.80
733.40 199.30
769.90 982.20
53.00 733.70
141.20 478.40
963.40 193.70
707.30 45.20
310.00 104.30
273.10 821.90
568.80 33.80
514.80 448.70
33.80 907.40
279.30 877.40
671.40 680.60
691.50 283.50
24.80 851.40
575.30 758.30
50.70 345.30
740.60 103.80
79.00 881.80
582.30 42.50
75.50 289.60
87.70 385.50
394.00 360.90
207.50 962.80
394.70 722.40
411.60 428.60
629.90 691.00
306.10 301.30
371.60 997.70
584.90 396.50
849.10 160.30
154.90 899.80
505.60 895.50
3.70 584.60
777.30 586.00
627.20 852.90
875.70 714.90
238.50 269.70
75.80 446.00
232.50 470.50
168.40 644.20
899.20 798.30
335.20 205.30
99.70 706.90
203.00 684.60
103.40 52.10
844.90 258.40
952.00 350.50
153.90 955.70
935.20 931.30
541.80 562.40
784.20 417.50
277.40 22.70
687.20 353.20
468.70 919.80
823.80 637.20
564.00 723.00
435.50 899.20
928.30 535.30
606.10 131.40
219.90 709.60
183.50 64.90
968.00 135.60
415.40 122.00
91.40 350.70
53.30 633.20
913.20 837.50
50.70 190.60
860.20 737.90
543.90 329.00
657.70 367.70
966.20 221.70
90.70 401.80
120.90 19.10
937.10 727.10
150.50 157.00
436.70 334.00
221.90 404.80
469.70 637.40
526.80 561.10
988.20 580.10
194.30 901.50
417.70 245.00
92.20 277.90
983.00 636.10
606.90 640.70
3.80 573.20
862.50 94.60
975.00 983.50
113.70 912.10
710.60 264.20
69.20 147.40
598.30 291.10
552.30 68.10
928.60 79.10
629.20 916.80
659.30 823.60
818.40 77.00
68.60 910.60
355.00 51.70
546.70 962.00
692.40 550.60
535.20 555.00
645.20 510.20
538.50 759.00
422.30 249.20
23.30 491.50
396.70 621.70
782.70 949.00
689.80 711.40
28.20 319.00
628.20 687.60
142.70 446.70
764.60 211.40
357.30 119.70
263.10 904.10
81.70 955.60
454.70 616.90
510.60 100.00
127.10 49.20
859.10 549.50
298.40 882.40
41.10 695.20
504.10 823.90
644.20 194.00
535.30 672.50
513.10 163.60
360.10 655.80
610.30 124.80
867.20 967.60
244.50 130.30
871.80 326.30
85.90 326.50
943.20 596.60
426.60 70.40
645.80 285.70
620.00 944.20
168.20 661.10
639.40 672.40
485.00 283.70
866.40 20.40
956.20 379.50
184.00 316.40
35.40 794.30
441.20 902.60
762.00 685.80
33.00 633.80
12.10 118.90
960.40 955.40
715.50 387.10
25.80 361.30
672.90 645.80
305.60 841.10
307.00 945.10
513.50 792.00
228.90 380.00
812.50 185.20
759.60 996.50
501.60 795.00
790.80 942.90
697.70 552.90
628.70 730.70
186.80 640.90
849.70 147.20
596.30 565.20
534.30 622.10
926.60 207.20
268.00 232.30
48.40 575.00
177.50 562.00
367.10 406.40
942.10 179.60
591.70 701.70
176.10 93.30
496.80 967.00
36.20 194.60
520.00 665.00
925.30 706.80
306.00 775.10
854.00 902.30
340.30 388.40
524.50 267.00
595.70 792.50
499.40 644.20
367.60 676.90
206.20 734.80
83.40 148.40
914.40 675.10
850.10 90.60
768.50 347.00
57.70 804.80
541.70 577.70
469.80 467.00
284.50 775.80
242.20 138.60
678.20 582.50
527.10 202.70
849.60 122.90
995.30 349.10
767.10 363.00
26.00 973.40
97.80 109.50
121.80 12.30
784.70 972.00
102.90 553.20
319.10 160.70
358.00 860.80
738.50 827.90
327.90 23.00
603.80 570.10
161.70 282.00
152.70 688.80
484.80 2.30
811.80 480.20
351.40 578.90
843.20 377.50
552.30 941.00
487.10 674.20
953.40 271.80
646.20 56.30
825.00 965.30
217.10 183.00
826.10 955.60
11.00 154.00
978.70 614.80
724.20 140.40
896.80 876.90
829.30 381.70
879.30 641.10
861.90 230.80
220.10 705.10
608.30 772.50
646.20 95.50
446.70 599.60
367.30 93.00
656.00 192.40
58.30 873.20
375.50 884.50
828.80 386.50
38.60 807.50
1.30 762.80
948.00 898.20
639.80 777.40
280.00 519.10
418.50 141.90
749.90 638.70
847.10 358.30
411.20 493.40
453.80 858.00
93.10 821.20
951.00 749.20
13.60 9.40
622.40 389.10
894.00 451.20
775.60 932.70
258.80 777.00
695.60 206.90
675.30 335.40
984.30 955.30
854.50 402.80
97.20 604.50
41.60 944.40
962.80 452.80
437.80 416.60
310.90 531.00
237.80 261.90
280.20 251.50
271.40 902.60
640.60 165.40
353.90 416.30
98.10 612.70
193.30 793.80
819.60 868.60
129.20 803.90
824.00 983.80
206.80 921.20
588.30 248.40
865.70 551.10
701.30 303.60
967.80 12.20
834.60 205.70
274.20 114.80
457.20 545.60
17.40 97.90
711.10 371.30
514.20 809.30
984.10 707.60
603.10 803.80
576.30 732.30
607.80 400.30
716.20 814.60
321.60 304.50
63.10 187.30
855.70 764.50
490.90 823.60
776.70 325.50
29.30 51.00
440.30 486.60
596.60 457.80
584.50 307.70
829.10 98.80
117.10 813.30
806.40 720.20
617.10 382.70
452.60 225.00
783.10 168.80
39.70 104.70
473.40 102.80
292.00 329.10
867.40 783.00
152.80 644.10
108.50 182.10
695.10 548.90
668.80 291.80
6.70 253.40
599.60 835.90
352.20 716.70
649.30 158.70
436.90 266.50
541.50 889.60
491.50 324.60
58.40 531.20
429.40 531.80
634.10 721.50
861.00 501.50
504.50 13.80
145.60 613.10
196.00 840.80
162.00 864.90
132.70 168.80
118.30 732.30
4.80 470.60
449.10 654.10
629.40 886.10
920.60 170.90
775.70 412.20
495.60 834.10
943.40 925.10
366.00 577.50
646.60 227.10
79.00 151.10
240.90 224.70
764.20 437.00
65.60 926.30
301.90 198.40
95.20 420.20
930.80 100.00
890.90 379.90
754.20 520.30
266.00 674.90
691.30 41.70
87.10 187.00
875.90 30.60
112.10 241.90
608.10 758.70
469.10 687.20
909.90 710.00
912.00 674.10
147.00 977.70
600.50 448.90
176.10 695.70
869.20 106.90
795.80 760.10
486.80 550.00
280.50 752.90
224.90 971.90
794.70 312.10
158.90 670.60
342.70 271.10
912.60 950.90
29.80 381.70
638.20 939.70
91.70 550.20
613.90 238.80
527.90 214.40
687.80 704.10
910.20 557.00
811.00 706.00
317.20 297.90
256.10 597.70
50.80 481.10
569.60 845.50
793.20 728.60
516.20 136.00
999.70 428.80
86.90 29.60
810.50 725.10
969.30 902.30
275.40 583.30
141.20 803.40
797.80 829.00
507.50 708.00
386.10 318.50
414.10 703.40
616.50 670.20
301.20 667.30
151.30 870.80
512.90 944.50
599.50 29.10
80.60 599.30
457.90 167.50
628.90 268.50
892.70 598.30
170.90 168.10
181.60 312.20
971.60 979.40
141.20 479.10
687.40 527.40
797.70 101.50
230.80 414.20
771.80 532.00
81.50 923.10
402.90 594.40
867.70 2.50
623.60 948.30
601.80 81.60
115.90 230.70
350.10 8.60
829.00 521.10
176.80 10.60
833.30 148.40
990.10 974.60
627.50 677.50
502.00 425.20
779.10 732.90
839.40 551.00
264.90 921.00
474.10 667.90
515.50 341.80
670.40 139.10
290.20 272.20
220.80 406.10
502.90 570.90
414.70 331.90
92.10 591.60
342.60 925.40
740.00 332.70
900.00 367.60
10.30 402.10
792.90 789.50
135.00 632.40
340.50 399.90
553.50 814.60
67.80 69.00
156.50 738.20
208.20 446.80
10.40 429.00
852.90 513.40
0.00 267.70
845.30 92.10
859.30 188.00
17.60 599.40
520.70 917.60
967.10 531.00
319.70 760.10
320.60 454.70
392.50 661.10
854.70 946.00
475.80 922.60
15.10 632.40
660.90 223.40
79.20 671.30
652.50 932.10
184.80 652.60
199.80 30.10
744.70 59.20
218.20 762.30
658.70 738.90
680.00 625.80
270.00 999.80
386.00 590.60
454.60 778.50
251.70 309.30
724.60 727.60
232.00 739.80
360.00 892.90
963.20 439.20
564.30 615.80
371.40 749.10
268.40 571.20
779.30 13.20
630.50 997.50
775.60 289.30
736.50 455.60
915.20 6.50
455.50 301.20
597.10 910.10
79.70 848.90
219.50 804.40
576.50 451.60
544.20 936.60
344.50 507.50
375.80 908.80
123.30 747.20
658.00 391.80
318.50 437.30
405.00 949.10
434.90 180.60
238.40 171.40
636.30 153.60
177.90 91.90
454.80 775.10
2.00 534.60
624.10 221.60
339.00 200.70
673.20 883.30
137.30 17.80
390.80 513.20
926.60 514.20
260.40 584.70
906.00 579.00
22.00 311.10
528.10 457.00
491.80 766.60
628.40 128.10
920.20 806.40
220.10 375.10
581.60 222.20
909.70 205.70
443.80 248.80
406.50 117.10
132.10 543.90
134.90 522.90
57.10 61.60
37.20 317.60
646.30 943.20
896.60 668.40
254.30 424.80
125.40 746.10
191.50 753.90
874.30 111.70
560.40 94.40
486.90 142.00
316.60 396.60
347.80 760.50
645.40 754.30
877.60 777.60
298.20 12.60
300.50 355.40
74.20 337.70
673.00 720.60
281.00 569.70
389.00 535.40
994.60 514.50
281.60 186.10
268.50 155.90
297.90 828.90
250.40 784.80
970.90 567.00
181.50 318.70
327.60 827.00
73.10 205.30
604.60 371.40
217.90 905.20
726.80 292.20
243.00 399.80
12.80 524.00
969.60 401.90
59.40 964.20
916.40 341.00
150.30 184.90
497.00 448.20
13.80 747.40
233.10 984.80
314.50 414.60
303.60 642.20
241.60 376.70
847.50 846.30
748.20 65.40
751.50 475.00
357.60 994.50
874.90 370.40
518.60 844.50
772.40 578.10
808.70 688.80
919.20 959.10
873.80 416.20
407.30 887.70
163.70 640.40
872.50 478.30
55.00 176.10
120.50 296.70
552.90 968.10
143.00 301.20
33.60 894.50
776.30 391.20
889.10 651.20
761.70 407.70
495.80 534.10
985.80 304.60
223.00 905.00
263.70 96.80
321.30 671.00
984.60 485.10
311.50 857.10
963.40 366.60
33.30 84.00
663.30 586.30
52.20 806.40
887.60 85.80
701.00 663.90
477.00 590.10
315.20 238.80
997.80 811.00
773.00 983.70
115.60 996.00
888.80 379.30
92.90 210.10
50.40 77.60
695.30 361.90
934.70 658.70
728.50 968.10
742.80 391.90
554.50 795.00
198.30 442.10
880.90 899.30
106.10 358.00
489.40 421.30
596.80 487.30
232.30 369.90
471.10 348.00
366.00 359.90
727.40 458.90
570.10 777.80
536.50 265.40
139.80 471.30
924.20 868.30
439.50 667.10
260.20 994.10
462.20 458.60
436.30 343.10
357.90 542.40
701.10 847.40
963.80 298.00
334.80 196.20
667.90 805.90
544.20 33.90
165.80 271.60
492.90 736.00
49.50 29.50
1.40 189.30
500.90 925.60
57.70 940.40
592.70 318.00
934.60 54.90
776.60 370.90
398.10 134.60
913.40 99.20
982.00 877.20
397.20 316.80
73.40 65.10
122.80 617.70
99.10 288.70
889.40 592.00
24.70 938.90
621.50 26.10
128.30 122.40
951.80 186.00
62.90 544.60
504.00 997.60
599.60 280.70
368.50 997.70
415.30 282.00
96.90 397.30
159.20 494.20
714.20 232.70
559.40 837.00
850.50 658.50
125.70 739.90
250.60 150.40
678.90 872.10
176.60 807.20
994.60 128.50
993.30 57.60
673.10 497.40
55.20 272.70
778.10 423.80
270.50 193.40
705.80 367.50
590.80 865.10
861.70 305.00
97.90 421.20
142.00 948.40
79.70 267.80
688.40 330.40
418.30 367.30
202.60 594.90
174.60 197.30
723.50 167.90
254.90 396.60
665.30 310.20
669.40 443.50
734.00 940.00
636.90 439.90
307.50 227.70
305.10 169.30
532.70 403.10
590.50 674.80
351.50 670.30
942.70 39.90
0.70 361.00
407.30 203.30
956.00 581.90
400.60 679.50
749.90 655.60
76.20 415.30
965.80 745.60
858.80 699.90
685.60 495.70
139.90 993.20
723.50 445.00
162.50 256.30
848.10 753.00
931.10 199.70
423.40 873.90
239.70 424.10
234.90 647.00
627.50 191.00
229.00 28.20
870.50 978.90
683.90 946.70
394.20 649.70
692.40 253.00
349.70 378.10
748.80 489.60
371.40 472.30
934.70 533.90
728.60 782.90
287.00 659.80
982.70 710.40
533.70 222.40
134.60 768.70
869.50 762.20
959.70 98.50
790.50 830.30
77.40 474.40
777.10 471.70
124.20 469.60
724.80 473.90
847.80 473.60
963.60 219.20
945.90 898.30
753.20 674.60
681.30 40.30
334.40 664.00
750.80 868.20
886.40 885.50
637.00 755.90
647.70 596.80
854.50 438.30
427.10 931.90
912.70 204.30
403.70 36.90
674.00 128.50
510.90 521.80
602.10 474.50
741.10 548.10
372.90 494.30
222.80 54.20
534.60 557.30
718.20 285.40
425.50 604.70
170.90 62.50
360.70 818.70
659.40 215.20
257.10 86.50
147.20 169.80
290.90 550.90
206.80 964.90
679.50 717.70
486.80 281.70
192.30 227.90
829.90 565.20
722.30 52.70
619.40 256.90
610.00 337.60
542.40 35.60
942.40 713.40
98.20 303.10
532.20 757.60
518.40 789.30
844.20 665.60
959.20 135.10
216.60 166.10
100.10 896.10
883.80 586.90
177.90 76.20
814.80 7.80
641.40 537.10
60.50 260.80
794.10 670.60
598.50 336.60
706.30 540.90
50.10 804.50
844.10 582.40
562.20 362.50
371.80 406.40
28.20 331.00
541.60 244.90
497.10 641.70
141.10 381.00
228.60 319.00
457.20 43.50
326.80 98.60
580.60 387.40
359.50 374.80
58.00 958.00
711.50 764.30
499.00 761.60
568.90 343.20
344.00 131.10
705.80 715.80
537.50 734.00
46.90 79.10
978.90 544.10
720.90 120.00
925.10 949.50
439.00 382.40
993.00 765.90
481.10 573.70
153.30 840.60
948.50 211.40
798.70 660.10
975.70 297.80
421.70 544.70
641.00 765.80
675.80 346.80
481.70 213.40
80.90 528.60
292.60 59.80
72.70 13.50
179.90 997.90
963.10 619.00
380.30 956.10
384.90 861.40
529.90 538.20
702.10 478.50
749.70 500.80
138.60 725.50
798.60 560.30
270.20 439.70
326.20 946.10
786.50 807.90
159.50 867.50
336.60 452.20
927.30 409.40
465.80 107.30
407.30 428.90
726.30 787.70
385.10 111.20
649.10 915.00
649.50 351.20
393.50 399.20
852.10 532.10
124.80 650.80
92.50 395.00
90.50 418.70
341.10 877.10
226.70 500.70
744.60 563.30
953.00 672.00
972.70 418.80
779.30 380.10
847.70 505.70
167.80 232.80
617.00 817.00
147.80 266.50
168.30 541.40
665.80 20.40
73.50 790.60
671.30 166.10
185.70 761.80
584.80 526.90
639.00 811.50
27.70 383.70
374.80 980.70
55.70 347.60
399.50 835.10
727.70 247.20
340.80 895.50
480.10 957.80
712.50 628.00
224.40 880.90
169.40 890.30
901.30 243.00
681.00 572.60
409.10 866.80
334.50 993.90
393.70 973.60
805.50 421.40
357.40 180.40
402.10 413.20
528.00 801.70
248.30 255.80
49.00 589.20
151.40 529.10
547.10 864.00
157.10 771.60
744.90 326.60
661.90 646.20
569.60 343.00
218.90 978.80
209.80 553.50
972.70 603.60
527.20 778.30
25.00 884.60
958.70 427.20
297.80 486.80
228.90 546.20
742.60 277.90
135.40 894.00
807.10 682.60
758.00 964.30
454.20 502.90
290.90 116.20
149.20 860.60
459.20 368.20
839.40 669.10
921.80 812.20
272.70 449.00
590.50 297.80
333.70 549.30
725.10 631.50
36.10 954.10
177.80 778.80
232.10 313.30
672.80 39.20
995.90 430.90
3.50 450.10
933.90 294.50
566.30 83.20
155.10 25.60
451.40 994.60
694.80 373.30
806.80 967.60
822.40 397.30
265.40 156.10
946.70 990.60
787.70 982.80
944.70 965.50
761.70 176.80
278.80 434.50
216.10 274.70
865.50 219.70
724.90 799.50
514.20 291.30
882.70 669.40
316.90 334.20
664.00 11.80
707.50 470.80
979.40 530.00
868.20 244.90
686.10 814.90
235.50 473.80
797.80 180.30
439.40 559.50
357.20 718.30
994.10 573.30
993.00 859.70
793.00 718.00
659.20 307.30
9.30 542.00
976.70 326.30
876.20 640.70
338.10 583.80
111.60 317.50
113.80 979.80
562.40 800.00
794.80 798.00
273.90 592.70
978.30 713.30
152.20 335.50
431.60 146.40
908.80 424.70
6.10 701.90
142.70 665.40
9.20 152.10
207.40 985.90
478.40 83.70
626.70 816.50
667.50 738.30
134.10 781.40
718.20 696.60
581.40 513.10
494.60 855.30
105.80 472.90
568.70 258.10
808.50 0.30
404.50 717.40
425.10 410.70
419.30 567.90
76.10 428.50
720.00 283.50
414.50 198.40
367.20 41.20
15.00 34.80
779.60 149.20
816.20 497.80
845.80 397.60
10.90 340.40
253.00 116.70
813.40 821.70
374.80 621.90
822.00 779.40
339.30 247.20
190.10 758.70
815.10 266.20
187.30 535.10
549.70 601.80
733.60 917.00
643.10 748.70
951.80 422.70
897.90 768.00
920.50 743.80
165.70 931.50
84.20 418.70
48.30 897.70
240.50 423.10
519.60 62.60
202.60 859.00
309.80 392.70
617.70 124.90
658.90 805.00
660.10 208.70
406.90 393.80
125.70 50.00
142.60 77.60
472.80 40.60
845.70 393.40
784.40 11.50
324.90 868.70
430.30 373.20
766.40 670.80
796.40 286.10
733.40 999.00
145.20 43.30
391.70 762.90
168.30 50.70
568.00 828.40
259.50 975.00
222.30 385.30
25.00 365.00
462.90 497.90
405.60 308.70
891.30 190.10
320.20 216.20
58.80 750.50
589.50 825.30
421.40 385.90
111.40 154.80
385.00 256.60
198.20 776.80
19.60 366.50
827.60 587.70
195.00 87.10
562.70 417.30
472.40 587.80
782.30 935.40
85.70 188.00
244.10 977.00
378.10 564.30
193.30 437.00
314.90 782.80
262.30 736.30
168.80 373.80
891.20 553.90
630.50 89.40
330.70 650.20
456.00 158.40
237.90 651.00
245.50 800.70
68.40 718.00
388.50 850.80
653.40 474.20
38.80 897.50
451.30 416.90
461.90 644.60
854.00 776.90
427.50 116.30
513.30 596.30
490.20 404.60
150.20 120.70
494.10 481.00
770.90 950.10
639.40 8.80
601.10 885.00
809.60 669.50
603.00 198.10
520.30 256.40
672.40 559.20
154.00 123.80
976.20 616.00
768.40 830.20
392.90 196.00
946.60 906.30
792.30 436.80
310.90 942.60
557.50 805.10
423.70 328.50
755.20 63.20
337.40 356.40
948.20 147.00
26.00 551.30
