600 600
865.00 566.30
633.80 19.10
523.40 829.00
414.50 460.70
186.20 329.20
673.00 520.60
288.50 97.30
266.60 563.60
446.10 756.10
193.60 502.30
23.40 125.00
893.10 83.40
969.80 463.10
518.50 703.40
938.50 790.20
935.10 803.50
356.60 569.00
822.70 880.10
398.00 237.20
340.80 584.20
566.40 13.90
104.90 854.90
111.20 371.50
418.60 557.40
127.60 612.20
59.70 151.10
737.30 952.90
234.50 707.10
416.10 753.00
410.50 354.60
543.30 345.70
158.20 899.90
914.70 980.90
780.10 312.70
218.10 120.90
897.00 784.60
134.90 1.90
639.50 246.10
373.50 58.20
803.50 501.10
670.50 863.30
652.30 407.80
816.30 886.80
115.00 232.40
639.90 525.50
587.10 183.20
871.30 745.30
83.20 786.00
726.30 863.30
98.80 944.40
984.30 995.90
729.00 119.20
997.90 368.60
365.30 371.40
426.80 168.90
872.60 97.30
32.30 524.90
505.20 848.60
411.80 620.20
81.00 51.70
145.80 668.20
234.90 17.10
413.60 318.10
803.20 139.90
181.50 902.10
84.30 165.80
898.00 813.40
285.00 895.90
182.00 650.40
267.40 608.90
819.30 140.10
706.20 851.60
665.00 211.40
700.30 76.80
831.70 781.40
128.60 977.50
449.60 363.50
994.60 863.20
681.70 797.80
3.10 863.20
700.00 87.50
29.00 598.00
900.90 314.10
494.00 83.00
964.50 761.50
691.90 783.90
901.60 398.20
635.60 566.70
609.70 335.90
643.60 441.40
117.40 772.20
418.90 567.00
135.80 413.60
430.30 817.50
211.50 433.50
680.70 911.50
521.00 709.80
509.60 422.00
23.90 3.70
505.00 988.50
765.20 197.00
772.50 666.90
595.20 408.20
233.70 205.00
744.20 877.30
646.50 861.60
649.60 65.50
428.60 785.40
479.10 859.00
602.90 690.70
292.50 283.70
602.30 813.50
993.60 111.90
235.50 17.50
115.60 740.60
6.10 880.90
937.60 778.70
547.90 532.90
186.90 781.60
738.00 931.10
658.90 384.50
792.70 308.60
450.00 221.40
94.00 929.20
80.40 697.00
620.00 372.90
980.70 222.30
186.50 974.30
334.20 422.00
991.90 449.90
162.70 998.10
330.90 100.30
776.80 878.80
633.30 963.70
660.40 371.30
894.90 319.40
755.90 687.60
628.00 205.90
909.10 722.10
135.20 989.50
419.10 755.20
362.50 399.90
977.50 549.00
374.30 311.80
971.10 366.30
761.80 133.80
364.50 92.70
234.20 141.30
971.50 867.50
105.10 632.00
238.80 0.00
951.50 994.70
687.70 579.60
200.70 596.90
301.70 336.00
586.40 720.90
91.30 949.00
120.90 68.90
498.10 495.30
380.70 469.20
861.70 142.50
603.10 226.20
235.30 837.30
367.60 206.90
704.90 472.70
838.90 943.80
472.80 790.40
938.50 160.60
370.10 139.30
757.50 671.80
475.40 344.00
392.80 566.70
293.00 513.70
635.60 791.20
9.00 16.40
260.50 870.80
159.00 863.60
97.00 394.40
701.00 464.60
601.30 406.00
937.40 440.30
349.80 410.30
230.80 288.40
570.90 600.90
427.80 328.40
272.70 903.20
672.40 665.60
470.00 965.50
179.30 105.70
756.70 188.40
122.10 17.30
59.20 281.20
881.00 156.30
675.60 582.00
620.90 277.00
988.10 558.40
717.30 337.90
968.70 948.10
626.30 539.60
549.00 54.10
868.10 821.80
957.40 540.50
487.40 427.40
506.10 666.80
533.10 262.90
855.20 655.30
280.20 914.50
936.50 161.20
70.80 612.20
743.30 691.80
889.20 731.40
250.20 606.50
69.40 218.90
554.70 695.80
758.60 103.80
749.90 626.70
925.60 707.40
167.30 413.10
134.80 673.40
79.90 668.00
936.40 935.20
323.30 216.70
849.80 259.90
377.90 920.60
872.20 121.30
612.40 761.40
852.80 862.70
368.00 922.20
81.70 922.80
618.00 840.30
26.60 368.00
467.00 952.20
75.50 634.30
365.40 210.30
307.70 445.30
878.40 244.20
380.60 201.70
460.90 230.40
461.70 838.90
151.00 333.90
960.20 763.50
95.40 813.10
626.30 463.40
735.40 708.00
386.20 353.50
548.30 412.90
721.50 15.30
365.10 797.00
649.60 730.60
7.40 957.40
175.90 885.80
201.70 556.50
87.60 662.60
786.90 549.30
501.50 938.00
883.20 461.80
701.60 978.60
274.90 327.90
442.10 10.30
35.90 828.40
363.80 584.20
241.30 85.40
599.60 606.50
882.50 249.30
337.10 890.00
206.80 513.00
775.80 408.50
69.60 863.50
71.10 856.60
412.80 572.60
794.70 296.10
34.50 496.30
274.70 309.40
824.20 716.90
319.80 860.20
545.30 683.70
444.50 786.60
769.20 44.10
393.20 651.70
293.40 730.30
541.70 500.20
243.40 317.60
908.80 313.10
181.10 979.90
169.70 594.00
552.60 964.50
890.10 587.10
460.80 164.80
896.60 285.10
881.80 216.50
145.30 427.10
900.20 589.90
213.80 669.40
634.00 607.00
321.20 927.50
337.30 863.00
427.80 580.70
180.60 336.60
893.90 361.80
316.60 63.60
955.80 869.20
28.10 845.90
456.40 489.00
10.80 353.10
774.10 892.60
569.60 919.50
319.80 469.90
509.40 533.60
139.40 143.50
140.60 460.70
71.00 477.90
323.70 498.90
58.70 504.40
835.50 952.60
866.20 152.10
16.30 822.10
21.40 44.50
668.00 477.80
533.60 678.90
831.00 307.70
571.50 400.60
227.30 891.40
870.60 736.80
425.00 10.10
880.40 565.60
470.80 951.50
43.60 794.60
450.40 102.40
299.00 285.90
55.10 165.30
438.10 71.50
987.40 459.50
116.00 655.40
937.40 649.70
334.40 768.40
957.50 906.00
169.10 184.80
797.40 39.80
921.70 222.40
49.90 802.10
788.10 520.80
753.60 831.70
315.40 204.10
934.20 614.50
490.00 989.40
779.80 928.10
60.90 767.20
387.70 177.00
422.70 325.10
826.70 757.10
93.50 784.20
663.20 262.70
969.10 460.60
302.50 890.80
683.00 352.40
693.00 471.20
873.30 446.70
302.90 188.70
650.80 237.20
803.30 140.90
226.60 583.10
69.10 287.50
350.40 456.80
464.60 773.10
781.90 291.30
530.30 875.50
75.60 193.50
138.20 44.70
654.20 440.70
935.60 337.30
793.20 628.70
808.50 666.50
75.40 111.40
855.30 726.30
348.70 658.60
867.20 575.30
241.80 936.30
862.90 592.20
393.10 327.60
365.40 175.10
618.90 895.80
50.70 694.60
89.40 188.90
739.40 743.60
629.70 675.00
80.90 423.00
303.70 889.40
89.60 379.20
0.90 945.00
105.50 349.70
603.70 972.70
925.00 845.60
909.10 788.00
437.80 302.30
115.60 803.30
477.40 734.60
699.20 528.10
429.30 788.60
717.10 168.70
532.30 346.90
843.70 613.20
770.00 147.50
502.70 859.60
526.80 503.70
804.70 632.30
853.40 408.40
605.10 778.50
254.00 514.30
566.60 691.90
816.60 682.20
495.30 294.00
416.90 194.50
822.20 846.20
983.10 539.40
15.00 515.50
886.30 858.80
128.80 656.30
6.30 631.50
516.00 533.20
135.30 320.70
165.60 988.70
729.20 770.80
767.30 983.20
285.10 333.90
675.20 101.70
16.20 170.50
395.80 433.10
365.00 218.10
279.40 348.20
757.50 294.40
863.70 643.80
153.20 992.50
300.20 159.60
624.10 816.20
692.80 759.40
137.00 858.40
748.20 866.20
629.20 515.50
849.50 914.40
849.40 524.70
16.10 865.60
695.20 412.00
298.80 60.30
630.10 578.30
408.60 387.60
872.80 272.40
31.50 26.10
265.00 331.70
185.80 889.10
148.00 878.60
648.60 285.00
737.10 396.80
151.20 366.40
912.40 0.70
280.80 761.80
525.50 297.00
627.50 220.80
709.10 926.40
281.10 339.20
504.70 689.80
726.90 377.50
962.20 758.50
403.70 227.20
90.30 589.50
116.40 238.40
468.20 765.10
523.40 205.30
162.00 674.70
571.80 74.40
675.40 852.70
836.30 200.90
149.70 463.90
421.70 858.80
390.30 702.90
198.10 895.10
392.80 925.10
272.70 355.00
683.70 676.40
582.30 774.00
265.90 698.80
12.40 734.10
463.90 535.90
939.50 626.00
210.60 511.30
700.40 886.10
364.00 536.80
87.10 513.80
0.80 508.90
372.70 391.10
211.90 570.90
286.30 604.70
496.10 559.00
959.80 179.80
235.40 542.10
953.90 501.40
241.00 966.30
235.50 705.00
502.30 175.10
331.00 712.90
686.50 31.50
599.00 50.50
568.30 686.20
564.40 569.10
195.10 937.20
960.30 407.00
508.10 246.60
11.70 4.30
805.60 971.50
184.10 41.10
513.70 138.00
542.50 754.70
104.40 778.10
459.70 606.70
953.20 790.80
319.70 639.80
822.30 918.80
690.40 390.70
605.00 254.80
959.90 800.20
192.10 920.20
207.20 700.30
166.90 219.00
704.60 972.60
190.60 888.70
13.80 704.40
26.80 556.30
459.20 131.30
334.50 919.00
738.10 287.80
709.80 57.90
927.60 532.10
976.70 618.00
922.90 581.80
872.90 882.80
382.00 65.00
803.10 589.30
765.30 970.10
808.40 469.90
942.70 999.10
358.70 956.50
703.60 385.60
512.90 162.80
516.90 847.40
81.80 255.10
135.30 791.70
313.00 62.90
323.90 289.80
680.90 246.80
871.70 553.80
129.60 253.80
618.80 932.80
843.10 384.20
902.90 651.60
854.10 845.60
650.80 212.80
802.20 354.40
598.50 315.10
517.20 115.40
162.60 599.10
370.60 297.90
390.80 683.70
360.90 714.70
973.50 41.90
961.50 845.20
595.80 91.20
99.00 214.70
24.00 942.20
598.90 926.90
593.90 453.00
772.60 244.80
665.90 574.80
599.20 264.40
890.00 116.50
379.90 52.70
715.60 750.60
350.70 106.40
434.30 711.60
821.20 407.90
753.60 782.80
253.20 349.40
874.00 352.30
564.10 898.10
294.50 163.10
825.10 888.50
616.10 597.70
133.30 282.10
172.60 732.60
546.60 62.60
849.10 926.60
115.40 564.70
677.30 466.10
671.20 111.60
177.80 492.50
519.60 931.50
275.30 772.80
280.90 149.40
125.10 845.10
47.60 419.70
8.20 872.70
308.20 624.40
470.40 441.60
906.60 643.10
174.20 453.30
705.80 23.30
380.00 821.20
588.10 57.30
287.40 259.40
169.00 465.30
751.90 688.60
396.80 27.30
461.40 677.80
176.70 586.50
523.00 224.30
6.30 531.20
97.00 314.60
155.70 567.50
756.20 62.30
210.60 930.50
515.70 916.40
953.90 895.70
737.70 542.00
953.00 25.10
801.50 122.10
490.50 553.40
810.70 887.30
580.80 272.10
565.20 757.50
858.70 88.20
981.90 865.00
619.50 79.00
179.60 775.20
646.60 935.90
837.60 857.30
866.40 353.40
773.70 820.40
249.10 511.40
362.50 202.20
536.60 164.00
324.30 27.10
717.50 135.10
914.50 298.30
407.20 479.70
55.90 266.00
568.00 37.80
131.10 187.60
116.90 310.80
962.90 763.50
246.70 800.50
620.80 113.20
154.00 394.60
933.60 403.10
906.10 296.10
605.40 442.70
460.20 929.70
469.90 177.70
64.80 384.50
476.00 472.10
864.30 532.00
738.20 432.30
569.80 869.40
619.90 686.80
180.20 582.80
450.40 427.00
383.40 71.30
540.30 537.40
465.90 474.00
940.60 372.10
770.20 546.10
814.90 230.40
475.90 284.80
408.20 540.70
669.40 884.20
12.90 533.70
416.30 751.20
966.00 986.10
620.60 586.00
673.00 800.90
168.90 123.40
227.90 552.40
194.80 768.30
89.90 660.80
242.30 30.60
32.90 12.50
576.70 847.80
243.00 52.60
132.70 651.20
593.40 802.10
535.50 606.40
335.80 951.80
357.60 301.90
938.00 978.30
888.00 611.00
779.20 56.90
734.50 7.20
609.40 929.30
775.60 699.30
590.20 17.90
729.90 623.10
30.50 306.70
471.00 273.50
359.30 603.70
924.80 952.70
405.90 460.30
559.20 741.80
412.20 916.80
43.80 350.20
895.20 931.80
961.30 674.40
988.80 695.90
681.70 598.30
625.30 457.30
297.60 215.50
475.30 27.60
838.70 505.80
334.30 309.70
779.40 693.70
913.50 704.30
646.50 319.50
164.70 205.70
61.30 576.90
122.60 105.20
927.20 17.80
37.10 888.60
692.30 26.00
584.60 374.10
624.30 209.90
831.40 922.00
425.50 306.80
949.70 264.20
812.60 284.00
574.00 592.10
977.80 487.50
296.40 624.30
807.00 461.20
830.10 868.40
38.10 952.70
973.70 965.40
970.50 10.80
854.00 662.90
36.80 438.60
37.00 661.20
648.60 868.40
583.20 74.20
175.30 532.90
338.50 988.00
817.00 912.50
580.10 794.80
400.10 876.60
419.20 207.20
337.80 249.30
75.60 376.00
202.10 49.40
341.40 172.70
60.20 195.50
835.60 97.10
634.20 872.60
758.30 282.80
741.10 341.50
357.10 916.40
874.50 695.60
904.40 691.50
608.20 484.60
486.40 8.30
361.30 905.70
215.50 699.10
155.00 291.20
75.20 357.20
340.60 416.60
529.90 400.80
612.10 365.50
498.00 246.40
238.10 256.30
529.30 979.20
597.90 886.40
895.70 472.40
582.00 800.10
164.00 190.30
284.80 650.40
198.60 646.10
556.10 414.10
345.20 711.20
705.30 420.50
68.40 45.90
837.10 598.30
446.80 449.30
963.80 944.80
695.70 202.00
201.10 225.00
181.30 799.10
111.50 77.00
271.50 693.60
877.20 435.50
883.90 162.00
86.00 82.50
808.10 642.10
496.70 153.40
353.40 202.00
573.90 421.80
248.00 411.10
20.20 694.80
860.50 984.00
639.60 556.30
186.10 840.80
781.40 367.40
639.90 892.90
444.50 911.50
586.50 321.70
347.10 470.40
483.80 433.10
553.00 292.00
75.30 49.70
445.40 428.70
251.70 19.40
850.50 499.80
430.60 870.70
194.60 291.10
854.80 834.30
847.40 41.00
675.20 628.80
408.40 315.10
521.70 853.00
226.70 108.30
174.80 573.80
578.80 658.60
7.00 131.80
950.70 82.30
181.60 396.20
511.00 433.40
415.60 361.60
933.20 846.20
232.40 127.80
137.40 87.30
962.20 984.80
128.30 637.40
613.70 536.80
952.60 135.50
389.80 179.30
243.80 564.70
753.20 822.70
223.40 760.20
954.60 174.10
842.60 136.20
570.30 353.70
569.60 986.00
715.30 502.80
832.30 947.80
630.70 969.70
35.10 592.90
954.60 163.50
230.40 568.30
700.30 183.00
703.80 90.20
362.40 947.70
654.90 115.60
770.50 878.30
875.90 725.10
52.40 718.60
861.40 622.80
72.30 431.00
608.80 787.70
933.90 441.10
735.50 564.70
410.90 770.70
157.70 365.50
934.20 388.10
933.90 634.50
571.20 637.70
724.80 933.60
585.50 379.70
49.20 356.10
258.00 925.20
81.20 310.50
643.80 942.60
933.30 716.20
373.70 542.20
503.90 307.70
983.30 239.50
872.50 394.30
10.20 30.20
759.80 944.50
418.40 693.70
579.10 989.60
331.50 303.90
923.20 917.10
683.60 972.50
273.20 941.70
897.80 354.50
252.20 541.60
297.10 185.60
257.90 670.90
727.80 761.90
978.70 711.20
1.40 851.20
105.50 11.70
881.50 865.40
956.20 299.90
559.10 535.30
289.60 890.70
839.20 212.90
807.80 522.90
185.40 81.10
464.60 83.20
435.60 716.90
624.90 732.80
902.50 882.80
403.70 630.40
644.70 382.50
341.60 646.20
233.70 447.20
657.90 115.20
312.60 614.10
415.20 871.80
149.50 704.90
762.50 988.70
917.80 570.40
511.60 103.20
651.50 976.30
186.50 87.10
693.20 811.40
819.90 595.80
694.30 223.70
226.20 339.10
606.20 567.90
985.40 840.00
15.10 643.30
955.20 327.70
257.50 370.50
199.50 407.10
75.40 962.10
395.90 993.20
532.50 907.60
96.50 184.00
883.90 283.00
271.20 577.20
94.50 91.20
173.00 788.90
314.90 399.20
128.10 921.20
967.20 113.50
761.20 982.30
756.90 716.50
310.00 14.50
87.00 509.60
421.60 162.50
471.70 817.50
155.80 4.30
725.10 252.30
188.30 609.10
535.40 459.60
186.30 629.90
550.80 359.40
418.90 865.80
758.70 547.00
787.00 725.90
660.60 548.30
708.20 417.50
264.80 18.30
432.10 351.90
527.90 853.70
514.50 999.70
671.30 670.30
4.00 396.50
922.70 192.40
5.70 458.10
652.00 192.00
88.10 202.90
551.50 507.00
68.80 310.20
54.10 855.90
36.10 714.70
404.20 744.40
132.30 669.10
762.70 564.40
21.10 290.70
418.20 535.60
290.40 89.60
206.00 294.40
486.10 128.70
486.90 491.90
586.90 138.90
683.90 675.00
341.90 235.50
182.10 410.70
545.70 236.30
266.60 581.90
951.00 670.80
326.40 83.40
340.00 89.20
647.90 361.10
379.90 66.20
896.70 670.30
155.80 102.80
964.80 642.00
231.50 451.70
133.90 818.40
590.70 817.90
493.50 932.70
53.40 675.70
343.40 599.20
912.00 610.00
181.20 863.10
280.90 507.60
946.50 621.00
596.80 594.50
982.10 976.70
660.70 878.80
647.10 816.50
981.70 612.00
458.50 213.20
63.80 592.40
31.70 654.60
410.40 525.20
587.30 463.80
201.00 930.70
63.10 113.00
540.80 244.30
976.10 821.80
752.00 922.70
442.80 348.80
517.20 424.90
325.60 177.90
303.80 972.80
994.50 285.50
584.90 453.10
498.80 648.70
45.60 530.50
303.30 456.00
55.80 890.60
919.80 256.80
821.40 983.00
369.90 362.20
227.30 346.00
184.10 979.30
268.70 626.90
328.20 786.00
51.90 653.80
964.00 355.80
626.70 958.50
641.40 211.60
411.60 140.20
860.30 457.20
670.80 163.70
913.30 726.60
54.30 833.20
983.50 875.80
816.20 353.40
238.00 43.50
699.50 422.20
22.90 968.30
49.10 351.10
754.40 101.10
5.00 718.40
456.90 631.70
677.00 98.30
843.40 88.60
238.60 703.80
545.90 909.40
867.50 459.20
636.10 921.90
292.40 619.60
797.70 108.60
973.10 35.80
152.20 672.70
458.00 175.10
641.10 507.20
526.30 395.50
608.40 531.30
113.90 65.30
163.10 790.90
163.70 6.50
879.60 402.30
710.40 425.60
311.80 578.00
884.90 947.90
499.90 177.30
567.60 297.70
286.00 540.80
333.60 438.30
213.50 791.60
613.50 854.70
298.90 139.80
250.20 907.30
671.10 364.20
972.70 834.30
155.20 136.50
840.80 34.80
538.90 551.30
460.50 850.70
129.30 345.40
798.60 629.30
522.70 366.20
927.00 808.80
907.10 260.70
247.20 120.60
52.30 860.70
975.40 351.30
0.50 225.60
258.70 671.70
589.80 231.40
506.00 745.00
368.00 346.90
779.90 906.90
898.20 240.40
757.60 27.50
585.80 556.30
656.90 108.60
922.50 584.00
917.50 829.60
844.70 164.70
950.30 897.10
25.40 925.70
248.40 26.00
151.40 507.10
697.70 741.30
738.60 203.70
486.30 106.60
550.60 266.30
13.50 448.80
506.70 771.20
476.40 92.60
327.50 133.30
201.20 250.10
717.30 118.80
79.80 562.10
283.50 30.20
459.20 309.00
955.90 707.60
335.10 107.40
214.80 32.80
848.70 953.50
236.60 335.10
60.20 787.20
601.40 73.80
236.10 108.20
845.00 712.50
200.80 172.50
845.90 402.10
422.70 563.30
520.90 502.50
125.40 804.50
532.70 584.60
113.60 488.70
292.30 448.70
596.10 507.20
481.60 444.80
460.70 718.20
780.00 521.00
505.50 381.40
594.80 741.60
489.70 439.80
454.20 690.50
612.40 300.20
92.70 35.10
863.50 613.70
537.60 989.00
418.30 70.30
573.70 532.00
559.00 866.00
980.80 155.20
373.30 462.40
600.10 834.10
180.70 380.10
355.10 686.20
761.60 949.90
427.90 251.30
389.80 882.10
941.90 2.20
182.40 34.60
37.30 45.90
648.40 575.00
35.00 66.70
645.30 608.70
598.70 204.40
474.80 579.50
359.70 848.10
42.00 959.80
682.20 222.70
339.90 37.40
908.90 101.50
987.30 336.90
352.90 377.10
219.00 294.80
379.40 401.40
329.40 416.70
447.40 977.90
991.80 482.40
44.60 637.20
91.20 643.40
841.60 566.00
222.90 201.30
414.10 264.90
161.20 96.40
487.70 501.10
133.80 396.70
602.70 121.20
733.60 955.70
498.40 952.60
250.50 877.80
354.10 580.00
294.60 801.60
