100
7 14
21439
98185
22256
59547
85222
50092
50407
2 3
5 6
4 6
1 7
6 7
1 6
2 4
3 6
4 5
1 2
1 5
3 5
1 3
2 7
5 4
36642
28444
50012
29651
10953
1 4
2 3
2 5
4 5
8 9
10001
10002
10003
10004
10005
10006
10007
10008
1 3
3 5
5 7
1 7
2 4
4 6
6 8
2 8
3 4
2 1
73151
18218
1 2
6 14
95116
82606
86586
71411
18064
39030
4 6
2 6
4 5
1 2
2 5
1 6
3 5
1 5
5 6
1 4
1 3
3 4
2 3
3 6
4 4
44665
18267
18281
90886
1 3
1 2
2 4
3 4
2 1
27149
68253
1 2
2 1
59489
79202
1 2
1 0
97232
5 5
42750
98638
32557
34031
46211
4 5
1 3
3 4
2 3
1 2
6 14
39327
65492
43328
42250
22012
70339
1 3
3 5
4 5
3 6
1 2
1 6
5 6
3 4
2 3
1 4
2 5
2 6
4 6
1 5
2 1
55631
26705
1 2
4 5
94759
52073
52133
85934
1 2
2 4
1 4
2 3
1 3
8 16
33339
70484
57152
60284
68330
43550
90957
11601
2 4
3 4
1 2
6 7
3 7
6 8
4 8
4 6
5 7
4 5
2 5
1 7
2 3
1 8
3 6
2 8
4 5
34142
69073
13941
91255
1 2
3 4
2 3
1 4
2 4
6 7
10001
10002
10003
10004
10005
10006
1 2
2 3
1 4
4 5
3 5
3 6
2 6
1 0
74173
1 0
69841
7 19
15443
51140
80369
89518
96839
81427
11790
1 3
5 6
3 4
2 5
2 7
3 5
3 6
5 7
3 7
1 4
4 6
4 7
2 4
6 7
1 2
1 5
2 6
2 3
4 5
6 6
10001
10002
10003
10004
10005
10006
1 2
2 3
1 4
4 5
3 5
3 6
5 5
36642
28444
50012
29651
10953
1 2
1 4
2 3
2 5
4 5
8 9
40120
62519
11512
39545
15306
78436
17940
35268
3 6
3 8
1 2
1 3
3 4
1 5
6 7
3 5
4 7
3 2
76197
81009
62034
1 2
2 3
3 2
19290
18247
19498
1 3
1 2
7 18
67413
23334
48611
65226
56647
44141
49436
5 6
1 6
2 4
6 7
1 7
1 2
3 6
3 7
4 7
4 5
2 3
2 7
4 6
3 4
1 5
5 7
1 4
3 5
5 4
66434
53271
46639
27689
91124
3 4
2 3
1 2
2 5
1 0
66226
4 5
90101
28637
48046
65134
3 4
1 2
1 4
2 4
1 3
4 5
22479
90197
50962
47292
1 3
2 4
2 3
1 2
3 4
7 7
62951
90907
56496
12327
12433
85492
34876
1 2
1 7
2 3
3 5
2 6
2 4
4 5
1 0
30391
1 0
73671
3 2
27288
54413
15825
1 2
2 3
7 14
24392
89497
14769
32681
86924
93965
93823
2 4
1 5
5 6
6 7
1 3
2 7
1 7
2 6
1 2
3 7
4 6
4 5
3 4
1 4
4 4
10001
10002
10003
10004
1 2
1 3
2 4
3 4
4 3
79963
53955
34845
37147
2 3
1 4
1 2
6 7
70054
27194
55247
86803
61525
38616
1 2
2 4
1 3
1 4
2 6
3 5
4 6
3 2
39328
21126
15115
1 2
2 3
1 0
86942
6 12
81067
95449
35711
98067
99034
43396
3 4
1 2
2 6
4 5
3 5
3 6
4 6
2 3
5 6
1 3
2 5
1 6
5 4
22834
60660
35662
51677
97002
3 5
1 2
1 3
2 4
4 3
16327
45996
88695
27211
1 2
2 3
1 4
3 2
10001
20000
10000
1 2
2 3
7 11
26270
66672
87248
58982
75459
21676
70754
1 2
1 5
1 6
2 3
3 6
2 5
4 6
2 7
4 5
3 4
5 6
3 2
73419
13770
45894
1 3
1 2
6 8
55246
51084
18755
20320
74949
22209
2 4
3 5
1 3
3 6
1 2
4 5
2 6
1 6
7 8
90134
61683
63825
51669
74995
99555
67827
3 5
1 4
3 7
1 6
1 2
1 3
2 4
2 3
8 17
19580
70279
70149
36774
25526
56952
94651
54142
6 8
4 5
2 7
6 7
4 8
3 4
2 5
1 5
5 8
2 8
3 6
1 6
4 6
1 3
5 6
4 7
1 2
6 6
10001
10002
10003
10004
10005
10006
1 2
1 6
2 3
2 4
3 5
4 5
2 1
55420
30163
1 2
3 2
96081
88640
39682
1 2
2 3
4 5
74416
63058
41684
62996
1 2
3 4
1 3
1 4
2 3
4 3
10001
10002
10003
10004
1 2
1 3
2 4
3 2
23311
39378
19805
1 2
1 3
6 11
83737
25719
80958
88337
89878
48080
1 6
2 3
1 2
4 5
1 4
5 6
1 5
2 4
2 6
2 5
3 5
6 5
81179
60978
86254
46265
95040
78730
4 5
1 6
1 4
1 3
1 2
2 1
97068
23222
1 2
4 5
15920
57729
59698
12406
2 4
1 2
2 3
3 4
1 4
6 6
76476
74211
42605
62761
45128
82660
2 4
4 6
1 2
3 6
2 3
1 5
1 0
10001
4 3
52322
78568
62421
35578
2 3
1 2
2 4
5 4
10001
10002
10003
10004
10005
1 4
1 3
3 5
2 5
5 9
95973
60256
85568
44099
15303
1 5
3 4
1 3
2 4
3 5
4 5
2 5
2 3
1 2
2 1
93006
15103
1 2
3 2
24658
77105
48671
1 2
1 3
1 0
16705
6 12
75801
66130
26245
58746
40709
23853
3 5
1 3
2 6
2 4
5 6
4 6
1 4
1 5
3 4
1 2
2 3
2 5
1 0
38559
5 4
67074
94755
10708
37284
37506
1 2
2 3
2 4
2 5
2 1
90320
17026
1 2
1 0
59077
8 8
91228
29857
37471
43101
80874
12875
41026
39316
2 4
7 8
1 2
4 7
1 3
5 6
3 5
5 7
5 8
37254
43929
54336
44343
62316
4 5
3 5
2 3
1 4
2 4
1 3
1 2
2 5
5 8
26109
53459
41051
76337
83448
1 3
1 4
3 5
3 4
4 5
2 5
1 5
1 2
5 8
19862
83963
65165
34444
38815
1 4
4 5
1 2
3 5
2 4
1 3
2 3
3 4
3 2
70210
48344
73748
1 2
1 3
7 7
99567
72493
45482
39733
44119
56326
99947
2 4
1 7
1 4
1 2
5 6
1 5
2 3
1 0
11570
8 23
80359
45062
12070
16005
51821
85193
39786
64671
4 5
6 8
3 8
1 8
3 6
1 2
6 7
2 4
4 6
1 5
5 7
2 8
2 3
1 6
4 8
3 7
4 7
2 6
5 8
3 5
1 3
5 6
7 8
6 13
33668
10334
12008
47251
75068
58405
1 3
3 4
3 5
2 3
1 4
3 6
1 6
4 6
1 5
1 2
2 6
2 5
2 4
3 2
91029
87178
29426
1 3
1 2
1 0
46860
2 1
10001
10002
1 2
8 26
35289
58945
19778
26258
37193
77598
39228
93627
1 5
4 6
2 3
4 8
6 7
4 5
1 4
5 7
1 2
2 6
2 7
5 8
2 4
3 5
1 7
4 7
1 8
3 6
3 7
2 5
6 8
5 6
3 4
7 8
3 8
1 3
8 13
10001
10002
10003
10004
10005
10006
10007
10008
1 3
1 5
1 7
3 5
3 7
5 7
2 4
2 6
2 8
4 6
4 8
6 8
3 4
7 11
40570
65411
35790
22925
45760
18404
72046
2 3
4 6
1 4
2 4
2 7
6 7
5 6
3 6
1 2
3 5
5 7
5 4
58417
38603
97545
45643
41478
2 4
1 2
1 5
2 3
3 2
89295
33592
37360
1 2
1 3
2 1
81074
75458
1 2
7 15
38637
42425
62337
72207
45079
59527
92031
2 7
1 5
5 7
6 7
3 7
4 7
1 3
2 4
1 6
1 4
1 7
1 2
4 5
4 6
5 6
2 1
29123
54864
1 2
5 6
10001
10002
10003
10004
10005
1 2
2 5
3 5
1 3
1 4
2 4
8 18
87358
93966
68180
10476
25144
32981
92055
76406
1 5
1 8
3 4
7 8
2 4
6 8
5 6
1 6
1 2
2 6
2 3
3 6
5 8
4 5
1 7
4 6
5 7
2 5
6 12
24328
89454
83748
43411
91915
17827
2 3
1 5
4 5
1 3
1 2
2 5
1 6
3 4
2 6
4 6
1 4
2 4
2 1
73059
44092
1 2
6 5
10001
10002
10003
10004
10005
10006
1 5
1 2
2 3
2 6
4 6
8 28
10001
10002
10003
10004
10005
10006
10007
10008
1 2
1 3
1 4
1 5
1 6
1 7
1 8
2 3
2 4
2 5
2 6
2 7
2 8
3 4
3 5
3 6
3 7
3 8
4 5
4 6
4 7
4 8
5 6
5 7
5 8
6 7
6 8
7 8
8 24
43905
34149
80793
33843
78079
54012
45040
32884
2 4
3 5
2 8
4 7
1 7
1 3
1 6
1 5
7 8
2 5
5 6
4 8
2 7
6 7
3 8
4 6
3 6
2 3
3 4
3 7
1 4
6 8
1 2
2 6
6 14
22029
49819
49012
67276
90903
57767
1 5
1 2
3 5
5 6
1 4
2 4
2 3
4 5
1 6
4 6
1 3
2 5
2 6
3 4
1 0
67318
