20
164 96
76 2 193 164
1000000000 100000
1 1 0 2
1000000000 100000
999999999 1 999999999 1000000000
977365070 59489
8 5 9 999966210
198 81
8 5 7 83495
1000000000 100000
100000 1 0 1000000000
137 49
48 17 461 137
177 73
7 7 5 56401
112 73
1 5 3 64100
28 21
6 5 1 85919
97 39
34 37 656 97
1000000000 1
12 7 74 12
249718282 93729
1 5 6 999917908
78 51
3 5 5 51230
714311129 39521
9 5 9 999998192
840698758 13331
8 7 10 999955808
1000000000 100000
99999 1 99999 100000
220 88
1 8 3 58265
254 99
1 8 9 74990
110 53
7 7 1 64417
