20
92 0.383 0.095 0.110 0.799 0.490 0.795 0.312
37 0.399 0.287 0.317 0.870 0.520 0.686 0.954
38 0.887 0.847 0.004 0.716 0.148 0.543 0.058
55 0.571 0.148 0.741 0.231 0.824 0.618 0.671
95 0.394 0.045 0.961 0.263 0.896 0.214 0.382
13 0.600 0.495 0.830 0.178 0.768 0.678 0.387
27 0.828 0.611 0.901 0.082 0.043 0.435 0.723
99 0.882 0.661 0.805 0.288 0.495 0.955 0.788
40 0.114 0.096 0.671 0.372 0.708 0.742 0.378
30 0.889 0.482 0.277 0.194 0.392 0.339 0.886
99 0.753 0.662 0.810 0.984 0.645 0.511 0.015
2 0.600 0.200 0.500 0.100 1.000 0.100 1.000
1 0.800 0.100 0.500 0.500 0.500 0.500 0.500
65 0.964 0.395 0.549 0.741 0.686 0.702 0.686
45 0.889 0.664 0.232 0.454 0.785 0.637 0.611
11 0.698 0.348 0.651 0.528 0.828 0.526 0.129
83 0.449 0.407 0.053 0.078 0.212 0.345 0.121
25 0.674 0.528 0.625 0.971 0.805 0.782 0.177
25 0.984 0.222 0.993 0.336 0.207 0.084 0.478
1 1.000 0.000 1.000 1.000 1.000 1.000 1.000
