20
100 100
8 9 43
56 82 51
51 60 17
54 71 95
94 98 59
51 64 39
4 9 97
51 61 89
75 79 68
7 14 48
51 58 68
21 46 47
26 29 24
36 44 77
2 6 56
1 40 7
62 78 79
82 91 100
62 70 22
86 87 58
16 18 84
37 48 39
8 38 93
51 93 91
11 30 89
51 61 46
51 54 72
57 61 50
73 76 8
65 75 87
65 68 53
76 94 17
40 41 52
32 42 75
60 65 63
64 88 50
51 100 46
80 99 82
52 86 34
5 36 8
25 49 92
14 28 85
4 43 47
64 88 68
51 57 37
31 47 3
36 49 75
25 27 96
17 20 34
60 97 61
70 71 79
60 74 72
14 46 50
86 87 86
1 32 3
71 99 24
89 98 69
26 29 29
26 41 91
53 80 12
56 59 47
48 50 69
51 83 89
60 93 31
62 93 26
20 27 11
36 48 67
85 100 7
26 31 60
10 20 45
26 50 18
56 86 45
16 30 48
12 39 66
7 16 86
22 42 40
16 50 89
33 36 9
95 100 30
60 70 97
71 95 6
64 99 95
76 95 43
63 94 60
57 91 17
13 16 25
4 8 46
15 24 5
42 46 50
1 38 25
75 96 79
40 50 73
9 43 81
13 44 91
13 32 98
82 93 99
4 19 44
29 47 40
58 60 80
29 44 57
23 58
12 14 86
6 8 63
8 10 66
1 17 91
13 15 91
6 12 69
12 22 14
10 17 17
1 13 19
6 8 40
5 16 31
4 6 99
1 23 54
2 16 66
17 19 26
10 11 23
3 17 18
12 22 16
11 16 64
2 22 97
4 20 89
1 16 72
21 22 51
3 15 61
9 12 75
5 15 8
9 13 94
11 20 49
7 8 93
12 15 47
16 23 7
17 20 60
12 23 34
14 22 35
13 23 82
12 19 68
4 20 30
15 18 34
3 19 88
9 22 4
10 14 36
5 11 77
1 14 40
17 21 52
16 18 75
1 12 98
5 23 81
6 21 15
6 21 64
5 13 48
3 18 7
7 9 58
11 17 32
5 21 23
8 13 70
2 5 39
9 18 38
15 16 65
46 75
3 24 22
33 41 20
1 6 96
24 27 33
41 44 60
18 32 6
8 26 34
3 41 38
1 45 28
13 44 74
13 19 16
21 40 14
16 17 75
25 41 39
22 28 12
27 39 44
1 44 64
9 34 89
1 34 12
34 44 44
27 39 62
21 36 10
10 28 76
25 43 91
3 12 89
4 17 14
13 46 13
17 26 45
11 41 28
4 23 60
28 36 89
36 38 96
38 46 76
7 39 23
22 27 14
9 26 50
11 38 47
15 35 79
9 37 86
5 44 21
34 46 19
12 32 3
1 16 50
5 26 13
12 33 80
5 23 44
5 35 4
19 22 70
5 16 13
29 36 4
23 33 53
10 22 38
32 37 48
2 15 99
17 24 89
31 45 2
2 12 43
17 34 34
7 20 37
30 31 83
10 23 35
9 28 56
9 27 17
1 17 51
2 40 26
9 21 8
9 26 29
3 21 16
13 42 81
23 29 50
1 7 74
7 30 23
28 33 100
10 20 72
16 34 75
100 100
9 60 9
3 30 28
2 93 22
4 40 37
10 14 76
16 48 87
9 26 90
48 94 58
72 83 98
58 69 88
45 71 39
31 46 5
68 86 41
50 92 56
45 58 32
21 86 84
41 48 73
24 58 52
53 62 73
63 74 19
5 40 53
20 26 33
69 89 16
1 98 85
30 34 24
14 34 94
6 18 67
17 53 47
51 66 42
28 93 95
84 85 75
3 31 24
50 93 8
18 63 32
27 63 35
43 86 16
40 90 73
40 83 32
4 93 74
23 25 41
60 84 89
13 89 21
10 55 26
65 89 57
13 72 12
23 80 54
42 49 86
93 97 94
96 99 99
73 93 11
68 87 26
41 50 57
33 37 81
15 60 69
90 97 46
34 78 3
21 66 19
5 51 45
3 44 31
10 89 98
47 72 13
16 85 66
53 83 69
17 76 1
50 54 20
19 51 32
16 89 4
43 75 93
20 54 30
37 73 39
23 92 51
18 24 41
4 30 64
26 41 46
86 88 94
78 98 70
26 90 58
53 96 82
48 74 93
70 93 75
4 49 69
4 32 89
6 17 82
5 13 47
88 98 47
38 69 50
89 96 77
27 90 37
29 72 88
25 72 57
7 80 76
78 84 57
6 14 77
87 95 15
57 91 61
75 80 24
9 17 13
15 91 2
62 96 53
76 97 10
100 100
31 79 58
42 51 3
17 85 67
33 89 22
10 94 89
46 54 83
21 90 93
43 77 80
31 75 38
37 81 23
4 90 39
3 95 87
26 69 19
1 67 81
19 66 75
36 97 85
22 54 12
33 69 15
18 56 7
29 79 8
13 79 47
13 75 71
5 67 25
50 64 8
36 51 24
39 55 61
1 96 5
31 55 80
4 61 17
26 70 16
7 57 14
27 73 25
7 63 99
9 63 98
46 95 63
15 92 21
11 63 52
35 100 76
49 98 50
10 73 36
15 74 32
4 72 61
43 72 61
24 90 53
9 78 100
19 53 6
29 56 47
17 78 38
8 84 56
11 61 99
32 84 15
39 99 94
47 78 40
11 52 27
5 72 47
14 92 89
46 92 47
49 69 5
49 82 84
25 59 90
37 66 11
49 87 8
48 71 26
28 64 54
30 69 100
19 67 21
44 77 68
26 75 27
17 96 19
26 66 25
48 94 43
23 75 29
49 68 47
46 86 69
31 63 44
18 100 62
19 61 13
1 94 40
27 99 43
34 52 1
44 60 41
26 67 59
19 93 31
19 86 18
10 74 33
10 61 59
33 73 20
19 54 20
25 59 79
44 77 14
3 78 71
7 68 24
36 91 39
30 72 67
41 68 90
22 51 92
6 86 25
5 60 67
19 76 11
6 94 22
59 34
17 21 70
27 37 16
40 43 22
3 46 27
10 39 29
11 57 63
43 46 66
6 57 23
28 54 53
5 12 32
6 54 10
34 59 87
24 30 84
10 24 30
11 33 27
28 48 35
11 52 97
7 44 58
16 54 76
33 56 78
8 57 79
31 32 69
36 48 62
19 47 11
2 36 41
21 57 9
13 31 32
21 49 33
48 54 54
11 36 82
27 34 6
13 18 27
28 47 18
12 36 15
11 17
3 7 69
7 8 63
1 7 89
4 8 39
2 7 50
5 7 8
2 11 64
2 6 95
5 9 32
10 11 82
4 7 58
1 11 13
4 8 89
9 10 99
3 11 2
8 9 81
3 7 52
6 2
1 3 2
4 6 1
16 91
8 9 4
7 13 70
10 16 73
9 16 51
2 10 74
10 13 69
7 13 24
12 13 82
1 9 60
10 15 99
1 15 37
11 16 100
1 9 95
3 6 91
6 10 72
2 5 86
7 9 60
3 7 44
6 8 9
1 11 60
4 15 51
5 10 18
6 11 41
6 8 35
6 16 12
7 11 88
3 9 84
9 15 5
3 5 91
9 12 34
2 6 25
6 10 31
4 10 97
8 10 16
3 10 40
4 13 20
10 15 89
5 16 28
5 9 65
1 6 33
3 9 81
2 9 25
3 10 27
7 16 13
9 11 100
5 7 18
6 16 26
10 14 21
2 9 79
2 4 100
9 14 22
2 10 81
12 14 21
3 4 22
8 9 21
2 14 27
9 13 47
2 8 54
2 12 50
5 6 6
1 14 24
2 13 89
11 15 3
10 15 17
1 13 13
13 16 40
1 4 73
4 13 39
6 14 71
2 16 90
1 12 50
4 12 16
4 8 53
2 4 32
3 5 39
2 16 43
2 16 39
1 15 44
8 14 62
12 15 39
7 12 72
11 16 63
7 11 7
8 11 33
1 5 94
8 12 29
1 4 34
3 6 33
1 3 13
10 12 87
2 8 57
48 42
27 42 51
20 24 3
6 39 64
25 42 18
26 45 5
10 12 78
20 46 83
19 46 89
6 41 77
25 43 34
3 32 90
22 38 56
11 18 39
21 41 31
10 32 9
15 30 89
9 22 60
27 32 23
3 12 32
4 14 94
21 45 69
14 15 93
17 24 63
16 28 43
3 37 31
9 46 39
3 38 94
20 46 84
3 14 51
8 22 48
4 10 95
29 42 90
10 20 76
10 21 64
1 15 44
34 37 87
8 26 39
30 48 76
19 35 28
1 16 34
37 39 48
25 35 28
6 2
1 3 1
3 6 1
10 2
1 7 2
6 9 1
63 67
9 40 58
31 50 85
24 49 37
47 59 81
32 62 50
17 58 14
10 17 8
3 36 80
54 58 30
40 47 91
16 25 89
16 50 15
17 36 11
32 34 54
32 50 75
4 40 77
50 51 72
10 60 56
38 41 19
41 61 16
46 48 54
15 17 76
43 62 16
54 63 2
9 11 97
1 3 11
1 15 64
7 20 53
10 31 89
23 35 93
18 27 52
40 57 3
17 34 41
6 16 81
8 41 60
38 46 27
12 54 49
4 14 69
28 56 44
31 59 5
10 37 80
43 63 36
12 60 28
16 33 57
13 39 86
5 26 13
15 18 51
28 63 55
17 48 28
8 51 75
41 55 33
27 49 45
16 50 28
11 31 25
22 54 95
7 50 100
16 55 68
3 45 13
7 53 44
44 49 31
1 4 27
33 63 10
2 16 18
57 61 7
25 55 73
18 22 10
18 31 52
57 1
6 55 76
77 9
21 57 69
55 71 14
64 68 95
23 30 18
60 73 66
35 74 42
18 66 53
24 60 8
36 48 50
2 100
1 2 52
1 2 26
1 2 77
1 2 26
1 2 16
1 2 21
1 2 90
1 2 39
1 2 73
1 2 33
1 2 73
1 2 12
1 2 88
1 2 34
1 2 23
1 2 91
1 2 43
1 2 67
1 2 79
1 2 22
1 2 13
1 2 66
1 2 6
1 2 63
1 2 46
1 2 18
1 2 13
1 2 63
1 2 46
1 2 69
1 2 38
1 2 91
1 2 21
1 2 63
1 2 43
1 2 74
1 2 44
1 2 26
1 2 19
1 2 55
1 2 30
1 2 92
1 2 99
1 2 94
1 2 56
1 2 47
1 2 64
1 2 12
1 2 50
1 2 60
1 2 82
1 2 61
1 2 74
1 2 91
1 2 12
1 2 8
1 2 79
1 2 78
1 2 75
1 2 69
1 2 78
1 2 53
1 2 71
1 2 52
1 2 53
1 2 87
1 2 60
1 2 9
1 2 46
1 2 13
1 2 31
1 2 56
1 2 98
1 2 91
1 2 78
1 2 85
1 2 79
1 2 91
1 2 34
1 2 75
1 2 9
1 2 33
1 2 40
1 2 65
1 2 2
1 2 33
1 2 27
1 2 66
1 2 56
1 2 74
1 2 29
1 2 40
1 2 31
1 2 92
1 2 7
1 2 37
1 2 28
1 2 66
1 2 42
1 2 78
78 25
73 78 63
67 75 2
15 75 98
22 44 77
15 51 49
17 65 25
10 48 32
47 63 52
41 76 51
19 29 65
1 57 76
10 12 1
21 45 17
10 76 93
7 69 82
56 64 70
66 67 55
15 41 93
21 48 27
11 73 27
3 20 95
33 71 94
15 42 15
43 49 49
17 50 13
96 50
56 95 38
27 61 45
57 90 34
51 78 20
1 32 12
29 85 7
13 28 67
27 68 57
46 94 49
47 88 23
56 87 36
44 85 32
3 67 70
45 87 70
6 90 2
50 66 73
41 72 27
78 96 68
43 67 56
19 56 90
11 18 14
11 37 71
36 41 29
3 60 94
19 93 72
34 38 88
43 68 82
41 65 80
44 81 20
44 65 93
62 64 28
61 92 38
65 67 64
66 95 77
7 80 3
67 93 86
44 87 10
20 53 85
21 46 86
37 79 26
15 81 88
37 63 26
29 32 33
46 92 84
79 80 11
42 63 62
20 94 15
38 47 96
6 17 25
13 56 39
100 100
45 52 39
21 35 24
47 68 22
29 51 46
66 87 9
35 58 86
84 88 44
49 60 14
27 38 61
9 56 24
15 83 44
5 14 41
33 100 93
31 51 11
15 84 29
64 94 97
4 51 4
35 92 54
37 53 53
61 70 74
11 54 65
1 44 10
51 65 83
22 98 35
23 48 58
17 63 15
8 53 41
31 43 99
47 93 52
67 93 3
20 34 6
11 27 91
34 98 28
13 96 82
65 87 14
11 33 62
26 78 17
41 95 25
23 57 36
58 64 9
29 71 41
44 90 72
22 47 92
7 85 15
44 65 83
33 86 15
52 93 46
43 92 60
19 60 30
40 84 96
17 19 69
48 72 22
33 92 45
64 83 1
28 66 75
21 71 15
31 41 98
80 97 6
48 69 69
58 95 20
35 46 6
28 39 82
39 55 37
13 16 5
2 65 80
33 61 40
5 80 94
17 93 32
12 89 45
64 86 81
9 38 91
52 94 58
81 93 94
14 61 58
54 71 35
39 40 1
37 96 53
31 56 64
51 59 56
9 35 75
8 65 53
35 38 39
48 55 94
56 75 61
18 90 77
56 94 54
17 99 58
81 91 27
37 86 45
20 25 47
77 86 86
13 58 67
59 75 43
53 56 12
8 92 54
37 86 78
24 33 8
2 66 38
2 58 17
28 56 94
98 83
4 26 62
27 55 12
48 80 56
55 57 17
5 21 97
15 17 32
44 50 52
10 19 77
47 69 16
12 20 82
48 96 19
8 75 68
59 85 41
2 77 77
9 81 8
3 16 78
65 80 72
11 82 65
60 87 25
52 98 48
44 59 9
29 87 47
1 82 57
24 74 88
15 50 6
2 53 58
36 75 88
68 98 97
29 54 93
11 97 36
37 91 67
1 59 75
81 98 14
18 92 6
64 95 90
25 58 61
77 78 9
13 97 59
30 55 43
10 76 44
29 53 63
60 61 35
52 83 32
35 79 9
10 91 59
49 50 22
6 51 57
58 93 91
39 89 52
77 85 13
54 60 86
33 71 53
68 86 22
26 45 56
62 92 6
16 88 83
81 93 26
43 46 5
56 64 53
3 47 96
10 50 77
60 76 41
12 43 94
9 50 87
45 77 17
2 76 42
16 28 95
29 37 2
18 96 66
12 38 60
66 73 81
8 44 38
48 51 6
71 82 74
15 85 27
64 89 50
36 68 36
47 53 54
11 33 55
4 45 48
40 98 92
11 13 68
54 68 42
