20
35 9
9 34 10
10 17 73
4 20 100
9 15 79
16 32 43
1 28 60
5 23 64
23 27 3
8 27 11
23 58
10 15 40
2 21 67
7 23 15
9 16 81
6 17 70
14 21 61
11 18 77
4 18 31
13 20 95
3 17 91
7 10 27
1 21 95
10 18 86
17 21 65
12 22 42
12 16 43
1 22 38
5 21 56
9 12 12
9 15 13
6 17 56
16 23 83
3 8 92
20 21 57
7 18 16
3 20 59
16 21 66
9 20 6
1 8 39
10 11 29
1 2 83
5 11 6
8 11 8
10 14 5
6 18 7
7 22 80
1 11 57
13 20 29
7 23 70
15 17 44
7 9 64
7 13 82
12 19 76
13 15 49
10 21 11
8 18 22
12 21 37
9 13 63
16 17 68
9 10 59
5 14 62
4 21 58
15 19 45
5 20 77
12 17 100
2 10 89
11 20 60
4 12 93
100 100
43 75 97
47 93 97
4 40 67
61 89 52
28 49 39
23 79 20
21 47 56
15 32 93
8 58 51
9 36 28
51 96 21
34 85 80
75 88 4
97 98 71
46 52 67
18 86 83
37 41 69
19 88 62
82 84 2
77 80 98
17 57 45
6 75 83
33 45 2
26 29 84
48 79 71
2 55 59
72 98 93
8 93 30
32 72 80
39 61 92
25 81 8
20 78 73
23 25 20
11 13 89
58 72 38
6 73 44
26 68 90
43 56 18
28 68 89
20 45 52
10 61 39
5 32 91
82 91 73
26 43 52
4 74 62
69 75 42
74 96 49
46 52 41
1 82 65
12 50 72
8 90 62
19 36 75
48 78 92
19 91 31
2 69 6
53 87 67
21 77 44
68 98 57
14 94 77
29 34 96
73 74 37
66 81 43
78 93 64
36 92 47
51 97 12
51 69 99
50 67 89
11 74 79
43 73 74
12 33 83
60 74 94
28 81 72
37 63 47
20 61 22
25 78 85
40 75 94
5 66 73
55 71 13
3 72 90
59 98 26
46 83 35
42 77 36
17 34 70
42 66 10
31 56 33
41 86 30
6 15 67
63 82 50
15 64 69
76 99 73
31 59 67
65 94 56
46 77 85
59 83 88
86 99 44
1 21 55
24 59 18
3 66 1
49 63 49
60 86 20
26 100
2 11 49
2 26 63
23 24 54
6 17 50
1 21 30
1 23 40
9 13 37
3 20 77
7 17 74
6 25 87
13 23 18
1 15 43
13 24 40
8 18 91
23 24 60
7 12 66
18 24 74
10 18 56
10 12 45
12 13 70
13 25 73
17 25 94
5 20 24
2 21 35
1 5 2
24 25 1
17 19 73
16 26 82
23 25 97
12 13 86
11 22 11
3 13 75
13 15 54
5 21 24
16 26 89
13 19 19
15 25 65
20 25 4
4 22 99
21 26 93
9 22 5
8 16 24
11 23 94
2 9 44
8 15 80
23 24 39
17 23 66
5 21 99
3 10 63
3 4 53
7 19 62
5 21 1
11 26 41
20 23 68
11 18 47
21 22 9
11 15 26
25 26 41
4 19 71
7 13 92
14 15 65
7 9 76
2 18 49
7 13 26
2 9 61
8 13 89
10 23 85
4 24 79
3 17 44
1 22 67
18 26 99
6 26 30
11 22 8
12 24 87
7 9 73
20 24 51
16 18 76
3 8 63
22 25 82
8 18 58
8 23 100
15 18 26
5 15 83
18 24 95
23 26 43
8 18 96
10 18 79
10 21 86
13 24 18
2 6 35
5 7 5
10 16 84
3 7 95
13 21 69
2 15 82
9 14 53
5 25 54
1 24 94
3 8 50
2 5 43
2 100
1 2 32
1 2 27
1 2 61
1 2 28
1 2 75
1 2 79
1 2 24
1 2 47
1 2 2
1 2 18
1 2 60
1 2 83
1 2 6
1 2 47
1 2 67
1 2 86
1 2 85
1 2 42
1 2 99
1 2 75
1 2 62
1 2 87
1 2 45
1 2 52
1 2 92
1 2 77
1 2 68
1 2 87
1 2 66
1 2 100
1 2 74
1 2 30
1 2 99
1 2 67
1 2 28
1 2 50
1 2 40
1 2 40
1 2 58
1 2 1
1 2 46
1 2 32
1 2 91
1 2 45
1 2 44
1 2 61
1 2 53
1 2 96
1 2 22
1 2 81
1 2 55
1 2 75
1 2 63
1 2 11
1 2 76
1 2 11
1 2 89
1 2 57
1 2 37
1 2 46
1 2 34
1 2 88
1 2 54
1 2 44
1 2 87
1 2 98
1 2 10
1 2 38
1 2 72
1 2 29
1 2 73
1 2 32
1 2 98
1 2 100
1 2 22
1 2 41
1 2 61
1 2 44
1 2 36
1 2 21
1 2 9
1 2 5
1 2 56
1 2 84
1 2 47
1 2 12
1 2 37
1 2 22
1 2 66
1 2 41
1 2 59
1 2 40
1 2 23
1 2 41
1 2 14
1 2 72
1 2 41
1 2 16
1 2 86
1 2 67
10 2
1 7 2
6 9 1
100 100
98 99 99
6 38 87
58 98 29
14 26 97
40 47 16
13 31 73
47 49 77
23 50 24
59 70 41
64 78 98
56 86 51
70 76 36
21 25 42
51 82 38
87 93 89
60 91 83
69 95 51
57 99 55
60 97 47
61 64 6
71 93 88
74 81 27
11 18 42
18 42 46
4 35 63
75 92 37
35 49 2
55 100 30
56 66 49
12 17 14
32 40 48
73 90 81
41 42 33
9 41 11
76 97 75
23 43 99
2 25 10
66 99 68
1 3 50
10 45 60
61 73 77
1 39 16
55 61 96
82 94 76
2 22 38
83 89 8
75 80 9
29 47 94
64 74 90
6 31 62
63 77 2
43 45 73
35 50 12
9 27 2
37 45 51
12 19 73
9 48 19
73 81 45
58 66 27
15 27 56
22 40 58
71 83 93
20 42 41
73 88 31
36 48 61
63 76 62
57 74 33
76 78 21
91 99 19
57 84 37
21 30 25
5 47 73
37 47 28
55 76 64
75 78 85
68 100 43
10 27 90
20 41 56
16 43 5
89 94 79
18 47 18
56 63 59
52 98 36
58 90 48
6 46 87
15 43 59
68 73 12
56 64 2
83 98 92
56 60 50
11 32 24
4 50 95
40 50 86
32 40 55
1 35 18
51 81 95
24 37 49
32 41 87
19 35 19
76 86 50
62 17
36 42 41
8 27 82
32 60 90
1 62 93
7 40 72
17 57 35
4 47 97
7 45 41
10 22 15
28 32 68
40 54 83
23 49 16
5 58 10
25 54 10
3 33 34
2 50 65
3 50 65
77 25
4 47 10
66 69 93
10 57 60
28 49 14
29 30 56
31 67 16
60 72 47
56 64 22
8 70 16
4 22 87
20 77 88
38 64 31
2 40 51
2 32 63
23 62 12
34 54 74
4 36 83
29 71 10
14 74 7
24 54 8
13 55 42
34 39 36
8 42 42
12 32 44
4 75 50
24 34
14 22 85
11 16 45
3 20 32
2 9 17
16 24 2
6 9 97
1 4 6
1 20 52
18 20 46
5 15 36
12 22 64
13 19 16
2 17 72
3 23 8
3 20 39
15 20 75
5 18 52
7 10 9
5 13 76
5 22 3
1 18 44
6 14 93
12 17 2
8 22 84
17 23 22
18 23 99
16 23 10
11 20 39
13 17 71
6 12 46
22 24 5
8 21 92
15 18 93
11 16 21
6 2
1 3 1
3 6 1
63 67
19 29 80
24 25 65
4 32 44
16 37 84
39 51 4
49 56 73
41 49 5
17 18 74
17 58 97
37 42 32
8 56 60
16 21 97
5 37 89
37 44 48
17 27 29
21 39 27
5 43 85
11 42 66
26 37 55
20 53 75
25 58 32
9 61 11
18 39 43
20 32 66
9 10 69
11 43 84
14 62 75
16 33 28
8 55 92
38 50 26
1 20 12
5 29 38
13 39 5
13 40 78
25 35 65
33 63 27
4 56 41
17 36 74
7 21 23
35 53 38
1 42 54
24 44 63
42 48 1
51 63 53
10 32 17
19 63 65
31 59 73
13 17 1
2 36 74
48 61 61
14 25 60
24 28 75
19 58 56
17 49 29
5 37 53
3 19 79
2 18 1
11 33 52
54 63 50
24 30 71
36 44 70
8 32 1
5 42 52
6 15 59
61 63 75
40 54 85
7 38 1
100 100
2 88 70
21 57 42
20 68 86
35 91 65
29 84 77
17 97 78
16 68 34
25 66 79
36 75 67
37 68 56
22 94 74
8 95 36
29 68 86
34 85 79
1 98 11
48 68 4
47 74 19
19 76 95
46 76 71
45 95 81
44 87 99
37 61 86
13 60 2
14 67 42
45 53 73
8 91 72
23 58 96
14 55 8
19 100 53
39 76 80
18 51 15
24 60 40
1 69 85
37 91 10
37 72 38
29 51 87
50 66 69
45 52 12
49 65 51
20 100 53
13 91 88
45 62 99
13 70 23
25 70 13
26 65 25
22 87 55
41 56 34
3 87 89
30 77 53
41 79 37
23 64 46
13 58 13
37 79 62
38 77 22
22 99 31
14 96 19
47 97 45
32 60 34
36 55 46
47 57 63
7 90 46
14 77 2
17 60 61
37 69 62
3 90 35
7 52 3
11 62 3
5 62 92
30 76 12
41 67 87
23 99 56
49 64 21
35 98 91
48 92 97
26 72 22
35 84 90
22 51 70
14 67 72
7 99 3
11 66 26
19 60 9
44 75 72
18 52 79
47 81 93
10 54 51
43 73 91
31 58 62
13 68 15
10 94 51
11 93 46
44 89 36
5 70 62
27 98 52
13 79 73
44 64 63
27 62 50
28 84 29
46 82 14
42 54 41
7 81 93
16 83
3 11 15
6 7 8
2 4 60
3 11 41
1 4 5
4 8 77
14 16 76
6 16 26
1 6 63
5 16 77
5 14 29
2 10 22
13 16 62
7 10 96
8 13 84
3 4 90
5 7 18
5 14 10
14 15 33
2 6 8
7 12 60
1 10 51
8 12 83
2 7 82
1 10 99
10 13 12
9 12 89
13 15 100
7 16 10
1 12 97
1 7 16
7 14 66
5 14 41
2 8 13
5 12 92
2 3 59
1 8 60
9 11 42
5 15 24
2 12 50
10 15 81
2 8 34
1 8 24
3 14 47
3 13 61
5 13 69
10 13 57
3 12 95
9 11 54
3 13 80
2 14 59
3 13 63
6 7 4
4 15 76
1 8 98
6 7 18
3 13 39
2 8 98
6 9 26
11 12 9
1 11 64
9 15 6
9 13 4
7 15 42
1 6 48
5 8 84
3 15 44
12 13 84
11 15 93
3 7 32
13 15 99
1 7 27
5 7 52
7 12 47
7 8 47
5 13 50
6 15 92
12 16 24
2 16 2
13 15 7
6 15 35
6 14 83
4 13 65
74 91
1 15 59
8 61 61
49 62 46
7 52 62
5 36 8
12 71 59
6 50 39
15 21 38
1 28 41
18 26 15
35 73 19
18 69 5
53 70 40
5 11 86
25 41 32
61 67 34
20 45 80
2 27 82
32 66 1
46 66 29
31 52 7
25 44 57
10 68 32
18 73 8
2 40 75
44 57 75
63 74 53
13 57 76
15 59 65
54 65 28
18 40 55
36 67 81
9 65 60
13 27 66
46 58 8
55 66 71
30 34 74
49 52 63
4 63 31
64 68 25
44 45 20
12 30 70
24 65 57
38 60 71
15 30 10
11 51 21
16 73 57
17 42 14
29 70 65
29 32 76
14 26 35
58 67 60
3 12 28
18 66 8
33 38 54
4 56 58
15 32 1
2 53 42
30 57 39
32 36 63
9 21 6
3 34 61
42 55 11
2 14 66
34 70 62
2 34 76
36 57 81
2 18 7
18 32 35
14 50 15
1 5 56
31 64 54
57 58 91
19 67 33
10 12 39
52 55 20
23 57 49
10 38 81
35 37 55
17 66 91
67 72 20
4 64 42
51 73 81
50 65 30
47 56 54
12 54 8
48 70 62
32 57 91
15 34 32
31 56 17
10 25 64
6 2
1 3 2
4 6 1
87 50
58 84 24
20 77 79
53 67 8
35 69 42
32 66 12
32 85 93
21 47 88
18 51 34
44 87 53
23 30 81
8 29 93
28 44 69
70 71 7
32 41 66
51 66 57
16 21 73
6 63 37
10 20 7
2 23 11
31 56 17
73 83 37
1 3 69
21 86 64
12 57 40
16 78 86
30 87 37
28 43 88
25 41 77
49 74 94
37 74 37
54 87 38
50 73 84
28 29 3
27 80 63
47 72 89
18 65 42
4 67 2
55 67 76
44 77 49
62 78 38
9 62 44
42 43 11
15 36 20
56 60 16
22 67 2
28 35 30
46 51 7
9 24 79
30 80 48
3 27 84
64 1
21 53 32
33 42
11 24 33
4 24 23
10 20 100
17 31 69
1 11 67
17 22 70
21 33 47
3 14 25
9 11 73
10 13 39
3 12 37
3 9 97
8 26 66
7 25 27
1 14 68
7 22 66
23 24 19
9 15 62
5 13 76
14 32 41
29 32 96
19 33 77
1 23 22
2 20 57
13 18 48
3 8 54
19 29 67
17 22 82
11 28 63
4 24 44
7 29 11
12 23 44
5 28 87
13 18 67
2 17 89
12 22 20
23 33 42
4 28 35
14 30 96
7 8 74
2 33 30
17 30 18
51 75
31 38 40
39 51 74
28 40 16
27 44 40
31 44 96
19 37 20
24 26 23
14 31 20
8 42 12
2 25 2
35 47 82
34 48 5
18 35 26
16 31 39
31 46 9
20 41 42
24 30 12
48 50 48
26 44 70
11 48 87
42 46 68
8 28 92
20 34 18
19 42 76
2 37 25
16 44 54
2 16 80
14 31 13
19 50 23
3 44 42
17 25 21
23 35 72
23 25 35
20 32 43
13 18 6
5 40 68
6 9 68
14 29 80
1 4 28
8 50 42
37 38 37
34 49 94
21 40 93
31 34 22
3 16 63
14 23 21
6 45 1
34 37 58
34 45 6
27 48 63
28 44 8
33 50 59
24 46 60
24 49 88
36 42 6
4 19 66
4 34 2
1 39 10
14 18 100
44 45 78
35 37 37
6 47 85
1 38 4
38 43 71
27 50 9
32 47 25
5 19 71
29 32 74
20 47 93
21 24 44
37 50 91
32 45 43
24 35 64
3 27 63
3 23 3
