1
100 3 5 7
20 20 1 1 5 20 1
5 1 15 10 6 1 1
16 2 4 8 8 16 4
15 12 4 4 4 1 15
15 25 15 15 3 3 75
1 9 36 9 1 3 12
6 1 2 12 6 1 6
32 2 2 16 4 16 32
6 2 24 1 12 4 4
4 2 12 2 2 12 24
48 4 1 3 12 4 16
1 15 1 10 2 5 1
8 12 12 6 4 1 4
2 8 12 1 3 6 2
5 4 20 1 5 80 16
3 1 2 3 3 10 3
8 4 2 4 2 2 20
20 20 5 100 4 100 5
24 2 12 2 24 12 1
10 5 2 50 5 2 5
1 20 25 5 100 1 5
6 6 10 10 5 6 15
15 25 25 25 3 15 15
10 20 2 1 2 1 4
1 10 10 3 5 3 15
12 12 4 6 2 2 1
10 10 50 2 50 5 25
15 5 15 1 15 1 15
4 24 3 3 2 24 8
4 5 5 1 20 8 5
1 9 4 12 9 1 12
3 15 1 15 5 15 1
12 16 12 12 16 4 16
4 4 1 2 1 32 1
8 20 2 4 40 20 2
10 4 40 1 2 4 4
4 4 2 2 2 4 2
4 4 3 16 12 12 4
4 1 1 8 1 8 4
6 1 2 6 30 5 15
4 2 6 24 8 6 6
60 20 20 20 20 60 60
10 8 1 2 10 2 20
15 5 1 30 6 2 1
15 15 3 1 75 5 25
3 3 5 9 15 15 3
6 1 6 6 9 6 9
45 3 15 5 9 3 15
15 3 3 45 9 9 45
5 3 10 1 5 15 15
1 2 6 2 2 4 6
4 1 1 2 16 8 2
12 12 48 4 48 4 12
40 10 5 4 8 20 2
20 15 60 60 1 12 5
15 15 45 15 3 3 1
4 4 2 1 40 5 8
12 15 3 15 4 3 12
2 15 6 30 3 10 10
1 15 2 10 3 15 30
6 1 4 2 3 4 4
18 2 9 1 1 6 3
5 4 4 40 10 4 4
16 4 2 8 8 2 1
12 3 1 4 1 3 12
3 6 2 2 2 3 18
25 125 25 5 5 25 5
15 3 3 3 3 15 5
16 2 1 2 8 4 1
5 5 25 5 5 25 25
60 60 4 4 4 1 5
5 5 4 20 5 4 25
9 3 36 1 36 12 1
1 6 5 3 1 10 2
1 15 3 5 15 1 5
10 10 5 5 2 10 2
20 5 5 100 100 1 5
1 16 20 1 16 20 20
2 6 6 6 3 12 12
2 4 3 24 12 6 6
3 1 1 60 12 60 5
75 5 75 1 5 1 25
1 15 4 20 15 3 15
2 40 1 2 4 4 40
1 3 3 15 3 5 75
5 15 2 3 15 2 15
1 1 5 5 6 15 1
5 5 75 1 3 75 5
3 3 3 15 1 15 3
20 10 10 10 2 1 20
5 10 10 1 5 1 3
2 25 2 1 10 2 5
15 1 4 60 1 15 3
3 12 24 6 12 4 24
20 4 5 16 20 1 5
15 5 15 75 75 15 5
8 1 8 1 12 24 4
2 15 3 30 2 30 5
15 5 4 1 12 5 12
4 2 5 2 20 4 10
