100
100 198.0515 49.1811
1570.5141 90.0825
1913.1459 4.0022
7425.9323 95.8904
9865.2114 97.5620
1499.7551 2.7522
5620.2112 99.3327
2144.5710 92.1490
6841.0337 94.9946
5426.5243 92.8010
2305.9251 97.7736
8826.0400 96.4460
6826.0966 2.2859
4227.0814 7.4483
7679.5210 8.5862
9446.3837 2.9079
46.5913 7.0839
7410.3154 98.1168
5708.8004 95.7051
1605.3407 97.5266
628.4817 97.7212
3337.1485 8.0168
1037.7040 96.2272
270.2257 94.0543
8464.7746 92.1473
9769.8409 93.8528
5833.5232 99.4272
1985.0607 8.5664
4281.4739 9.1820
2429.2203 3.6743
6257.5459 94.6996
4238.1599 4.0694
3073.7345 1.6809
8983.4425 95.3631
897.6223 9.0583
4551.3227 94.3371
6814.9497 8.9034
7118.2994 8.2263
5626.9267 0.3049
8187.2962 6.4035
8948.2992 8.3868
3435.0457 94.2558
6413.8304 8.4107
9875.7353 7.1078
2473.8856 6.6987
1657.6793 98.1446
594.9169 98.3181
9225.2842 1.9634
7893.3706 1.1193
9562.4822 96.2447
3673.9981 91.7876
4720.7419 90.8916
6130.7701 7.2205
1621.7147 1.5216
4984.2868 5.8335
2869.3289 93.1769
4875.9814 96.6827
2959.2815 96.8517
2274.2754 98.7438
3394.3891 9.2009
2063.8567 6.8679
1954.7956 92.1528
9896.8199 92.1212
441.8183 7.0770
9915.7050 0.5515
9889.5562 8.2382
5312.4654 6.2898
3976.1175 94.0302
5549.8288 95.7017
9040.4722 6.6712
5053.8169 93.0927
4979.2408 91.5070
2140.3987 91.1764
1068.8779 4.4518
7459.8924 98.9910
9286.9526 9.5417
2709.1974 7.8092
1121.2643 0.1119
4182.2782 98.3731
6844.4612 93.5458
6587.4567 6.0463
1299.7323 99.1652
7732.8664 1.8343
8277.6300 1.9198
8926.2969 97.7853
7456.7859 90.5361
4921.6138 95.3740
2338.9598 1.5625
3818.8978 4.3498
7369.3253 94.9569
1648.6268 4.9929
5589.4815 90.7169
3987.8424 8.2114
5768.7885 0.3479
4223.9399 97.0234
8147.3096 10.0953
1462.2231 90.0920
5337.9564 6.9642
3111.0362 92.8821
6800.7836 9.2932
4443.8690 2.5272
83 1064.7506 1.0419
1106.5757 68.2957
744.2117 26.3386
4155.1558 71.6059
7241.6668 39.8707
7686.5413 98.5142
9823.1937 44.3308
783.4393 46.3157
7450.7253 57.5795
7194.1399 71.9170
8855.3068 98.4251
8031.3493 74.8738
6563.2232 54.1726
8.6759 75.7213
5171.3770 60.5110
9093.8286 46.7189
3209.0537 77.8125
6559.7877 54.9024
8617.1572 26.8924
6332.4754 65.0830
1706.6029 4.5224
1337.6971 56.5311
5436.4294 41.6722
9176.3529 6.7662
9400.6659 23.8688
3738.3027 1.0429
7071.8296 72.3870
2383.8031 44.4704
1594.1379 48.9696
4853.1586 73.3162
3051.8012 72.4463
1056.3361 34.8673
1806.0128 58.3203
3964.1685 85.5467
7035.6046 60.8807
4252.6461 85.8243
6014.7392 24.5091
7551.1414 52.6591
7691.2716 72.1344
2503.8349 16.8896
4574.8836 92.1363
3811.4506 26.5752
2513.1582 36.0362
1538.8926 94.9117
5207.0937 49.0012
3043.7297 31.3161
4159.2095 41.0718
9049.8419 65.9628
574.1639 77.1193
6974.8689 78.0097
354.1984 5.7347
970.4964 84.4801
988.2999 13.5080
1638.1704 93.3599
962.3205 68.5031
7961.3549 96.9069
1650.7147 75.6614
4709.6461 61.6572
2627.9066 81.3529
1473.8912 21.7348
2425.6723 79.7422
1172.2488 21.4099
6698.4495 69.4605
3161.9522 13.5050
3457.5915 87.5029
2332.2092 77.1262
417.1211 12.6378
9894.0031 71.0095
1591.8576 32.0903
8323.8502 85.3384
3889.7662 25.7737
7269.7855 98.8681
809.2837 88.0582
7550.0427 41.6742
2446.8938 44.3249
3377.1479 82.3266
7480.5212 67.9996
574.9916 47.6101
3638.1113 37.2615
2176.5950 3.1553
2936.0557 7.2355
1998.5038 83.9734
97.8304 3.3170
6321.8944 43.6692
2 0.0001 0.1001
0.0001 0.1000
0.0001 0.1003
24 9999.9993 96.9904
9999.9996 42.1301
9999.9991 16.6189
6112.7684 8.7435
0.0001 32.9830
9999.9992 88.1391
9999.9997 88.8418
9999.9999 71.0987
7195.0722 82.8177
149.8870 79.0471
0.0006 72.4365
1257.1288 65.7320
9999.9993 58.0042
0.0004 57.0764
452.0018 65.4890
9130.7069 30.8481
0.0002 36.3011
0.0004 93.0381
4863.3636 24.9843
8191.0178 96.9904
0.0010 54.7493
0.0002 80.7461
9999.9993 53.1103
9999.9993 45.5149
0.0006 71.0173
91 0.0008 99.7592
9999.9997 7.2456
10000.0000 87.2488
9999.9992 69.9522
10000.0000 68.3765
9999.9992 6.3927
9999.9992 94.3676
9999.9993 77.7156
9999.9998 50.9996
9999.9998 35.9465
9999.9997 12.9476
9999.9991 1.7422
9999.9999 5.0435
9999.9998 65.8892
9999.9992 64.6004
9999.9996 43.1221
9999.9992 88.8203
9999.9999 48.1427
9999.9999 10.1920
9999.9997 20.9130
9999.9991 14.9611
9999.9993 57.3099
9999.9991 9.4042
9999.9994 8.2896
9999.9994 75.8383
9999.9997 52.5737
9999.9992 54.2714
9999.9996 32.3132
9999.9996 94.9597
9999.9993 6.2191
9999.9998 53.7440
9999.9990 42.7198
9999.9996 97.2019
9999.9992 10.1280
9999.9992 31.7439
9999.9991 7.3817
9999.9998 29.7225
9999.9994 27.7854
9999.9999 45.4666
9999.9993 43.5058
9999.9996 37.4461
9999.9991 65.0426
9999.9993 10.6567
9999.9990 22.4153
9999.9993 24.9333
9999.9990 96.6635
9999.9997 62.8527
9999.9991 56.5784
9999.9998 54.2019
10000.0000 96.5569
9999.9997 88.9420
9999.9994 15.5565
9999.9997 79.1551
9999.9998 14.0039
9999.9993 27.7909
9999.9996 72.0495
9999.9994 75.7349
9999.9997 21.7623
9999.9996 67.9384
9999.9995 65.8533
9999.9997 53.9683
9999.9992 61.3200
9999.9994 99.7592
9999.9999 85.0847
9999.9995 60.9876
9999.9994 57.6017
9999.9993 36.4373
9999.9993 64.6235
9999.9996 8.7434
9999.9995 85.6612
9999.9999 4.3783
9999.9992 4.4373
9999.9998 68.5411
9999.9992 34.9923
9999.9999 36.4119
9999.9992 54.4077
9999.9994 74.9883
9999.9998 3.2855
9999.9995 4.7478
9999.9993 58.9483
9999.9998 61.2197
9999.9996 13.9647
9999.9996 91.2720
9999.9998 33.5317
9999.9995 77.2667
9999.9995 5.0819
9999.9991 36.2069
9999.9993 35.8373
9999.9996 79.4638
9999.9995 47.3316
9999.9999 97.4232
10000.0000 40.5898
14 475.4576 99.2514
8484.0227 9.4571
7402.1340 98.7405
3486.4114 1.2955
5997.2587 99.3046
5488.8172 99.1933
1479.7593 95.1021
9971.7029 97.8704
1890.0249 5.6733
2372.8854 8.6321
1212.3572 95.2239
3225.0501 3.2444
3722.3558 9.7239
3976.2484 90.4055
627.3102 7.5593
72 0.0010 1.3502
9999.9991 5.5588
4465.5437 84.6668
10000.0000 67.4096
342.9419 31.9628
9999.9996 49.3440
9999.9999 92.0424
0.0011 18.7138
9999.9998 62.2326
0.0002 16.3264
9071.9525 16.5105
1813.7636 90.2512
0.0002 15.4895
9999.9996 21.9553
6676.4238 82.3685
9999.9993 86.3890
9999.9991 31.2923
9999.9995 79.8785
9999.9991 70.9756
0.0004 92.2716
9719.3000 61.5906
9999.9991 24.8197
9999.9993 78.7315
0.0002 42.3015
9999.9991 84.9986
0.0002 76.8163
1444.4243 54.3901
969.9035 11.0732
0.0008 56.6698
4345.8404 80.0421
9999.9999 17.9823
9999.9994 53.2608
9999.9995 51.4973
3600.9902 54.3251
0.0011 51.6845
1283.7196 97.6421
3818.8813 99.6341
2224.5947 50.8796
0.0004 43.0759
9999.9991 91.4487
0.0010 29.8009
0.0004 35.4907
1878.6029 83.7489
7307.1601 42.8511
0.0003 25.5871
2729.8551 95.0379
0.0004 41.2250
0.0007 35.6233
1636.6724 80.9322
0.0010 1.3502
0.0001 26.1506
949.4760 56.5919
0.0003 79.0760
9066.4747 12.1822
0.0010 76.6813
9999.9998 61.8566
9999.9991 25.5700
9433.5156 69.8245
9999.9998 32.6620
6753.7171 72.9078
0.0008 60.3770
3739.8182 93.7810
0.0009 33.2668
1348.2434 12.0654
0.0008 92.9301
9999.9997 84.3746
10000.0000 21.0170
9999.9991 70.6703
0.0002 10.5110
0.0006 29.2560
6179.6804 87.8518
9999.9997 93.0429
0.0008 24.6790
2 30.0000 65.4321
0.0001 50.0000
100.0000 99.9000
64 2298.7474 1.8707
9999.9999 9.3303
9999.9990 96.4774
9999.9997 6.0690
0.0007 7.7609
0.0006 6.7273
9999.9994 94.5836
0.0009 95.6517
9999.9996 99.0366
0.0008 9.1667
9999.9999 8.4254
9999.9993 90.7269
0.0002 1.9054
10000.0000 0.3667
9999.9992 90.2028
0.0005 93.6513
0.0002 94.6698
9999.9993 98.0188
0.0010 98.1861
0.0007 90.3761
0.0004 4.3133
9999.9995 3.9409
0.0003 1.1689
0.0005 1.3583
0.0003 4.9683
0.0009 5.6219
10000.0000 7.3417
9999.9992 0.5723
9999.9995 1.3530
0.0010 1.9683
9999.9994 90.6757
0.0004 9.9305
0.0002 97.9210
9999.9992 8.4134
0.0002 8.9208
9999.9997 9.1741
0.0009 8.3468
9999.9992 93.8746
9999.9992 94.8092
0.0010 93.2755
9999.9991 93.5803
0.0005 0.1613
9999.9999 98.0518
0.0008 8.5946
0.0007 6.1039
9999.9993 90.0078
0.0005 91.7515
0.0002 93.0402
9999.9996 97.4166
0.0008 94.1312
9999.9999 1.8298
9999.9991 6.8766
0.0008 92.7897
9999.9991 90.7506
9999.9996 94.1556
0.0004 97.0835
0.0009 91.5440
0.0004 96.5247
9999.9999 95.6018
0.0008 7.5943
9999.9998 1.4188
9999.9990 1.9225
0.0006 96.7954
10000.0000 5.2748
9999.9991 3.5619
78 0.0005 0.6052
9999.9990 23.3275
0.0008 12.1531
0.0006 8.3411
9999.9997 22.8335
9999.9997 59.8410
9999.9998 93.6582
0.0003 42.4400
9999.9997 48.7172
0.0010 54.5759
9999.9991 4.9884
9999.9991 82.6426
9999.9993 84.8207
0.0009 9.8839
0.0009 78.2734
9999.9992 77.1700
0.0002 9.2661
0.0008 82.3224
0.0009 92.9217
0.0006 79.7135
0.0010 72.6787
9999.9996 66.1131
9999.9999 11.7846
0.0001 0.6043
10000.0000 74.6461
0.0008 22.2918
9999.9992 47.1298
9999.9996 16.0173
9999.9995 16.4081
0.0009 51.4847
9999.9993 60.3635
0.0008 22.8757
9999.9996 88.1952
9999.9993 87.2067
0.0007 21.8525
0.0001 93.1324
9999.9994 48.3751
9999.9999 87.1683
0.0011 22.0923
9999.9998 6.9983
9999.9999 97.6858
9999.9999 85.1373
9999.9995 62.9489
9999.9994 1.2148
9999.9999 69.3664
0.0003 58.7220
0.0004 46.2382
0.0009 90.7708
0.0008 74.4917
9999.9992 11.6852
0.0004 63.7382
9999.9996 88.8707
9999.9990 68.8332
9999.9997 44.6165
9999.9997 82.6207
0.0005 76.1120
0.0001 71.7494
0.0007 40.4029
0.0007 76.0862
9999.9998 90.0822
9999.9999 25.1609
0.0010 12.5667
0.0003 19.9796
9999.9996 86.7520
9999.9992 34.3002
0.0007 10.0982
0.0007 56.7524
0.0007 70.2090
0.0011 38.1691
9999.9992 35.7379
0.0001 5.0884
0.0004 42.9517
0.0004 13.4369
9999.9996 2.7635
0.0008 35.7573
9999.9992 4.6298
9999.9997 24.1262
0.0002 28.7522
0.0004 59.8877
14 9999.9999 99.2823
0.0007 75.2122
0.0010 51.0645
0.0010 15.7042
0.0009 15.7721
0.0006 22.5464
0.0007 6.3411
0.0004 7.9887
0.0004 73.8765
0.0010 53.4273
0.0009 21.9765
0.0008 99.4575
0.0008 80.2750
0.0002 28.0885
0.0011 14.2064
49 0.0007 84.8363
0.0009 70.0325
0.0010 58.4594
0.0005 24.1904
0.0002 83.3937
0.0004 12.8256
0.0004 80.6966
0.0002 36.1761
0.0006 3.3823
0.0007 6.1493
0.0006 87.6889
0.0009 44.3695
0.0002 92.8535
0.0006 50.1190
0.0008 51.7966
0.0008 92.2044
0.0006 58.7700
0.0005 5.5271
0.0005 2.7941
0.0007 97.3250
0.0004 44.9822
0.0009 7.2654
0.0003 76.5079
0.0008 57.0612
0.0004 85.4248
0.0003 36.5249
0.0010 9.9110
0.0002 84.8363
0.0004 63.6299
0.0011 56.2976
0.0002 40.3433
0.0002 67.2822
0.0010 58.3513
0.0005 98.8444
0.0002 57.0949
0.0005 69.2783
0.0011 41.5610
0.0003 73.3680
0.0008 51.7416
0.0005 69.0870
0.0006 88.4010
0.0001 5.5746
0.0006 15.6406
0.0011 20.9559
0.0004 70.9464
0.0010 1.2474
0.0008 96.5742
0.0004 32.9043
0.0005 87.1384
0.0007 71.5876
44 9999.9990 2.0142
9999.9997 24.4040
9999.9996 23.5339
9999.9996 4.5704
10000.0000 12.1745
9999.9996 35.3034
9999.9998 31.1096
9999.9992 24.3273
9999.9991 75.5011
9999.9999 78.7643
9999.9999 12.2068
9999.9998 4.9875
9999.9991 71.0281
9999.9999 2.0142
9999.9990 11.4536
9999.9998 79.2963
9999.9994 89.5814
9999.9992 41.5704
9999.9991 47.3067
9999.9996 8.7636
9999.9999 2.2259
9999.9994 39.0790
9999.9997 59.8817
9999.9999 93.7100
9999.9996 93.8116
9999.9992 53.1169
9999.9997 32.8877
9999.9991 4.4290
9999.9997 79.0839
9999.9991 22.6311
9999.9993 66.3973
9999.9993 14.2794
9999.9993 73.5539
9999.9995 66.9019
9999.9991 22.4901
9999.9994 67.5059
9999.9994 24.3028
9999.9995 78.7707
9999.9999 38.0588
9999.9990 6.5377
10000.0000 74.0236
9999.9991 19.4829
9999.9992 83.7320
9999.9992 35.3298
9999.9995 22.1554
43 9999.9996 3.0072
0.0010 12.0133
0.0007 34.2875
0.0007 21.6749
0.0004 20.2926
9999.9994 33.8563
9999.9997 49.1562
9999.9991 70.2994
0.0001 23.4971
9999.9992 77.4769
0.0009 32.3530
0.0001 88.1117
9999.9993 70.5796
0.0001 95.9309
0.0002 77.8246
0.0002 4.2790
9999.9994 38.7171
9999.9993 27.1405
10000.0000 11.8277
9999.9999 51.5126
0.0002 71.3210
9999.9996 29.7342
9999.9997 16.4519
0.0007 92.0308
9999.9997 15.7484
9999.9998 48.3118
9999.9992 3.0033
9999.9999 22.0520
0.0004 27.3682
0.0009 20.8002
0.0008 7.9966
0.0009 50.5277
0.0001 52.3536
9999.9991 74.6487
9999.9993 71.8901
0.0007 57.7566
0.0005 12.3007
9999.9993 91.7562
9999.9991 54.6446
9999.9994 59.1168
9999.9997 12.9643
0.0002 78.6561
0.0002 26.8876
0.0005 31.5058
64 0.0010 51.0973
9999.9996 1.8529
9999.9995 30.1132
9999.9991 36.8932
9999.9998 4.1131
9999.9991 77.6197
9999.9993 87.1117
9999.9999 19.8355
10000.0000 3.1657
9999.9993 15.2208
9999.9998 78.1888
9999.9995 37.7272
9999.9993 25.5670
9999.9997 46.5351
9999.9996 76.5978
9999.9999 22.5585
9999.9997 65.4108
9999.9993 11.1933
9999.9992 51.0973
9999.9991 12.1778
9999.9997 96.4302
9999.9996 44.0880
9999.9993 78.3671
9999.9993 53.8619
10000.0000 66.1481
9999.9995 37.7239
9999.9999 56.2939
9999.9994 30.1445
9999.9997 11.2219
9999.9999 34.7673
9999.9993 98.3671
9999.9994 79.0694
9999.9997 21.1475
9999.9994 47.9326
9999.9996 88.5478
9999.9992 33.5716
9999.9995 49.4309
9999.9998 16.0977
9999.9999 83.4650
9999.9991 86.1012
9999.9994 41.5673
9999.9997 14.1750
9999.9993 60.1528
9999.9992 28.8766
9999.9992 31.8531
9999.9996 19.3921
9999.9997 76.5443
9999.9996 72.5207
9999.9998 75.6842
9999.9996 86.9476
9999.9990 93.8013
9999.9993 3.8861
9999.9990 66.2031
9999.9999 18.3793
9999.9993 57.7699
9999.9999 52.6592
9999.9999 24.3888
9999.9990 62.1851
9999.9998 5.5574
9999.9993 3.4626
9999.9992 61.1787
9999.9998 30.4835
9999.9993 3.6647
9999.9992 17.8179
9999.9992 92.4137
54 0.0007 47.1011
0.0010 73.0978
0.0010 89.3451
0.0008 21.1006
0.0003 29.1129
0.0011 61.2664
0.0010 25.0523
0.0003 65.6550
0.0009 92.6570
0.0001 31.5600
0.0008 76.7920
0.0001 92.0570
0.0003 82.8173
0.0005 64.8241
0.0006 78.5477
0.0007 57.7323
0.0007 91.4299
0.0006 38.1832
0.0010 87.5545
0.0006 79.9889
0.0004 89.7828
0.0007 32.8227
0.0005 10.2093
0.0010 33.9904
0.0002 27.7284
0.0002 21.7902
0.0005 23.5437
0.0005 0.6359
0.0009 60.7646
0.0001 6.3609
0.0010 79.2458
0.0004 75.2244
0.0004 38.9219
0.0011 42.4338
0.0001 64.6716
0.0009 54.6256
0.0010 53.4753
0.0006 55.4262
0.0002 35.5881
0.0006 39.0581
0.0008 22.8379
0.0009 11.8749
0.0010 46.9698
0.0005 3.7817
0.0008 45.9000
0.0009 5.4732
0.0004 22.9172
0.0003 38.7383
0.0009 57.6977
0.0007 21.8356
0.0010 1.6101
0.0005 2.2245
0.0009 74.0332
0.0007 10.1444
0.0010 92.3469
2 100.0000 65.1587
99.9999 65.1586
0.0001 65.1587
17 0.0001 49.3486
5132.9842 43.8810
6900.6158 61.9893
3596.2715 60.3046
7948.3981 31.8077
5838.9650 7.7290
8352.5653 41.4641
24.1445 3.5538
4205.7894 68.8365
9320.0614 68.0850
1573.2725 95.2978
2124.3610 15.2889
679.3490 3.1887
6403.0963 96.7280
1821.9710 58.3384
8192.7774 77.6506
7339.5357 1.9693
7034.7298 45.6222
44 9999.9997 97.4878
10000.0000 86.3044
0.0003 41.4345
9999.9994 56.2018
9999.9994 4.3041
9999.9994 43.4396
0.0004 28.3454
9999.9996 75.2627
9999.9997 10.7048
9999.9995 76.3316
9999.9997 44.3207
0.0004 79.4177
9999.9990 41.2945
0.0003 64.7747
9999.9991 79.2682
0.0005 46.9989
9999.9997 39.0398
0.0007 68.0926
9999.9996 27.3419
0.0010 20.0737
0.0009 2.2163
0.0005 55.9053
9999.9996 25.7859
0.0003 67.9835
9999.9998 92.6909
0.0008 65.7884
0.0007 97.4873
0.0005 79.0668
9999.9998 61.5347
0.0003 41.9849
9999.9995 86.6333
0.0001 12.3422
9999.9995 61.5150
0.0002 93.7212
9999.9999 85.2616
0.0002 92.2261
9999.9991 21.6682
9999.9998 70.3542
0.0005 97.2710
9999.9997 42.5264
9999.9994 94.7411
0.0004 67.5873
0.0007 36.2419
0.0005 32.4909
0.0009 18.8828
100 8831.7408 66.0213
0.0002 66.0213
0.0005 66.0213
0.0051 66.0213
0.0040 66.0213
0.0080 66.0213
0.0027 66.0213
0.0008 66.0213
0.0083 66.0213
0.0089 66.0213
0.0022 66.0213
0.0065 66.0213
0.0062 66.0213
0.0098 66.0213
0.0017 66.0213
0.0087 66.0213
0.0063 66.0213
0.0093 66.0213
0.0011 66.0213
0.0039 66.0213
0.0077 66.0213
0.0035 66.0213
0.0047 66.0213
0.0069 66.0213
0.0075 66.0213
0.0050 66.0213
0.0041 66.0213
0.0088 66.0213
0.0100 66.0213
0.0067 66.0213
0.0060 66.0213
0.0010 66.0213
0.0091 66.0213
0.0079 66.0213
0.0057 66.0213
0.0095 66.0213
0.0014 66.0213
0.0094 66.0213
0.0032 66.0213
0.0096 66.0213
0.0019 66.0213
0.0007 66.0213
0.0024 66.0213
0.0073 66.0213
0.0021 66.0213
0.0078 66.0213
0.0016 66.0213
0.0072 66.0213
0.0066 66.0213
0.0049 66.0213
0.0056 66.0213
0.0023 66.0213
0.0048 66.0213
0.0074 66.0213
0.0068 66.0213
0.0058 66.0213
0.0059 66.0213
0.0086 66.0213
0.0092 66.0213
0.0033 66.0213
0.0045 66.0213
0.0018 66.0213
0.0085 66.0213
0.0030 66.0213
0.0046 66.0213
0.0076 66.0213
0.0099 66.0213
0.0012 66.0213
0.0064 66.0213
0.0028 66.0213
0.0090 66.0213
0.0097 66.0213
0.0070 66.0213
0.0042 66.0213
0.0029 66.0213
0.0082 66.0213
0.0036 66.0213
0.0031 66.0213
0.0004 66.0213
0.0055 66.0213
0.0013 66.0213
0.0081 66.0213
0.0038 66.0213
0.0054 66.0213
0.0026 66.0213
0.0044 66.0213
0.0003 66.0213
0.0084 66.0213
0.0001 66.0213
0.0037 66.0213
0.0006 66.0213
0.0025 66.0213
0.0034 66.0213
0.0009 66.0213
0.0071 66.0213
0.0015 66.0213
0.0061 66.0213
0.0052 66.0213
0.0020 66.0213
0.0043 66.0213
0.0053 66.0213
79 0.0011 2.7869
0.0003 44.6062
9999.9996 98.9891
0.0006 78.0417
0.0009 32.2261
0.0010 64.5468
9999.9995 54.5899
0.0007 20.9509
9999.9995 29.2961
0.0007 16.3975
0.0002 8.1213
9999.9995 88.9040
9999.9994 40.3423
9999.9993 8.1760
0.0005 50.3179
0.0007 34.7454
9999.9994 63.7464
9999.9994 19.6001
9999.9995 14.0505
0.0009 28.0258
9999.9997 72.1304
9999.9996 46.0313
0.0007 40.9769
0.0003 38.7982
0.0002 60.3414
0.0005 12.3428
0.0003 54.8432
9999.9994 18.5174
0.0008 81.0768
0.0004 7.8485
9999.9991 53.0773
0.0002 82.0300
0.0007 82.5099
0.0005 62.0119
0.0002 71.8555
9999.9994 41.1299
0.0004 28.3363
0.0010 18.8571
9999.9991 25.5125
0.0004 43.4228
9999.9998 89.6263
9999.9997 11.6376
9999.9997 17.6047
9999.9990 35.1494
0.0009 90.7644
0.0003 47.4144
9999.9997 21.8277
9999.9997 18.4569
0.0009 68.5810
9999.9994 23.2729
9999.9997 74.0787
0.0011 82.3199
9999.9993 47.6312
9999.9993 17.6436
9999.9996 25.5656
9999.9991 70.8409
0.0004 6.1457
9999.9995 44.1759
0.0006 35.2453
0.0007 62.5316
9999.9992 68.3281
0.0006 49.5937
9999.9993 2.7880
0.0008 51.8961
0.0008 67.8922
9999.9990 52.5007
9999.9991 25.3232
0.0007 21.2115
9999.9990 94.3186
0.0002 86.1262
9999.9995 66.9272
0.0003 95.0043
9999.9998 81.0653
9999.9996 64.7822
9999.9990 17.3253
0.0001 66.5372
0.0011 85.7410
0.0004 48.0438
9999.9996 43.3207
9999.9993 30.2195
10 5290.9855 99.9000
3084.3117 25.5779
8185.5848 12.7239
6720.3137 59.5033
8569.5460 11.7924
1907.0117 99.9000
1686.6204 43.9522
818.1805 78.5429
1625.3320 80.0673
4547.7591 43.8706
254.8306 95.7908
85 0.0004 97.7390
0.0001 12.6620
0.0002 77.0812
9999.9999 55.4496
0.0006 51.0486
5919.0969 62.0792
0.0007 42.3780
0.0010 77.5693
0.0005 92.9297
0.0003 13.9730
9999.9998 66.1974
9999.9997 93.3537
0.0011 45.9071
0.0001 31.0600
8669.3778 78.9762
6144.3903 58.5591
0.0009 26.2164
8756.2863 72.5753
5965.0744 76.6622
9999.9994 34.2973
1212.4044 94.5559
3804.9966 94.7985
9999.9993 40.5543
0.0002 17.9993
1551.8815 46.0791
3766.7952 88.9347
5270.8501 3.2332
0.0002 74.1237
9999.9998 14.3854
10000.0000 20.2595
8926.8649 88.7752
0.0005 45.2943
9999.9994 72.0598
1780.4369 28.7539
9999.9996 21.1615
0.0006 21.9898
9999.9992 37.2399
9999.9999 90.3603
9105.6291 54.8223
9999.9999 74.0038
9999.9992 70.0347
3687.6264 9.2149
4548.4387 30.4221
0.0001 5.3599
0.0003 36.9971
0.0002 63.7210
0.0002 45.8508
9999.9991 51.2057
6752.8251 53.1801
9999.9995 68.9062
9999.9992 50.0756
6904.0360 19.4269
9999.9996 73.6486
1154.0836 77.1593
0.0006 9.1697
0.0002 88.0336
9999.9998 81.1762
4935.0873 34.6881
0.0001 79.7933
562.3491 43.4046
7684.8022 35.5619
9999.9990 75.0017
0.0011 72.2884
0.0009 64.8546
9999.9991 92.4264
3482.4078 38.8202
9999.9993 81.3278
0.0005 64.0080
9999.9999 58.5378
9999.9991 65.1924
5739.9255 75.2913
0.0008 28.2121
9999.9992 69.2696
4546.4798 97.7390
9999.9999 44.5005
9999.9993 78.4848
0.0008 77.4009
0.0005 31.6848
0.0003 1.2029
0.0001 13.0324
4999.0496 45.5063
164.9826 31.2769
9999.9994 48.8223
9999.9999 53.4057
6714.3740 95.0593
4057.5371 34.0507
66 9999.9994 98.6732
0.0007 18.6592
6871.0887 92.3755
2921.6146 25.2775
9999.9992 11.4068
9999.9990 98.1580
9999.9993 4.3095
6917.9489 30.2726
0.0010 53.4668
0.0005 96.9114
9999.9999 38.5371
9999.9994 93.8052
9999.9995 43.5557
9999.9991 56.8400
788.6083 90.2877
10000.0000 1.0778
2274.8416 92.8327
0.0005 68.1657
9999.9997 39.3564
7705.8545 79.5307
5071.1404 53.4674
9999.9999 80.3216
10000.0000 22.9791
4246.1748 4.7913
9999.9993 36.6572
0.0010 48.3694
0.0007 92.9624
10000.0000 50.0761
9999.9999 62.2843
0.0002 66.6085
0.0010 47.9875
0.0007 1.2654
9999.9990 27.0883
9999.9996 38.3087
9999.9999 66.0574
0.0009 81.4217
0.0004 9.2783
0.0009 95.2966
0.0001 27.7453
9999.9991 75.0319
6727.3829 85.4307
5493.1538 0.2397
9999.9994 15.8298
0.0006 91.8013
6946.4934 6.8993
0.0009 33.6940
7357.9191 99.0148
9827.5773 13.9459
2327.9485 11.5254
0.0008 66.0240
0.0005 13.5151
0.0010 89.0574
9999.9998 5.3097
7866.6103 8.2851
0.0010 89.5242
6843.4594 86.3947
2353.3309 81.4774
9999.9995 74.3034
7251.5895 65.8531
8767.3954 63.0286
0.0010 14.9527
3381.6035 47.4648
9999.9991 25.8879
8654.5888 22.5500
0.0010 68.6235
0.0008 28.3343
5887.4652 83.9535
39 6081.9880 0.7784
3507.5286 97.1291
7819.9271 9.6423
7548.3618 91.9176
3075.9661 92.4181
4216.6291 95.6193
3659.6891 94.0155
601.1529 9.8107
6961.2414 5.3490
9303.4368 5.5926
8247.2530 7.5129
2588.0827 98.9566
560.3172 92.8291
5746.1655 93.2384
6481.0795 93.0208
4935.9791 2.5095
5119.4016 99.3816
9958.9611 92.1248
6632.3014 96.3594
9310.3538 7.6828
362.2014 5.9622
9352.3769 0.9351
5961.3428 96.6708
4629.2690 91.2965
5866.3950 98.3495
4325.2691 0.4397
5547.0454 1.3280
7748.7837 95.4648
9034.6758 6.2372
9335.6066 95.2469
4944.7867 2.9465
1710.3623 8.6001
4266.5861 96.8082
2676.4807 98.8574
2217.1428 7.6435
7642.1720 5.6984
3757.7812 1.6359
3138.9862 5.9361
7271.1066 95.9072
584.2378 99.6303
3 0.0007 0.1470
0.0008 42.6807
0.0007 59.4177
0.0009 0.1470
7 0.0009 90.4764
0.0010 12.0947
0.0010 90.4764
0.0008 30.0116
0.0005 44.0951
0.0004 62.2280
0.0006 74.0175
0.0003 74.4915
2 100.0000 75.6127
70.0263 75.6127
27.0364 27.7990
100 2546.9240 48.0476
9999.9994 98.2098
9999.9998 9.8303
9999.9996 95.8930
9999.9999 6.6541
0.0008 0.3036
9999.9993 0.7807
0.0007 1.3195
9999.9996 93.8850
9999.9992 95.1738
9999.9995 99.6312
0.0009 93.3412
9999.9994 94.8938
0.0010 7.6228
9999.9992 98.9325
0.0004 6.9197
0.0008 96.1056
0.0005 7.7500
0.0005 94.1280
9999.9995 7.0826
0.0007 90.3692
9999.9997 9.7681
9999.9991 4.8298
9999.9996 1.7279
9999.9990 0.5820
0.0003 98.0711
9999.9990 92.3746
9999.9993 7.9301
0.0006 93.9875
9999.9995 99.2978
0.0002 97.1343
10000.0000 0.7359
0.0010 6.8692
9999.9995 3.5663
0.0001 92.8233
0.0008 9.7961
0.0006 9.1024
0.0010 93.7296
0.0009 8.4740
9999.9990 94.5872
0.0003 3.9981
0.0006 5.8964
9999.9995 7.1827
0.0007 97.4984
9999.9992 1.2951
0.0004 91.4189
9999.9991 8.3056
0.0010 99.2012
0.0005 9.8364
9999.9995 8.1558
0.0011 93.0525
9999.9994 97.2206
0.0001 99.0093
9999.9996 93.6798
0.0009 93.4807
9999.9992 3.5920
0.0001 3.4986
9999.9998 2.1528
10000.0000 5.7614
0.0002 8.6671
0.0011 8.3577
9999.9999 9.6938
9999.9999 92.2833
9999.9998 0.2585
0.0008 0.6970
9999.9998 98.5254
0.0007 9.4838
9999.9998 5.8662
9999.9997 94.9749
0.0010 92.5256
0.0006 90.0021
0.0004 2.0497
0.0002 94.1107
0.0009 5.9609
9999.9991 91.3586
0.0008 0.4810
9999.9996 2.2362
9999.9990 93.8693
9999.9990 7.8921
9999.9994 96.4473
0.0009 96.1929
0.0007 98.0081
9999.9993 92.2396
9999.9999 1.8921
9999.9996 93.3552
0.0005 6.0310
0.0011 6.2150
9999.9994 95.3575
0.0008 4.2801
0.0006 98.8503
0.0001 97.3749
0.0003 2.2670
0.0006 98.6318
9999.9994 90.9701
9999.9992 94.0915
0.0006 1.0617
10000.0000 3.3395
0.0008 1.4985
9999.9993 90.9088
0.0002 1.7095
9999.9998 3.1092
91 9999.9996 1.3149
9999.9995 43.0568
9999.9996 73.9077
9999.9993 81.2237
9999.9999 78.1665
9999.9994 64.2563
9999.9991 98.0379
9999.9998 43.1179
9999.9998 28.2791
9999.9996 49.5291
9999.9998 18.4061
9999.9997 59.6669
9999.9998 96.5454
9999.9995 52.9850
9999.9995 89.5638
9999.9992 85.5909
9999.9992 52.0035
9999.9992 9.0832
9999.9999 34.5756
9999.9997 67.6739
9999.9999 61.5957
9999.9992 84.1099
9999.9992 50.3585
9999.9991 83.6512
9999.9993 53.3039
9999.9997 15.1698
9999.9999 80.0378
9999.9994 38.8234
9999.9994 77.1015
9999.9998 27.4709
9999.9994 45.4745
9999.9991 91.5009
9999.9996 69.4720
9999.9997 9.8663
9999.9995 2.3777
9999.9997 62.6563
9999.9997 91.9026
9999.9997 35.4857
9999.9992 43.4468
9999.9995 47.6308
9999.9998 76.4524
9999.9999 6.4734
9999.9993 86.9379
9999.9991 34.2239
9999.9997 63.0524
9999.9992 46.2528
9999.9996 88.8993
9999.9995 8.8742
9999.9994 20.0453
9999.9993 82.4779
9999.9991 55.8798
9999.9993 62.9886
9999.9998 22.4953
10000.0000 72.5150
9999.9998 46.2823
9999.9998 32.3103
9999.9997 95.9290
9999.9993 1.3134
9999.9992 66.7351
9999.9996 77.7309
9999.9998 81.1936
9999.9999 27.5529
9999.9998 9.3504
9999.9996 46.9701
9999.9990 74.9809
9999.9998 52.5924
9999.9998 22.8935
9999.9996 78.2498
9999.9998 62.5702
9999.9997 21.2949
9999.9995 27.5109
9999.9998 12.9519
9999.9998 82.3415
9999.9990 82.6385
9999.9997 2.7602
9999.9993 7.9456
9999.9998 59.0070
9999.9992 19.0620
9999.9993 59.7982
9999.9997 89.6945
9999.9996 25.3905
9999.9994 12.3622
9999.9994 62.0585
9999.9995 36.2387
9999.9990 18.0152
10000.0000 67.6404
9999.9996 71.4243
9999.9993 67.1041
9999.9995 83.7863
9999.9993 89.2014
9999.9993 30.2023
9999.9991 17.0374
14 0.0005 17.4580
3978.2035 18.9362
9999.9994 69.9302
1462.5528 40.6123
0.0003 52.0908
4163.1535 73.8273
0.0001 18.5717
0.0005 37.4118
9999.9999 17.4353
9999.9997 55.8652
9999.9994 92.3975
6029.8748 22.0548
9999.9992 77.2948
0.0009 29.0522
0.0002 70.5171
2 4677.7712 13.0809
6890.1742 12.6557
7885.1357 14.7044
44 9999.9998 26.5035
0.0002 42.0652
0.0002 84.7312
0.0008 30.4042
0.0009 64.3295
0.0001 71.5573
0.0005 84.0377
0.0007 44.3101
0.0009 73.0741
0.0007 61.5679
0.0001 91.6119
0.0006 73.7018
0.0008 14.3350
0.0002 49.8465
0.0010 35.8979
0.0002 20.2936
0.0004 9.4393
0.0009 85.3235
0.0006 0.9086
0.0004 53.0117
0.0006 60.7356
0.0007 99.4833
0.0002 8.7385
0.0004 65.3916
0.0002 55.5983
0.0005 71.4873
0.0006 84.8747
0.0007 23.0058
0.0007 37.6061
0.0008 94.7887
0.0007 98.2003
0.0003 90.3842
0.0008 26.5035
0.0002 8.3238
0.0003 99.8902
0.0004 65.6694
0.0002 87.7407
0.0008 27.4897
0.0010 60.7300
0.0007 54.9979
0.0006 9.2571
0.0005 96.5188
0.0006 12.2238
0.0005 90.6189
0.0003 33.4047
89 2023.2386 99.9000
8546.3065 80.5176
5156.6472 39.1092
6378.7006 64.7969
5792.8364 51.9384
6442.4810 97.3807
7620.5706 86.3332
8124.7851 67.2899
4840.1624 1.1108
7744.2773 28.4626
9903.3096 27.0892
2366.5197 89.8928
2236.8499 84.5172
3435.6468 40.7700
1980.5800 57.6114
2161.9898 66.6577
1004.2721 47.0026
4105.8999 60.2125
2761.1232 79.2752
4701.6298 11.6775
7216.2151 66.3519
5663.6229 89.4019
1284.2876 6.7118
6237.1774 69.2170
6555.1766 27.2780
1698.8638 1.9001
2461.1421 43.7244
6503.3174 91.7595
6696.0650 9.7386
1740.7984 39.6070
7748.8865 27.7631
732.5228 74.4842
764.6045 13.5502
5996.0338 77.8781
7197.7617 37.3400
1608.5113 33.0353
3732.8389 18.2223
6315.3383 25.7669
6879.5208 26.9539
3061.7783 50.1970
9692.7692 49.2447
2225.4848 99.6680
6593.8237 44.7709
211.0914 28.1603
7576.5238 96.5715
3707.4520 92.5205
3168.7819 79.3521
7617.8436 3.3588
1558.9978 4.6816
3126.3537 62.1404
4160.4221 46.0953
6898.3322 76.6749
4751.9916 38.7586
2516.6683 6.0483
2177.6887 25.7876
9362.5300 57.1563
3088.3695 1.6510
8465.1169 73.7835
8456.3474 23.1917
607.8419 86.8525
7112.0463 40.7617
2905.5535 95.5799
200.3808 79.6807
3084.5546 30.2308
4325.8362 90.6454
7231.9291 86.6995
5701.9568 33.8262
9820.0554 19.6036
7107.9463 69.0042
264.1920 14.8729
6328.6067 51.9429
6739.8114 4.6275
8332.8939 19.8232
8863.6231 93.5056
4129.2879 74.0612
3149.0882 85.0873
6995.4341 84.4839
2854.0767 89.0531
203.1225 1.3287
5407.6779 72.7680
9991.0910 50.1873
5189.5790 30.9359
1353.8285 94.3981
9431.1203 93.3231
8451.0433 44.8333
8459.6192 82.2252
7073.2875 37.1867
414.8512 36.8022
9186.6996 38.9953
7374.6898 3.9259
1 10.0000 50.0000
0.2000 50.0000
42 0.0003 59.0466
5175.6964 26.1372
0.0009 57.5983
9999.9993 26.8187
9999.9992 49.5934
3988.0364 26.0897
3463.2150 75.4597
0.0004 98.5837
3168.7557 91.5086
226.1071 82.6493
7855.8753 70.5458
0.0008 14.9662
3906.0019 94.6644
0.0007 93.2224
8066.1981 90.5355
0.0005 46.8311
9999.9993 71.8316
9999.9992 31.4584
0.0010 73.4709
9999.9999 88.6194
9827.0826 97.7750
9999.9997 29.5709
9999.9991 11.6555
9999.9998 27.7260
9999.9995 64.7248
0.0008 38.3479
2847.6027 64.3712
8560.0230 81.3754
4982.9414 40.7162
5276.1275 80.0707
0.0008 43.3679
0.0002 87.5871
0.0003 46.1023
0.0006 89.3451
9999.9995 65.0909
0.0001 52.3228
9999.9997 84.0039
0.0002 59.7153
9999.9990 12.8033
0.0005 13.9216
9999.9991 67.7161
4.4219 54.2870
9999.9998 56.7752
54 9999.9994 0.9707
0.0007 64.3908
0.0010 40.3284
0.0010 24.8921
0.0007 14.0595
0.0006 51.7129
0.0004 47.3085
0.0004 60.0167
0.0002 93.8455
0.0003 64.7999
0.0006 52.9065
0.0007 74.4802
0.0009 59.8938
0.0008 3.4593
0.0008 72.6927
0.0002 96.3240
0.0008 35.2094
0.0002 74.0725
0.0007 63.0949
0.0010 48.9684
0.0006 54.8007
0.0007 16.2498
0.0003 31.6017
0.0009 73.3801
0.0007 47.4622
0.0002 33.0004
0.0010 21.9024
0.0003 26.7208
0.0007 21.8622
0.0001 20.8877
0.0005 22.4164
0.0003 49.8947
0.0010 52.1477
0.0008 6.3505
0.0006 66.4558
0.0002 28.9035
0.0003 15.0579
0.0010 39.6229
0.0008 49.6319
0.0009 5.4204
0.0009 64.6092
0.0006 70.9249
0.0003 0.9694
0.0008 8.3729
0.0006 34.4667
0.0002 20.6141
0.0007 41.4825
0.0011 70.2186
0.0006 36.3382
0.0002 88.1973
0.0004 85.4984
0.0005 65.3791
0.0003 53.9312
0.0009 24.0127
0.0004 39.2373
53 701.8443 0.3725
0.0009 2.6738
9999.9994 98.8249
0.0008 91.1190
9999.9997 90.6197
10000.0000 96.7487
0.0002 5.6314
0.0005 91.2544
0.0011 8.1554
9999.9994 0.2107
0.0006 93.9488
0.0006 96.5469
9999.9999 6.9940
9999.9990 89.9054
0.0010 5.7123
9999.9997 95.0167
10000.0000 9.2031
0.0008 94.2091
0.0010 96.7645
0.0010 4.0077
0.0007 6.2147
9999.9996 99.0472
0.0008 92.7035
0.0006 7.7310
0.0010 2.9221
9999.9992 3.3267
9999.9993 1.1903
9999.9995 1.5477
0.0007 2.4520
0.0002 2.5752
9999.9991 2.8238
0.0009 90.4606
9999.9998 0.1923
0.0001 5.7035
0.0003 96.6630
9999.9991 99.4381
0.0001 98.2759
9999.9997 91.3139
9999.9995 97.3075
0.0004 8.4715
9999.9999 0.8878
9999.9993 5.7059
0.0006 95.8766
0.0004 3.1530
9999.9991 4.9158
0.0009 9.4766
9999.9991 94.7048
9999.9993 96.9019
9999.9999 2.3422
9999.9996 99.4028
9999.9995 5.5872
9999.9992 0.7144
0.0004 8.0129
9999.9995 7.0031
5 10000.0000 46.3233
9662.9182 42.3245
9599.4366 83.0199
2342.3971 68.6534
8080.5356 9.6266
1819.5707 68.3970
91 9999.9995 96.2429
0.0003 95.0954
0.0008 4.3316
0.0009 6.3033
0.0006 87.1569
0.0004 37.9478
0.0007 70.2458
0.0010 54.2081
0.0010 62.4403
0.0001 56.8682
0.0006 84.9143
0.0005 4.4883
0.0005 43.8776
0.0008 67.3395
0.0010 92.9186
0.0002 82.3324
0.0003 63.4265
0.0003 62.4559
0.0001 61.2069
0.0004 56.7004
0.0002 56.2005
0.0010 12.7292
0.0005 21.9411
0.0005 9.5104
0.0001 59.1265
0.0011 96.2429
0.0008 39.8262
0.0005 85.0704
0.0006 4.5094
0.0004 44.2882
0.0008 4.0052
0.0005 93.7110
0.0001 66.0223
0.0004 14.8609
0.0008 87.9479
0.0011 87.7470
0.0009 40.9972
0.0006 82.0501
0.0009 14.9186
0.0009 21.9658
0.0006 50.2519
0.0002 54.8949
0.0006 45.7241
0.0002 52.8213
0.0004 22.7180
0.0003 60.4908
0.0002 68.2598
0.0004 58.8946
0.0009 27.9823
0.0005 84.0789
0.0007 1.1508
0.0003 58.0217
0.0004 42.1213
0.0004 86.9392
0.0010 71.6015
0.0002 43.2005
0.0001 42.7592
0.0011 72.8609
0.0003 59.5245
0.0007 67.1852
0.0005 42.2140
0.0006 93.0012
0.0004 15.9461
0.0001 38.6186
0.0004 85.3045
0.0009 7.3898
0.0010 80.4474
0.0003 43.1828
0.0010 42.3590
0.0001 41.2051
0.0002 15.3740
0.0005 57.4934
0.0004 62.1311
0.0004 78.3879
0.0009 66.0689
0.0002 70.2439
0.0006 90.9227
0.0009 58.3150
0.0005 91.8897
0.0008 45.4002
0.0006 67.5417
0.0006 6.0870
0.0009 72.2696
0.0008 94.6532
0.0011 95.5227
0.0006 36.5033
0.0008 5.8525
0.0009 37.4837
0.0006 51.1039
0.0009 78.9360
0.0002 75.3320
0.0002 79.2017
32 9999.9995 59.7942
9999.9998 91.7989
9999.9998 44.4485
9999.9992 12.1986
9999.9998 13.2045
9999.9995 85.3019
9999.9998 92.2006
0.0011 87.2285
0.0005 10.1267
0.0009 92.3271
9999.9993 83.7259
9999.9992 99.1614
0.0002 0.9124
9999.9992 14.4535
0.0011 79.4498
0.0011 92.3005
0.0002 77.0752
9999.9995 97.7794
0.0009 59.7942
9999.9993 97.4867
0.0001 83.0827
0.0007 22.9460
0.0003 93.7736
0.0001 69.2351
9999.9999 10.8679
0.0010 24.9679
0.0002 83.3601
0.0006 84.8282
0.0009 60.1366
9999.9992 22.9769
10000.0000 97.6426
9999.9995 3.8357
9999.9994 73.9501
100 7507.0852 64.1741
131.1864 47.8509
3243.6812 47.8509
2380.8881 47.8509
8567.2995 47.8509
9139.9143 47.8509
6799.9373 47.8509
1959.9251 47.8509
2074.3043 47.8509
955.6306 47.8509
1737.2957 47.8509
2125.6059 47.8509
8018.6933 47.8509
717.5690 47.8509
5255.1599 47.8509
3646.8272 47.8509
7154.8188 47.8509
2966.6746 47.8509
2429.8511 47.8509
5392.8507 47.8509
8002.6874 47.8509
1107.8814 47.8509
9562.1474 47.8509
1721.2552 47.8509
3085.4865 47.8509
2707.4617 47.8509
5092.5013 47.8509
3391.1570 47.8509
9410.2295 47.8509
566.7901 47.8509
7109.5500 47.8509
6592.1074 47.8509
7188.2491 47.8509
8986.2428 47.8509
9304.0102 47.8509
8952.3711 47.8509
3490.7403 47.8509
9837.4804 47.8509
9989.1328 47.8509
8018.0516 47.8509
6165.6182 47.8509
4152.3310 47.8509
318.2035 47.8509
8640.2071 47.8509
466.2467 47.8509
2265.1690 47.8509
5039.4366 47.8509
782.3104 47.8509
750.2164 47.8509
5137.9520 47.8509
1394.2099 47.8509
7393.6391 47.8509
6009.9437 47.8509
115.8632 47.8509
8958.2069 47.8509
7781.1681 47.8509
6644.2063 47.8509
6730.6630 47.8509
4428.4920 47.8509
9673.5103 47.8509
2611.1331 47.8509
6641.0844 47.8509
3877.4076 47.8509
6390.8583 47.8509
7762.7443 47.8509
4314.3145 47.8509
1310.6606 47.8509
3134.9035 47.8509
7331.6504 47.8509
662.4495 47.8509
8149.6091 47.8509
9123.8096 47.8509
1387.7663 47.8509
4848.1861 47.8509
9256.8584 47.8509
4486.4079 47.8509
698.8889 47.8509
9206.6811 47.8509
716.7897 47.8509
910.3691 47.8509
7776.1433 47.8509
4888.0454 47.8509
3633.0612 47.8509
1835.2458 47.8509
5053.0820 47.8509
6232.6955 47.8509
3937.7766 47.8509
8386.4129 47.8509
1089.4318 47.8509
3514.1888 47.8509
508.0476 47.8509
3252.6043 47.8509
9131.0082 47.8509
3905.4161 47.8509
6166.2101 47.8509
5402.7978 47.8509
1622.3916 47.8509
7927.0857 47.8509
5174.0527 47.8509
6423.7524 47.8509
1288.7560 47.8509
100 8323.1358 71.5810
2948.3273 71.5810
5692.7470 71.5810
3852.1089 71.5810
6592.5249 71.5810
7299.3942 71.5810
8028.6975 71.5810
1754.0833 71.5810
1300.5951 71.5810
229.4347 71.5810
5162.1954 71.5810
7034.1377 71.5810
1900.4432 71.5810
9496.2737 71.5810
2180.7476 71.5810
9337.4952 71.5810
6041.7476 71.5810
4063.2834 71.5810
7016.8327 71.5810
5374.8886 71.5810
699.0663 71.5810
3767.6101 71.5810
8050.0538 71.5810
690.0535 71.5810
1505.9485 71.5810
2381.0653 71.5810
6006.0193 71.5810
1278.8353 71.5810
7115.0408 71.5810
4152.8679 71.5810
6507.2175 71.5810
2405.9666 71.5810
8400.0367 71.5810
2981.5838 71.5810
8197.7912 71.5810
7299.3057 71.5810
867.4295 71.5810
1253.4012 71.5810
5576.6504 71.5810
1714.8550 71.5810
956.4422 71.5810
176.6672 71.5810
929.4531 71.5810
5579.5093 71.5810
3419.6595 71.5810
7235.5432 71.5810
6609.1620 71.5810
6653.1365 71.5810
1031.1106 71.5810
3174.9476 71.5810
7121.1224 71.5810
1287.1785 71.5810
5716.6065 71.5810
8106.0499 71.5810
7815.9833 71.5810
47.6253 71.5810
9868.0362 71.5810
1772.8857 71.5810
9226.4387 71.5810
5606.2274 71.5810
4195.2992 71.5810
7857.6628 71.5810
4689.9409 71.5810
2960.6319 71.5810
3048.5011 71.5810
43.7400 71.5810
3047.7256 71.5810
9473.9668 71.5810
2817.2567 71.5810
9590.8707 71.5810
2158.3071 71.5810
553.0849 71.5810
4629.3929 71.5810
5527.5497 71.5810
3747.7122 71.5810
8170.1799 71.5810
6743.1789 71.5810
7072.6389 71.5810
4985.0458 71.5810
9296.1935 71.5810
4539.2698 71.5810
7587.7894 71.5810
464.7651 71.5810
435.2878 71.5810
4828.5071 71.5810
4833.6950 71.5810
7679.3260 71.5810
7069.8335 71.5810
5649.2517 71.5810
5170.2948 71.5810
4473.4666 71.5810
3461.1910 71.5810
5523.0347 71.5810
3478.8162 71.5810
2456.9968 71.5810
6127.5979 71.5810
8266.5236 71.5810
1944.8539 71.5810
1861.0098 71.5810
2458.6859 71.5810
4004.8816 71.5810
3 9999.9996 73.4325
9999.9998 48.2354
0.0008 73.4325
0.0007 3.2407
97 0.0002 0.2579
0.0009 0.2981
0.0011 50.2015
0.0005 40.4969
0.0002 71.0011
0.0006 33.6796
0.0006 74.0505
0.0005 80.2205
0.0007 3.9972
0.0007 55.6920
0.0007 79.1964
0.0002 4.1799
0.0010 90.6233
0.0010 44.0131
0.0009 33.1135
0.0006 13.2057
0.0008 60.7188
0.0009 82.3432
0.0008 44.0892
0.0005 53.6000
0.0003 45.9955
0.0006 47.3242
0.0008 27.2550
0.0008 13.7459
0.0010 55.1400
0.0001 64.5164
0.0008 68.4168
0.0006 73.9272
0.0011 28.4216
0.0010 43.4958
0.0010 93.9013
0.0002 93.7851
0.0005 77.3207
0.0002 45.8270
0.0006 34.4576
0.0004 67.6900
0.0008 2.8260
0.0005 14.8862
0.0009 40.6585
0.0002 80.8759
0.0004 1.4460
0.0004 0.3420
0.0010 67.5420
0.0005 89.5082
0.0004 71.2077
0.0008 77.4749
0.0010 88.1426
0.0009 9.0071
0.0010 36.3529
0.0007 32.3187
0.0010 29.9640
0.0009 39.9216
0.0004 87.5802
0.0011 8.1815
0.0010 42.4711
0.0011 6.1756
0.0007 44.5481
0.0004 85.7237
0.0005 10.4218
0.0010 47.8252
0.0004 71.6823
0.0010 51.9643
0.0006 38.4925
0.0009 80.7823
0.0003 61.5836
0.0003 31.4968
0.0010 91.3253
0.0006 47.8696
0.0006 79.3666
0.0001 53.8507
0.0007 78.7930
0.0008 38.1705
0.0011 69.4703
0.0008 2.7483
0.0006 85.3727
0.0008 30.2897
0.0006 60.0690
0.0011 24.3843
0.0011 57.2481
0.0003 42.1868
0.0010 85.0229
0.0005 36.1918
0.0007 96.4496
0.0002 34.2192
0.0008 0.2576
0.0004 86.4776
0.0011 26.7818
0.0001 4.1496
0.0008 38.6841
0.0008 27.9532
0.0004 27.1484
0.0005 6.3977
0.0007 54.0296
0.0010 96.2997
0.0005 40.6031
0.0005 17.9089
0.0010 78.8930
0.0003 40.8889
64 0.0001 52.9830
0.0010 98.3410
0.0002 46.0900
10000.0000 10.2485
0.0011 34.9196
0.0006 27.8672
0.0008 89.6079
9999.9992 99.4775
9999.9996 12.9578
9999.9992 55.0568
0.0010 13.1028
0.0009 19.2182
0.0002 22.6644
0.0003 80.2003
9999.9992 84.8906
9999.9993 5.1599
0.0007 4.0151
9999.9993 17.0767
9999.9992 86.7575
0.0003 71.4432
9999.9997 93.6474
9999.9998 73.0184
0.0002 30.5460
9999.9998 84.3896
0.0008 12.1425
0.0010 54.4476
0.0006 56.0351
9999.9990 43.8103
9999.9996 88.7358
0.0005 45.5081
9999.9997 20.9545
9999.9999 93.2735
9999.9993 57.5449
9999.9993 82.6055
0.0007 98.9609
0.0010 81.1625
0.0006 4.0994
0.0004 12.4095
9999.9999 18.8261
0.0004 53.9147
0.0010 81.7485
9999.9990 52.4873
9999.9997 75.9228
0.0010 29.6939
9999.9998 19.2234
9999.9991 98.0638
9999.9996 91.6329
9999.9990 73.8319
0.0002 95.1421
9999.9992 44.2117
0.0004 84.3333
9999.9999 8.7035
0.0011 23.1720
0.0010 22.5332
9999.9994 23.5201
9999.9996 49.1714
9999.9995 4.5912
0.0004 19.5221
9999.9995 98.8751
0.0002 92.6718
0.0009 8.8100
0.0003 81.2781
0.0010 78.7822
9999.9992 94.4205
9999.9991 53.4408
47 0.0010 95.6229
29.6984 26.0393
0.0008 28.2529
2469.7507 41.2220
8822.2952 19.0094
9999.9993 62.1201
0.0008 48.4028
3990.9012 41.2171
0.0005 95.9399
9999.9998 6.6289
9999.9997 45.0086
0.0008 6.4540
9999.9994 36.9940
0.0002 77.9584
0.0004 71.4389
2512.1729 92.5330
9999.9995 68.2778
8981.7540 16.2552
9999.9997 36.1192
0.0003 55.9625
9999.9991 44.9141
0.0008 25.4398
0.0005 25.1757
9999.9991 67.1274
9999.9999 48.0931
0.0005 20.7423
6389.2438 38.7365
2606.4829 95.5451
9990.9032 9.2797
0.0010 9.4222
1115.7097 44.4929
9999.9998 24.7508
0.0008 11.4506
0.0006 61.4643
9490.4188 3.4426
78.0685 64.9240
0.0007 27.1859
1790.1674 63.4097
9999.9994 44.6409
0.0008 0.8398
9999.9992 17.1951
2620.9094 39.2565
9999.9993 14.3183
0.0005 57.6198
9999.9995 33.2397
4957.8571 60.9158
9999.9999 24.1503
5744.7512 23.6469
82 3264.0230 99.6385
0.0008 98.0258
0.0006 99.2660
0.0009 3.0263
0.0006 91.8010
0.0005 1.8400
9999.9995 2.0309
0.0009 5.6930
9999.9999 96.3901
9999.9992 98.0673
0.0011 94.3783
9999.9997 0.6807
0.0003 90.3695
9999.9998 3.1437
9999.9996 3.7403
9999.9998 9.2776
9999.9997 94.0320
9999.9992 98.5240
0.0003 92.9205
0.0004 99.5800
0.0008 1.8788
9999.9995 7.3454
10000.0000 92.3672
0.0006 90.0095
0.0006 3.9377
0.0010 94.5405
0.0008 90.2756
0.0008 6.9297
0.0004 97.2424
9999.9992 2.4651
0.0009 99.1776
9999.9992 97.2441
0.0009 99.8842
9999.9997 91.7636
0.0008 92.4666
9999.9998 95.0802
0.0009 8.2076
9999.9999 6.6003
9999.9992 94.1074
0.0001 98.4192
10000.0000 99.6385
9999.9994 96.8675
0.0005 4.9692
0.0002 3.9615
9999.9997 99.1357
9999.9998 5.3994
0.0011 97.7781
9999.9993 90.7431
10000.0000 7.7508
9999.9995 98.5831
0.0001 1.3529
9999.9995 7.8542
9999.9998 99.0575
0.0003 4.2359
0.0002 6.6471
0.0001 3.7618
9999.9997 10.0201
9999.9996 1.1898
9999.9993 96.2871
0.0007 96.4068
9999.9992 99.4444
9999.9994 98.0800
9999.9998 9.4894
0.0007 7.4456
9999.9991 2.1182
0.0009 9.0912
0.0005 3.5771
9999.9994 2.6262
0.0002 93.7632
0.0007 91.7505
9999.9999 95.3184
9999.9992 2.1633
0.0003 8.8523
10000.0000 2.6023
9999.9994 4.5183
9999.9997 3.6620
0.0002 5.6988
9999.9995 3.2204
0.0008 4.2953
0.0002 5.2441
0.0008 0.6398
9999.9992 1.8436
0.0010 1.3547
42 0.0002 88.9201
0.0001 43.4711
0.0004 41.7394
0.0004 9.0501
775.7859 23.7489
1839.2107 97.1397
0.0002 68.1216
0.0009 15.1730
0.0006 6.8257
0.0009 60.3920
9999.9994 80.9568
5693.2717 78.3925
5538.0236 46.2727
9999.9993 82.2058
0.0007 70.2509
9999.9994 50.0050
9802.4004 73.9809
9999.9996 8.0247
9999.9995 96.0860
0.0006 90.7397
0.0006 71.7573
9999.9995 1.5873
0.0006 91.5469
8138.0807 93.5830
9999.9997 46.5663
9999.9994 73.1935
7410.4698 33.4859
6954.2284 43.9118
9999.9994 41.6080
6258.9320 75.6657
0.0008 86.2768
9999.9995 88.9201
7313.4772 55.3697
5604.0524 8.3854
0.0004 79.0408
1962.7303 88.8636
10000.0000 56.5623
9999.9991 25.5903
1955.7967 22.8679
4103.2743 15.0893
9999.9997 1.0713
0.0004 5.4140
9999.9999 18.6928
1 8669.6279 29.4571
4691.5818 29.4571
2 5.0000 99.9000
30.0000 99.8999
20.0000 99.7000
76 9999.9999 51.5436
0.0007 66.0861
9999.9998 68.6687
0.0011 30.6433
9999.9998 74.2367
9999.9991 58.9680
9999.9995 91.1197
9999.9996 21.3506
0.0004 16.9937
0.0008 12.1554
0.0008 53.5221
9999.9999 41.5796
9999.9994 42.4147
0.0004 78.9489
0.0004 89.9394
9999.9996 83.0916
0.0008 19.2139
10000.0000 67.0314
0.0011 39.0457
9999.9996 91.2513
9999.9990 96.9410
9999.9991 66.1770
9999.9991 8.3458
10000.0000 85.6637
0.0008 54.5985
9999.9994 19.0040
9999.9998 15.6969
9999.9996 84.0160
9999.9994 90.1033
9999.9990 89.3050
0.0009 42.4554
9999.9995 70.9096
0.0009 58.7646
9999.9999 60.6831
9999.9990 46.5790
9999.9996 63.8880
9999.9990 72.8795
0.0005 56.1404
9999.9998 65.1387
0.0002 53.2707
9999.9997 3.9242
9999.9999 77.7723
0.0003 15.9773
0.0009 63.3709
0.0010 55.1979
9999.9991 20.8128
0.0010 95.4691
0.0010 97.4919
0.0002 8.2602
9999.9992 35.2861
9999.9992 8.7600
9999.9993 76.5024
0.0004 30.2172
0.0008 22.1825
0.0009 62.2128
0.0003 2.3203
0.0011 53.3826
0.0005 15.9134
0.0004 60.9402
9999.9993 45.7375
0.0008 7.2499
0.0010 13.2168
0.0001 44.4852
0.0001 86.7204
10000.0000 60.3805
0.0007 31.9072
0.0008 82.2672
0.0003 6.8108
9999.9994 91.3688
0.0004 64.0872
0.0005 34.5544
9999.9997 68.4766
0.0004 94.7025
0.0008 6.4088
9999.9997 28.5639
9999.9997 80.8261
9999.9993 16.7320
75 8648.6080 99.4437
0.0009 96.1939
9999.9993 10.0852
9999.9998 8.2344
9999.9994 95.0051
0.0005 2.6912
0.0010 91.9511
9999.9990 5.5091
9999.9999 92.7410
0.0004 5.9204
0.0003 7.7680
0.0009 0.1073
9999.9996 96.2662
9999.9995 1.1253
9999.9995 92.6949
0.0001 7.8664
0.0003 90.9014
9999.9992 96.6686
9999.9995 93.0429
0.0002 99.2241
0.0009 5.1760
9999.9991 92.2553
9999.9994 94.3744
9999.9994 7.9118
0.0007 4.5793
0.0002 90.6350
0.0003 94.1133
0.0011 92.0136
9999.9996 5.5121
0.0004 1.8082
0.0011 93.1752
9999.9991 94.1479
0.0011 95.4398
0.0004 1.7449
9999.9998 91.5791
9999.9990 4.8305
9999.9993 0.1058
9999.9999 90.2740
0.0006 4.3018
9999.9990 92.7147
0.0006 90.3293
9999.9992 9.2356
0.0001 97.0226
9999.9993 98.2157
0.0008 0.2692
0.0008 97.1356
0.0009 90.6505
9999.9991 5.0940
0.0003 5.1595
9999.9997 99.2536
0.0011 94.2735
9999.9993 97.9732
0.0002 1.3938
9999.9995 0.9645
0.0009 91.4769
0.0011 5.0237
9999.9999 93.9491
0.0011 99.7904
0.0002 92.1676
0.0009 96.0222
9999.9990 98.3130
0.0008 1.6867
9999.9997 99.6338
0.0009 0.8202
9999.9993 94.7591
0.0009 96.4370
9999.9994 4.2068
9999.9991 95.7095
0.0003 97.8613
9999.9992 97.1420
9999.9995 91.2395
0.0003 90.3671
9999.9999 99.2446
9999.9994 90.9645
9999.9991 2.3854
0.0005 4.3874
2 0.0001 77.2831
0.0001 97.3911
0.0001 57.1751
32 2066.0558 0.1000
6401.7557 75.1188
7478.3577 94.4505
3329.7008 45.4206
4515.9957 59.4909
3930.0224 90.0723
7224.6773 33.6441
6231.6085 34.4404
6867.8507 15.1273
677.0695 77.8997
1534.8942 72.9658
1931.4234 96.0781
2061.0271 5.3403
3476.8249 28.6892
5780.5568 20.4065
3237.4926 12.4152
3643.0756 70.9974
3577.7034 41.4910
3945.4552 79.2736
1731.3296 23.6907
3231.9947 93.9618
9443.8940 80.7651
5638.4762 2.6170
7515.3515 28.9828
3606.3565 38.7023
4223.5494 86.2957
3560.4576 93.4480
6575.8355 70.9179
8295.7733 84.4297
9194.3190 56.5113
2328.9149 2.3457
7554.3748 12.7985
1036.5266 9.5901
9 9300.8525 95.5055
211.4474 8.0497
8674.2381 9.8525
37.7376 91.9774
4434.9076 6.3651
4740.7329 98.3772
7467.3521 2.5380
4353.4086 8.6954
2507.2988 90.1290
9650.5479 0.6174
100 3493.3944 40.6924
9999.9992 4.5334
9999.9999 5.9652
9999.9994 9.2475
0.0009 7.4681
9999.9991 1.4865
0.0003 4.6409
9999.9992 5.4484
9999.9992 3.6986
9999.9991 1.2571
0.0006 1.1672
0.0007 96.4454
9999.9991 3.7563
9999.9990 2.4323
0.0001 99.5183
0.0007 96.2497
0.0002 92.3211
9999.9992 97.8513
9999.9991 95.2661
9999.9990 90.2371
9999.9997 6.1380
9999.9992 97.3205
9999.9996 99.2296
0.0003 1.9137
0.0004 1.6337
0.0006 97.2591
9999.9998 8.8604
0.0006 3.7022
0.0001 0.5343
9999.9998 91.1567
0.0002 90.1342
9999.9992 92.0115
9999.9996 96.9592
9999.9999 8.3079
0.0009 90.3439
0.0005 9.7824
0.0006 93.8568
0.0002 8.8057
9999.9995 9.3474
9999.9994 7.2758
0.0010 98.8257
0.0003 4.4908
0.0010 90.7426
9999.9993 97.6493
9999.9999 0.2409
0.0004 9.2011
9999.9994 2.0389
0.0006 5.3699
0.0002 98.0587
0.0007 92.4643
9999.9994 91.3517
0.0002 7.3868
0.0001 93.7814
9999.9996 97.4502
0.0009 9.1660
9999.9990 0.8463
9999.9998 96.3951
0.0010 96.3680
0.0007 95.7911
0.0006 91.2077
0.0009 8.2351
0.0011 98.8927
9999.9998 1.3399
9999.9994 94.7064
9999.9996 90.9552
0.0005 99.5970
0.0010 9.5914
0.0003 94.2412
9999.9997 9.3314
0.0004 5.8122
0.0008 4.2433
10000.0000 98.3466
0.0006 5.4091
0.0011 94.2917
0.0002 97.6583
9999.9997 0.5056
9999.9994 97.6553
9999.9992 8.7641
0.0003 98.3663
0.0009 92.1625
0.0010 3.3516
9999.9996 93.0251
9999.9991 3.3705
0.0008 6.6283
9999.9999 1.9123
9999.9993 6.2270
9999.9996 3.2383
0.0004 5.4172
9999.9991 1.4321
0.0008 92.3855
9999.9999 5.3042
0.0004 4.3732
0.0007 98.6579
9999.9994 5.2092
0.0010 98.0063
0.0002 8.2479
9999.9999 2.9581
9999.9990 92.2667
9999.9991 90.4612
9999.9998 6.0091
9999.9995 97.8402
22 8376.8420 2.2756
0.0006 95.3921
0.0002 92.1261
9999.9996 9.7817
0.0011 5.4038
0.0010 9.3714
9999.9993 2.2756
0.0004 2.8952
9999.9999 96.2309
9999.9998 94.1606
9999.9990 9.1073
9999.9995 4.3921
0.0003 94.5678
0.0002 97.2619
9999.9997 6.8622
0.0008 9.8506
9999.9995 97.4887
9999.9992 97.9010
0.0001 4.3118
9999.9994 96.1608
0.0005 91.8386
0.0005 2.6109
9999.9997 96.0615
94 7193.5615 96.5679
0.0002 9.3527
9999.9995 92.8123
0.0005 4.9952
9999.9996 1.1310
9999.9990 90.9980
9999.9991 97.3689
0.0008 8.9961
0.0007 0.8410
0.0010 99.4844
0.0002 6.9517
0.0006 9.8311
9999.9996 97.3703
9999.9996 5.5069
9999.9997 4.9941
10000.0000 6.2752
9999.9993 1.8640
0.0002 4.5868
9999.9999 4.0043
9999.9994 1.8248
0.0006 7.6019
0.0006 92.3190
9999.9994 8.7128
9999.9991 91.4100
0.0004 6.8216
0.0004 2.3873
0.0004 6.0763
0.0003 9.9076
0.0007 4.0200
0.0009 0.7244
0.0004 1.1403
9999.9996 8.6191
0.0007 8.8363
9999.9999 99.5489
9999.9999 3.3741
9999.9998 93.1453
0.0010 97.2667
0.0002 4.3949
9999.9998 95.5164
9999.9995 0.1469
0.0005 1.0664
9999.9992 97.2760
9999.9997 4.4116
10000.0000 94.2225
0.0001 2.6772
9999.9999 2.0559
0.0010 96.5607
9999.9993 6.4915
0.0010 4.1312
10000.0000 95.2536
9999.9991 8.3009
0.0008 6.1394
9999.9991 99.4768
0.0002 98.9598
0.0003 5.8634
9999.9995 91.2760
0.0010 90.2949
9999.9998 1.7009
9999.9996 99.1629
0.0007 3.9262
9999.9996 1.1015
9999.9997 93.1915
0.0004 5.9328
0.0007 97.8343
0.0007 94.6255
9999.9998 0.1779
9999.9995 4.9076
0.0010 3.2623
0.0003 5.0856
9999.9994 95.7941
9999.9991 95.7251
0.0002 8.0775
9999.9994 94.7752
9999.9999 3.1667
9999.9993 9.0178
0.0008 6.3833
9999.9993 99.0641
9999.9997 97.6111
9999.9992 0.3992
9999.9996 5.9452
0.0010 7.3978
0.0010 3.4215
0.0003 93.4098
10000.0000 5.8101
9999.9998 98.6935
0.0004 97.6755
0.0007 3.4825
9999.9995 97.9327
0.0006 94.2142
0.0006 7.1327
0.0005 2.5640
0.0007 3.9692
0.0009 6.0730
0.0010 91.4269
9999.9994 97.4164
1 3550.7812 85.9649
4445.8298 85.9660
78 0.0001 2.6544
10000.0000 28.8798
9999.9996 80.8042
9999.9990 85.8528
9999.9995 26.5555
9999.9993 29.7566
9999.9992 39.8333
9999.9998 74.3227
9999.9996 77.6527
9999.9998 85.6993
9999.9993 31.9711
9999.9996 49.1115
9999.9992 98.4768
9999.9993 50.8818
9999.9997 54.6214
10000.0000 43.1064
9999.9992 89.7601
9999.9999 23.4623
9999.9993 64.0472
9999.9998 76.0365
9999.9995 92.4109
9999.9997 27.5807
9999.9993 6.0423
9999.9996 47.6377
9999.9998 2.6544
9999.9990 54.0061
9999.9997 23.3876
9999.9998 67.1222
9999.9992 63.6029
10000.0000 81.4537
9999.9996 11.1819
9999.9997 52.3030
9999.9996 98.6200
9999.9991 67.6679
9999.9998 81.0204
9999.9997 17.2525
9999.9992 78.6413
10000.0000 61.4658
9999.9999 54.7002
9999.9999 88.0948
9999.9996 37.6287
10000.0000 28.8048
9999.9995 33.9947
9999.9991 74.9645
9999.9998 81.8110
9999.9995 79.8328
9999.9990 81.3033
9999.9994 39.5136
10000.0000 38.4365
9999.9997 13.1663
9999.9998 89.5344
9999.9993 37.2972
9999.9994 23.4378
9999.9994 89.3791
9999.9997 77.2012
9999.9993 56.7830
10000.0000 54.4737
9999.9998 11.0352
9999.9995 61.8476
9999.9991 40.3326
9999.9994 97.0771
9999.9993 15.5997
9999.9996 83.9859
9999.9995 70.9913
9999.9991 56.7050
9999.9999 43.9976
9999.9992 19.5528
9999.9998 21.6085
9999.9998 10.8343
9999.9998 52.3429
9999.9994 36.1230
9999.9996 37.9907
9999.9998 35.6538
9999.9994 45.0837
9999.9996 90.6449
9999.9997 4.6842
9999.9998 74.7744
9999.9999 14.1266
9999.9997 48.8718
57 0.0005 97.8989
0.0006 6.4204
0.0006 85.8401
0.0009 7.4088
0.0003 22.2692
0.0009 44.6083
0.0006 90.8028
0.0010 46.5457
0.0009 65.3624
0.0008 74.8936
0.0001 44.6319
0.0002 80.5226
0.0003 17.1445
0.0006 45.3864
0.0007 82.3835
0.0002 67.4193
0.0009 19.2221
0.0001 59.5308
0.0011 59.8044
0.0002 67.1273
0.0007 68.4186
0.0001 88.2987
0.0003 41.7719
0.0009 59.9491
0.0007 29.7563
0.0004 61.7656
0.0005 14.2679
0.0004 11.8493
0.0005 19.8421
0.0001 2.7785
0.0007 22.4822
0.0008 70.2999
0.0004 32.4562
0.0011 3.3560
0.0007 63.7858
0.0003 98.6608
0.0007 13.0835
0.0007 91.8691
0.0003 58.2708
0.0006 37.3968
0.0007 14.2034
0.0003 42.5358
0.0002 59.5692
0.0003 37.8864
0.0003 41.5451
0.0007 61.2028
0.0007 48.9873
0.0009 10.2297
0.0005 82.1225
0.0004 5.5058
0.0009 49.8164
0.0010 79.3934
0.0006 42.6393
0.0005 71.2242
0.0001 9.9279
0.0006 39.1772
0.0010 89.5572
0.0007 42.3631
100 5219.3334 57.0395
3017.8155 92.9522
1084.0645 95.7408
5314.4228 8.7779
2436.4437 92.4666
4414.9440 4.7953
4895.8029 98.4933
1534.7479 98.4694
597.4240 94.2591
9557.3389 98.7848
7167.9294 91.8160
8745.6872 97.9142
5454.7650 99.3170
9689.3576 1.2685
7585.9765 93.9825
6224.7034 97.3533
9725.6129 98.2834
283.3507 2.8649
6668.9609 7.4021
526.9085 7.1163
4738.1275 9.7880
3586.2572 99.8123
3179.8153 7.2249
6236.4878 97.7773
8649.7304 7.5722
1380.2014 95.6257
7066.7811 95.3420
2877.5479 4.5817
6987.0990 92.2805
6206.4212 6.5478
3881.7794 4.5162
947.8847 92.1475
8097.1498 4.9678
4665.0906 91.6020
9394.1604 8.7216
6951.7868 4.5680
8510.0158 0.4877
4206.9751 8.4713
2125.8236 1.3851
4198.3052 3.1579
6078.3702 94.6856
3361.2213 2.2709
1942.2296 94.3067
2246.4036 93.0949
8862.7438 2.1027
8897.3018 94.9221
5147.1644 0.7401
7834.9896 92.5248
9930.8981 8.6832
7356.9173 91.8383
2291.0753 8.4736
7013.9297 92.8544
4499.4568 90.8770
8262.2911 92.4109
3093.9101 9.2014
2035.4641 7.3315
9881.3502 97.5568
4636.5553 97.3312
4380.0946 90.1075
8729.1830 5.3753
9393.7213 90.4346
7138.6794 91.4392
5922.2695 6.8309
6012.9482 93.1141
8938.8138 90.0100
8497.7253 8.7201
6809.8860 98.7273
7069.0414 6.0370
2185.6725 92.6783
3324.6538 1.1536
7829.7514 2.2229
1745.2456 96.1556
2795.2210 97.6765
3937.7649 90.1070
3328.7891 94.9175
8648.6140 90.1466
5250.3886 0.3212
4717.0415 90.4203
640.1710 99.7831
5080.9345 90.2335
593.0921 99.7291
5085.2259 1.4062
8088.1783 92.4213
8349.5668 2.2533
1934.1220 91.7812
6547.2715 92.4723
5580.6566 90.0789
8400.2760 99.7537
2138.7165 91.1882
6642.5347 93.7371
9788.9378 99.7800
4094.6820 96.3151
3455.2951 90.8087
7750.0362 1.0394
3076.3034 2.7662
2031.1510 8.6785
3755.7150 1.8392
9437.7653 4.2872
1240.5750 3.7898
724.7994 96.8050
9218.9423 93.9445
85 0.0004 96.6240
9999.9994 64.3383
9999.9998 94.9303
9999.9994 34.6568
9999.9992 34.9719
9999.9991 40.8208
9999.9994 40.6479
9999.9994 88.4455
9999.9999 54.6747
9999.9999 61.4976
9999.9998 18.5458
9999.9998 97.1811
9999.9994 31.0579
9999.9991 79.7301
9999.9992 23.8242
9999.9998 20.0627
9999.9993 3.8497
9999.9993 80.6985
9999.9993 52.1722
9999.9990 22.2608
9999.9999 48.9733
9999.9992 50.3527
9999.9994 57.3042
9999.9992 6.3112
9999.9993 62.0193
9999.9991 83.4403
10000.0000 67.1889
9999.9991 1.6973
9999.9996 7.8778
9999.9995 7.7306
9999.9993 57.6781
9999.9991 65.9560
9999.9999 11.0106
9999.9992 62.0159
10000.0000 77.5977
9999.9992 70.1088
9999.9996 17.8579
9999.9995 85.7546
9999.9993 46.8103
9999.9996 11.5641
9999.9995 41.8384
9999.9992 63.2654
9999.9995 15.7581
9999.9998 4.0164
9999.9992 19.7745
9999.9999 59.6151
9999.9997 10.6878
9999.9990 55.7565
9999.9998 0.8200
9999.9993 73.6677
9999.9997 56.0659
9999.9992 17.7287
9999.9997 28.9152
9999.9991 76.2772
9999.9993 65.1206
9999.9999 91.6047
9999.9997 0.4130
9999.9992 71.1664
9999.9998 65.2035
9999.9992 72.9195
9999.9990 9.1039
9999.9991 57.9324
9999.9995 34.1280
9999.9997 18.6492
9999.9992 80.2371
9999.9994 73.5313
10000.0000 92.9220
9999.9990 66.6395
9999.9993 95.3099
9999.9997 17.5165
9999.9994 22.9598
9999.9990 5.6484
9999.9998 80.1674
9999.9992 28.0506
9999.9996 93.1469
9999.9993 13.1604
9999.9995 31.4975
9999.9995 78.3635
9999.9990 22.8988
9999.9998 73.8691
9999.9992 64.9208
9999.9992 56.5608
9999.9991 28.4849
9999.9999 22.9832
9999.9999 50.0011
9999.9993 46.7760
51 9999.9997 96.4680
9999.9991 8.2795
9999.9995 32.7663
9999.9991 83.6212
9999.9997 67.7685
9999.9994 32.8733
9999.9999 80.0238
9999.9996 3.4180
9999.9990 40.2835
9999.9990 33.4565
9999.9993 68.9862
9999.9997 27.1031
9999.9995 83.9203
9999.9999 45.1651
9999.9996 23.4535
9999.9994 65.0217
9999.9992 81.1943
9999.9998 1.5073
10000.0000 36.8651
9999.9995 33.7422
9999.9992 73.8363
9999.9995 45.6527
9999.9998 29.7085
9999.9990 64.9597
9999.9995 10.2662
9999.9994 51.0283
9999.9998 38.3039
9999.9992 30.3300
9999.9998 43.6791
9999.9991 26.1951
9999.9999 32.9936
9999.9999 70.0171
9999.9992 12.1648
9999.9995 62.7510
9999.9998 62.0694
9999.9997 22.2372
9999.9992 55.3830
9999.9997 68.1396
9999.9996 62.9316
9999.9996 96.7008
9999.9992 42.0045
9999.9994 22.8408
9999.9996 54.1108
10000.0000 14.5087
9999.9993 54.1285
9999.9993 72.0306
9999.9994 68.1273
9999.9994 42.8301
9999.9992 82.3503
9999.9998 69.4801
9999.9992 48.6436
9999.9996 23.6618
4 5000.0000 75.0000
10.0000 30.0000
20.0000 50.0000
300.0000 95.0000
40.0000 2.0000
88 9999.9994 97.9689
9999.9997 76.6343
0.0004 45.8102
9999.9992 48.5156
9999.9992 23.7710
0.0004 43.3556
0.0006 63.1854
0.0007 30.9847
9999.9993 52.5766
0.0002 52.5721
9999.9994 56.1449
9999.9995 54.6596
0.0010 79.3428
0.0003 89.5473
0.0002 91.5601
0.0002 72.3864
9999.9999 38.2704
9999.9999 84.7481
9999.9994 29.3603
0.0008 6.4284
9999.9990 68.1804
0.0001 87.2395
9999.9999 44.9395
9999.9994 33.4966
9999.9993 37.0376
9999.9997 88.6980
0.0011 40.0044
0.0002 74.0222
9999.9995 33.6492
0.0001 4.0394
9999.9992 40.6412
9999.9995 4.6397
0.0001 71.5519
9999.9997 57.4901
0.0005 15.4218
0.0007 22.8772
9999.9990 74.8062
0.0003 29.0611
9999.9997 41.6021
0.0006 16.0184
9999.9993 34.0941
9999.9997 72.1779
9999.9996 53.1506
9999.9996 25.6650
0.0006 29.4613
0.0001 26.3524
9999.9999 16.8564
9999.9992 22.5858
9999.9993 71.9161
9999.9992 52.7258
9999.9994 2.7706
0.0002 5.3136
9999.9994 67.5266
9999.9994 48.9184
0.0009 29.8470
9999.9990 98.2981
9999.9994 9.9157
0.0011 9.7657
0.0008 33.4327
9999.9992 56.7753
0.0003 69.6474
0.0005 57.4907
0.0003 1.5991
0.0010 96.0502
9999.9998 3.4098
0.0010 90.9319
0.0008 11.9688
0.0001 49.9242
9999.9999 16.6954
9999.9993 68.7986
0.0009 57.1570
9999.9994 36.9069
0.0006 40.9165
0.0001 31.9507
9999.9998 70.9172
0.0007 28.5824
0.0006 59.1138
0.0008 68.1196
9999.9996 58.5936
9999.9993 97.2858
9999.9996 94.3383
0.0003 36.7812
9999.9991 38.3601
0.0008 36.2037
0.0007 73.0624
9999.9997 83.3152
0.0003 30.5668
0.0010 72.9061
0.0008 59.0132
2 99.9995 28.7422
80.3785 0.1692
99.9999 28.7422
2 99.4808 76.9326
99.9999 76.9326
100.0000 76.9326
24 0.0005 49.7415
9999.9992 36.8720
9999.9995 69.9587
3213.1191 79.9493
0.0009 59.3459
876.9136 38.6491
4579.5378 84.3562
9999.9993 52.1002
0.0002 72.2395
9999.9992 26.6957
758.9991 49.7415
5240.1609 72.1669
0.0004 0.8742
9364.4847 89.5353
0.0006 78.6756
2369.5001 94.8302
7909.3811 58.7307
0.0005 14.6508
10000.0000 80.4924
9999.9993 18.2718
9999.9991 9.1961
0.0009 60.2525
0.0008 15.7258
0.0003 70.3584
9999.9991 10.5462
49 459.9029 35.4444
8819.5356 6.1828
4492.6398 98.0490
8394.3057 8.6260
7124.4489 90.8538
7515.5641 4.6968
6622.7838 2.3496
507.3425 90.0107
5426.6609 6.8994
6684.5841 5.6680
374.7998 90.0414
9418.4835 92.1888
1592.9197 93.9167
638.1721 2.3301
4954.2063 8.4794
3049.7587 98.0172
7930.5227 97.8827
7292.2293 9.7166
3584.3955 5.1150
2123.3456 93.6723
3263.2598 96.5434
5777.1311 5.8422
6085.5094 5.9673
2871.0245 92.9730
8079.3719 92.4929
6204.6814 1.8538
6912.2277 3.6803
8520.2551 92.2387
687.4010 5.4113
2749.5473 4.9414
7199.3028 5.7777
6271.8608 97.0511
9669.2808 9.1979
4970.3725 3.4640
9085.6448 7.3838
8256.1739 6.1488
2481.5858 98.4261
3917.4857 97.8179
1777.3701 93.1775
90.5713 1.4894
7821.0484 93.6690
7787.9294 5.6795
4034.1436 93.9704
5295.8400 8.6675
5334.9502 4.4855
3896.6150 6.7309
2377.9605 4.6877
9852.7411 3.3625
6226.2570 94.5505
124.9843 2.9842
96 9999.9996 47.2659
9999.9999 42.8637
9999.9995 31.3595
9999.9994 49.3648
9999.9994 2.2169
9999.9998 15.3303
10000.0000 34.3072
9999.9999 60.0885
9999.9997 91.6737
9999.9999 97.4314
9999.9993 87.1811
10000.0000 14.7238
9999.9997 27.4347
9999.9997 25.6891
9999.9997 14.4340
9999.9994 61.8915
9999.9997 17.3578
9999.9992 93.7862
9999.9995 62.6476
9999.9999 36.4450
9999.9999 23.6927
9999.9995 39.0946
9999.9999 26.1052
9999.9997 86.4813
9999.9994 6.3942
9999.9995 90.6647
10000.0000 59.7505
9999.9996 44.7254
9999.9991 0.9151
9999.9995 22.3294
9999.9999 47.6841
9999.9991 31.7589
9999.9994 67.6141
9999.9990 3.1225
9999.9990 6.2500
9999.9999 94.6305
9999.9997 97.6315
9999.9993 61.1004
9999.9999 6.4647
9999.9993 68.4389
9999.9997 81.8882
9999.9995 24.3539
9999.9994 91.5484
9999.9996 68.7786
9999.9991 75.4771
9999.9997 81.2566
9999.9995 38.5746
9999.9992 50.0959
9999.9994 27.4760
9999.9995 98.1396
9999.9995 20.6032
9999.9990 4.0595
9999.9995 5.7703
9999.9994 27.2298
9999.9992 54.0391
9999.9996 89.6491
9999.9996 67.4835
9999.9995 23.2810
9999.9996 61.9758
9999.9995 9.7551
9999.9994 35.3329
9999.9992 23.7247
9999.9995 15.9811
9999.9993 84.5034
9999.9995 84.4648
9999.9993 79.9337
9999.9993 91.7567
9999.9998 3.2096
9999.9993 65.6459
9999.9992 7.1401
9999.9992 83.7030
9999.9992 26.8814
9999.9990 82.7338
9999.9991 66.7009
9999.9992 48.5553
9999.9995 47.3332
9999.9997 81.6396
9999.9994 4.5151
9999.9995 29.9731
9999.9996 98.2937
9999.9997 17.5400
9999.9991 30.1697
9999.9998 31.9613
9999.9993 68.9273
9999.9998 53.5417
9999.9998 10.5127
9999.9993 35.6887
9999.9991 27.5174
9999.9998 21.5484
9999.9998 29.1689
9999.9996 77.6093
9999.9991 71.2375
9999.9991 5.1243
9999.9996 61.6213
9999.9995 85.2618
9999.9999 74.7001
9999.9990 20.8625
48 9999.9996 54.8056
9999.9993 77.6184
0.0002 32.3256
4611.3032 95.6821
2675.4468 76.6049
9999.9995 79.3102
0.0005 38.9582
0.0006 51.2701
4381.6451 7.5263
9999.9992 70.4928
9999.9993 4.0857
0.0010 24.5462
0.0011 17.0132
0.0009 53.8906
662.7392 99.6625
9999.9992 44.6744
0.0010 84.5676
2669.4088 61.4462
6586.1162 68.8199
9379.9205 48.2038
9999.9993 83.2424
9999.9991 20.3091
9698.5600 46.9340
9999.9991 30.5223
0.0003 96.4194
2723.7253 95.5163
8449.6600 34.6760
9999.9992 30.3402
9999.9997 65.6885
9745.6411 55.7945
9999.9993 81.6520
9999.9996 41.7568
0.0005 9.5379
9999.9996 97.7092
0.0010 27.7584
9999.9996 99.7601
5420.7763 10.0959
0.0007 9.0921
9722.7710 83.1197
7762.6310 89.4830
0.0005 83.4837
9999.9996 38.0962
0.0009 52.8980
0.0003 89.6453
9999.9993 73.2948
0.0010 15.6197
0.0011 70.2226
3347.4657 35.0330
2419.6748 26.2684
16 9999.9999 3.7597
9999.9991 70.4435
9999.9997 42.5668
0.0002 3.7597
9999.9993 64.1747
9999.9994 78.7399
9999.9999 72.1522
0.0008 77.0047
0.0005 31.0802
0.0006 22.0650
0.0008 67.9909
9999.9997 58.4168
0.0008 90.2347
9999.9996 16.0888
0.0009 84.8641
0.0010 36.5001
9999.9996 7.2813
2 99.9998 44.9488
0.0006 1.6677
99.9997 44.9488
100 1490.8386 88.5611
9999.9912 88.5611
9999.9963 88.5611
9999.9919 88.5611
9999.9939 88.5611
9999.9948 88.5611
9999.9987 88.5611
9999.9945 88.5611
9999.9983 88.5611
9999.9952 88.5611
9999.9904 88.5611
9999.9927 88.5611
9999.9930 88.5611
9999.9981 88.5611
9999.9944 88.5611
9999.9942 88.5611
9999.9990 88.5611
9999.9947 88.5611
9999.9901 88.5611
9999.9961 88.5611
9999.9953 88.5611
9999.9985 88.5611
9999.9994 88.5611
9999.9986 88.5611
9999.9972 88.5611
9999.9967 88.5611
9999.9970 88.5611
9999.9908 88.5611
9999.9960 88.5611
9999.9935 88.5611
9999.9995 88.5611
9999.9922 88.5611
9999.9992 88.5611
9999.9988 88.5611
9999.9989 88.5611
9999.9979 88.5611
9999.9941 88.5611
9999.9958 88.5611
9999.9977 88.5611
9999.9938 88.5611
9999.9937 88.5611
9999.9962 88.5611
9999.9909 88.5611
9999.9959 88.5611
9999.9903 88.5611
9999.9982 88.5611
9999.9931 88.5611
10000.0000 88.5611
9999.9910 88.5611
9999.9954 88.5611
9999.9949 88.5611
9999.9923 88.5611
9999.9968 88.5611
9999.9933 88.5611
9999.9925 88.5611
9999.9974 88.5611
9999.9934 88.5611
9999.9905 88.5611
9999.9969 88.5611
9999.9928 88.5611
9999.9956 88.5611
9999.9999 88.5611
9999.9918 88.5611
9999.9965 88.5611
9999.9980 88.5611
9999.9976 88.5611
9999.9914 88.5611
9999.9997 88.5611
9999.9929 88.5611
9999.9932 88.5611
9999.9917 88.5611
9999.9991 88.5611
9999.9971 88.5611
9999.9913 88.5611
9999.9915 88.5611
9999.9902 88.5611
9999.9926 88.5611
9999.9998 88.5611
9999.9993 88.5611
9999.9921 88.5611
9999.9966 88.5611
9999.9920 88.5611
9999.9964 88.5611
9999.9957 88.5611
9999.9916 88.5611
9999.9946 88.5611
9999.9924 88.5611
9999.9940 88.5611
9999.9951 88.5611
9999.9955 88.5611
9999.9978 88.5611
9999.9936 88.5611
9999.9996 88.5611
9999.9943 88.5611
9999.9911 88.5611
9999.9973 88.5611
9999.9907 88.5611
9999.9906 88.5611
9999.9950 88.5611
9999.9975 88.5611
9999.9984 88.5611
96 7329.9832 98.7796
824.1844 0.8340
4623.3660 91.9956
9586.8296 8.7416
5977.2438 5.3312
6836.7981 10.0290
3296.1164 0.5270
9934.3871 95.5676
139.2072 0.2143
4551.2919 0.2313
2700.7009 94.8276
2222.4065 8.4702
9278.4467 6.5398
7950.6259 9.7982
1950.4195 8.2549
393.7466 3.4782
8960.4248 95.5060
1825.1792 97.2083
6460.7918 97.3588
5936.5939 93.8607
8987.1192 5.9255
2171.2713 99.6330
1669.2862 5.6028
6480.4927 7.2644
2730.5536 6.6716
3403.5576 92.0668
9036.1061 99.4957
1694.2853 95.4498
616.9348 6.6559
1754.1670 5.0365
9190.9173 6.2717
9621.2795 98.8678
7490.0118 7.9745
3300.8382 98.1162
1809.0770 8.7712
197.8093 97.4105
1079.3524 2.5505
482.4713 90.1961
7497.1310 3.9280
5225.6146 98.9011
7697.3094 2.3305
1628.9683 2.2445
3898.9471 3.8199
4386.8202 96.2133
6944.4088 95.7278
4347.3890 92.5567
6083.0258 99.2188
6972.3073 6.8496
6699.7414 92.6921
9117.6991 1.6998
8092.8936 93.5539
7668.7194 3.9544
9597.0111 92.7522
7436.8379 96.2809
5192.8711 95.1966
5843.5297 96.4759
9312.7783 6.2650
5874.4370 7.9982
1125.6238 4.8502
9613.8607 91.1450
2418.9912 97.3822
7101.6164 5.5335
6431.4156 7.9063
2119.2270 95.9231
2030.2088 6.4399
9279.0105 5.5307
1755.8502 3.1522
5087.0857 95.4051
6108.4622 2.3392
4999.2756 6.5843
8869.5118 6.6358
5191.2851 91.4850
5037.4597 5.7168
5931.0229 95.4795
1074.2069 99.1860
8283.8901 99.4125
1615.6402 98.1651
8128.8966 3.2295
1002.6823 3.9918
5.5719 0.5472
8082.0846 3.1114
4296.2299 3.9420
4429.4910 4.7433
4316.9884 96.6692
889.1552 8.0196
5392.0053 1.4459
5914.3458 4.0766
2951.9933 97.2507
6070.5300 90.6666
6738.6703 99.1308
6195.7573 95.2248
2228.4306 6.1003
9272.0890 2.4796
9358.5344 3.3368
6157.4423 94.3083
1922.2073 93.1689
3872.8186 7.6916
2 59.1081 96.8236
85.9566 98.5488
45.9915 93.5993
69 0.0003 0.4601
0.0005 45.7030
0.0005 45.3767
9999.9998 0.4601
0.0009 60.9591
0.0008 20.7565
9999.9994 47.1350
0.0002 7.9076
0.0004 29.5343
0.0005 34.9725
9999.9990 79.3472
9999.9999 39.7762
0.0004 14.8755
9999.9991 27.4495
0.0010 85.5545
9999.9995 21.4491
9999.9993 78.8373
0.0008 69.2003
9999.9996 54.5676
9999.9997 26.1408
9999.9993 23.5744
9999.9996 45.9294
9999.9992 19.8993
9999.9997 77.7507
0.0002 42.1356
9999.9994 9.4806
0.0005 27.0589
0.0005 54.5102
9999.9995 68.9806
0.0008 1.1515
0.0003 11.9818
0.0003 90.9251
10000.0000 21.1211
0.0009 42.8722
9999.9995 10.2430
0.0003 1.7155
0.0005 31.9290
0.0002 99.0843
9999.9995 53.5373
9999.9993 87.2500
0.0011 71.6911
9999.9992 67.1063
0.0002 39.0989
0.0002 55.9317
9999.9991 54.3504
9999.9994 24.0949
0.0002 91.9919
9999.9991 54.8110
0.0007 7.7332
9999.9999 49.8281
0.0005 36.3774
0.0005 35.3158
9999.9991 93.2458
0.0010 99.8875
0.0001 2.5078
9999.9997 98.9197
9999.9998 88.3989
9999.9997 44.8396
0.0008 16.0197
0.0011 42.9965
9999.9999 49.8320
0.0006 53.3473
9999.9992 98.7422
9999.9999 0.6692
9999.9997 40.5804
0.0010 24.8991
9999.9996 10.9896
9999.9991 76.9767
0.0008 85.5140
9999.9997 19.7165
10 1046.6598 96.0116
7522.3795 14.5510
2366.6846 56.4759
3120.9262 37.6128
975.8501 11.0985
721.2782 44.1929
376.5809 29.2514
2247.8886 96.0109
9274.2253 63.4051
6914.5556 71.6506
98.5886 70.8575
2 100.0000 88.3983
0.0001 88.3983
99.9999 88.3984
63 0.0005 51.4884
9999.9993 69.5843
9999.9996 5.6771
9999.9997 96.5680
9999.9997 72.6926
9999.9998 35.7776
9999.9991 0.8429
9999.9995 94.5835
9999.9993 95.8419
9999.9996 38.2533
9999.9997 81.5921
9999.9992 91.7830
9999.9992 22.6858
9999.9997 69.4955
9999.9997 71.0916
10000.0000 1.7616
9999.9991 83.5414
9999.9991 23.2215
9999.9990 22.2437
9999.9990 1.2091
9999.9993 64.5779
9999.9999 13.5375
9999.9994 8.4981
9999.9999 52.3242
9999.9998 65.6086
9999.9993 53.1993
9999.9998 45.4609
9999.9996 46.7296
9999.9992 79.0865
9999.9996 2.7442
9999.9997 62.8058
9999.9995 99.4080
9999.9991 83.0649
9999.9996 83.1470
9999.9999 66.4475
9999.9996 88.1004
9999.9991 72.0386
9999.9994 84.1351
9999.9994 49.7905
9999.9996 53.1029
9999.9998 18.9374
9999.9991 34.5918
9999.9991 80.6900
9999.9999 52.4877
9999.9994 39.3675
9999.9997 86.1287
9999.9996 42.8889
9999.9991 36.3549
9999.9997 55.0080
9999.9996 82.9589
9999.9994 31.6910
9999.9995 27.7088
9999.9992 86.2880
9999.9991 75.7803
10000.0000 43.6741
9999.9996 44.1287
9999.9991 4.0950
9999.9999 30.6610
9999.9994 67.9643
9999.9996 6.1177
9999.9994 2.3851
9999.9996 39.6677
9999.9992 36.9278
9999.9991 65.0144
95 9999.9994 99.0848
9999.9994 60.5001
9999.9997 17.5340
9999.9995 3.0786
9999.9993 99.0848
9999.9995 9.3396
9999.9991 10.0105
10000.0000 98.4120
9999.9993 59.5388
9999.9995 82.3624
9999.9992 40.7364
9999.9990 97.6531
9999.9994 11.7967
10000.0000 45.7027
10000.0000 59.9824
9999.9999 10.2233
9999.9992 40.5497
9999.9998 96.3418
9999.9997 98.3970
10000.0000 31.1382
9999.9998 98.7485
9999.9993 41.1129
9999.9998 94.5060
9999.9994 68.5332
9999.9994 59.1026
9999.9995 70.7266
9999.9992 30.7888
9999.9991 29.5871
9999.9997 89.6237
9999.9995 27.0338
9999.9994 56.8712
9999.9998 39.4803
9999.9998 3.1203
9999.9999 23.2738
9999.9991 73.9595
9999.9993 81.4015
9999.9996 56.0024
9999.9990 44.9931
9999.9995 59.1229
9999.9998 44.6364
9999.9998 58.0389
9999.9993 48.7826
9999.9995 43.3577
9999.9992 60.5462
9999.9997 16.4104
9999.9991 30.9246
9999.9999 37.6984
9999.9999 13.4588
9999.9996 9.3889
9999.9998 88.1565
9999.9995 44.6378
9999.9992 6.1637
9999.9996 94.2736
9999.9993 95.1475
9999.9998 31.6870
9999.9997 60.7329
10000.0000 66.9570
9999.9992 0.1710
9999.9994 6.2602
9999.9999 85.5314
9999.9996 4.2308
9999.9996 79.8418
9999.9999 52.2553
9999.9992 0.2350
9999.9994 46.4189
9999.9999 60.8128
9999.9995 74.9326
9999.9999 96.3812
9999.9995 46.1904
9999.9998 30.3357
9999.9995 74.8573
10000.0000 29.1178
9999.9996 19.9415
9999.9995 64.7399
9999.9991 12.0566
9999.9997 74.4069
9999.9999 67.4687
9999.9998 17.5664
9999.9997 22.0692
9999.9990 11.0879
9999.9995 13.0726
9999.9993 85.5676
9999.9993 13.2762
9999.9992 18.2910
9999.9997 60.2267
9999.9997 3.2125
9999.9995 89.9548
9999.9994 55.9858
9999.9991 88.7233
9999.9998 75.2103
9999.9998 85.5209
9999.9995 88.7659
9999.9996 64.0283
9999.9998 72.1169
9999.9996 4.3642
9999.9995 7.6837
87 0.0003 98.4824
0.0009 54.7994
9999.9998 3.7161
9999.9995 27.7400
9999.9992 76.2552
0.0003 97.9815
10000.0000 67.6768
0.0004 8.8266
9999.9993 24.3917
9999.9994 60.0490
9999.9993 49.5188
9999.9995 16.8492
9999.9995 2.1912
0.0010 24.8697
9999.9995 5.4829
9999.9990 62.3953
0.0002 74.2122
0.0007 33.3629
0.0005 94.0659
0.0008 45.3292
9999.9994 3.2177
9999.9990 55.5123
0.0008 17.7292
9999.9991 18.3924
0.0009 44.4604
0.0002 17.0058
0.0005 66.8664
0.0007 49.5832
9999.9992 95.6624
9999.9991 52.8933
9999.9994 60.4700
0.0009 81.7074
0.0006 68.8446
9999.9998 8.6629
0.0005 98.1626
0.0006 97.8345
9999.9996 64.3140
0.0009 78.5218
0.0010 13.7378
9999.9997 62.0401
0.0007 27.6063
0.0004 50.9383
9999.9993 22.1016
0.0002 3.5317
0.0005 21.2750
0.0006 79.7383
9999.9997 69.3709
9999.9995 26.3598
0.0007 99.4574
0.0001 34.5363
0.0007 60.4734
9999.9997 97.1061
0.0003 16.1610
9999.9990 56.1801
9999.9999 42.9031
0.0007 85.1675
0.0009 95.0472
9999.9997 1.1493
9999.9993 25.8453
9999.9993 62.3652
0.0003 77.5548
9999.9996 92.0220
0.0009 74.7389
9999.9998 29.7405
9999.9990 44.7979
0.0007 48.9357
9999.9997 33.4341
0.0011 64.3370
0.0010 20.3033
9999.9993 24.3982
9999.9990 78.3541
9999.9995 67.3857
0.0006 57.1316
9999.9995 19.3813
9999.9999 62.9129
9999.9998 34.4796
0.0007 9.1042
9999.9997 14.7487
0.0006 88.8959
0.0010 62.1992
0.0008 49.9277
9999.9994 34.6678
0.0003 83.6594
0.0007 98.3675
0.0006 32.3102
9999.9996 36.1864
0.0002 82.6173
9999.9996 63.1225
40 9999.9998 1.2752
1056.7434 64.1784
3302.5483 9.3139
9999.9995 2.8965
3688.8867 87.2994
8104.0784 61.9530
0.0004 32.0715
0.0003 1.2752
0.0007 70.3122
9999.9994 63.4423
10000.0000 78.1499
7870.8557 32.1168
0.0009 4.3954
9613.4112 13.7877
0.0004 74.7811
9999.9992 16.2321
0.0011 80.6862
9999.9998 35.9264
9999.9990 47.7268
9205.0266 46.1961
0.0001 86.4209
9999.9994 56.0855
0.0004 62.7268
6647.4105 72.6281
9999.9995 12.6954
797.3854 67.9112
9999.9997 64.0845
10000.0000 56.9298
0.0005 68.4663
7814.3096 34.4752
9999.9998 22.2831
0.0006 33.8902
0.0004 3.6125
6324.6635 80.3695
9999.9996 72.1257
9999.9993 9.0192
6697.3711 58.9366
9999.9995 23.1198
3006.6745 31.7495
0.0003 38.5414
0.0002 51.8359
84 9999.9991 0.3105
9999.9995 22.7949
9706.1628 22.7301
8471.6822 39.7680
9999.9997 14.9387
0.0002 20.8060
9999.9997 40.8147
786.2355 82.6394
9999.9997 0.3100
9999.9999 52.0213
9053.2839 64.0774
9999.9992 97.6909
9986.6399 12.2617
0.0002 56.5217
9999.9996 40.0478
8940.9729 42.9176
0.0004 72.1392
9999.9993 94.5893
93.2715 71.2522
3672.7185 17.3912
0.0006 82.3774
9999.9993 83.6442
9999.9994 77.3972
349.3402 72.9029
0.0008 67.4201
0.0002 36.0847
0.0008 94.9402
5192.1278 5.3068
3164.7968 53.1571
0.0006 68.9306
7553.5931 72.8279
412.9999 29.5547
1657.7338 79.8740
0.0002 76.6987
0.0002 9.9477
0.0007 62.7155
0.0002 4.5271
4635.3283 17.7845
9999.9994 85.1469
1121.4981 49.6047
3338.5638 68.1267
0.0009 76.0209
9999.9994 51.1136
9999.9999 95.8045
7834.6635 30.8690
0.0002 51.6574
0.0001 77.4106
0.0005 1.4196
9999.9991 62.8915
9999.9994 41.9949
9999.9992 86.1690
9999.9998 65.5061
4626.9897 51.2086
9999.9993 2.2645
9999.9995 57.2063
694.4259 97.7628
0.0003 89.8562
0.0007 98.8463
9999.9990 45.4618
9999.9995 22.2176
9999.9992 23.2960
0.0011 32.3263
1209.5302 21.3759
9999.9992 6.7791
9999.9991 9.8623
0.0004 28.8499
9999.9994 96.4955
0.0001 40.4445
6151.6695 29.4030
8185.3108 38.2408
0.0002 12.3316
0.0007 7.4888
9999.9994 98.1519
9976.2163 12.4911
6666.3365 28.5505
0.0007 12.3588
0.0005 59.7499
9999.9994 73.8118
0.0003 40.2211
9999.9998 13.2692
8210.7140 19.7447
892.6921 39.5095
0.0008 63.1606
0.0007 67.5239
7466.3338 20.5308
2 0.0001 0.1000
0.0001 0.1001
0.0001 0.1002
2 100.0000 88.3984
99.9999 88.3984
0.0001 88.3983
90 9999.9991 52.9005
0.0004 46.2379
0.0002 47.3654
0.0008 87.3441
0.0003 36.0794
0.0005 86.0770
0.0004 45.0567
0.0006 15.4053
0.0004 97.1759
0.0002 33.9527
0.0005 16.2469
0.0002 75.1474
0.0003 80.0756
0.0007 73.4256
0.0004 74.6832
0.0007 36.3820
0.0009 60.5494
0.0008 57.6657
0.0005 96.2662
0.0009 18.3032
0.0005 39.6062
0.0010 55.9906
0.0002 7.4852
0.0001 23.4396
0.0006 66.5602
0.0006 40.1805
0.0006 81.1406
0.0011 63.2070
0.0006 60.6237
0.0002 57.6713
0.0009 73.2224
0.0009 26.3260
0.0011 46.6129
0.0008 16.1182
0.0006 39.6393
0.0002 82.9763
0.0007 3.8091
0.0009 18.2322
0.0008 53.4092
0.0009 71.2468
0.0002 28.8100
0.0005 68.6337
0.0008 80.3976
0.0001 54.5604
0.0008 82.1600
0.0001 71.1896
0.0011 24.0600
0.0003 79.7565
0.0011 52.7172
0.0005 90.9443
0.0002 53.9649
0.0004 11.4269
0.0011 77.4066
0.0009 35.3043
0.0003 69.4173
0.0010 49.4587
0.0009 9.8284
0.0004 4.2528
0.0005 27.8273
0.0003 34.4900
0.0005 95.8164
0.0007 72.7768
0.0009 42.9305
0.0009 91.1635
0.0007 64.2950
0.0006 21.8001
0.0005 82.8079
0.0002 38.3191
0.0007 5.2630
0.0005 93.7864
0.0001 3.0537
0.0001 76.0086
0.0005 23.7483
0.0006 79.3054
0.0004 87.5993
0.0007 91.1284
0.0010 76.6233
0.0007 82.6006
0.0005 34.9224
0.0006 35.3719
0.0011 48.3153
0.0010 20.5607
0.0005 45.0937
0.0003 96.9936
0.0002 68.1213
0.0006 27.0324
0.0003 1.9518
0.0009 68.6855
0.0002 39.1018
0.0010 61.3403
0.0008 66.9864
78 4862.8680 0.1000
1354.3214 23.1810
9992.7852 5.0923
2025.3790 42.3952
245.3932 54.0794
7066.7095 78.0387
1015.1297 42.5268
2002.6847 49.8567
242.1054 17.0619
3820.4162 17.6901
6643.9563 56.4432
2946.0785 44.1632
1673.4346 29.5429
5923.1802 72.2978
3674.9874 16.9753
1861.2029 69.9242
4973.4638 37.4774
1226.2796 75.4675
3181.0334 52.1942
6648.7064 98.7391
1653.4025 83.0650
5022.3052 37.1193
2891.0752 29.1979
4387.3832 44.5990
6704.7877 5.3875
9088.6848 63.3302
1661.5180 64.5585
6475.7288 80.6539
5098.1966 17.1631
1484.7188 0.6637
738.2689 46.4836
5494.9724 11.4872
63.9971 81.8338
2910.8662 17.0447
8344.4666 0.1000
4583.3204 22.4911
9767.6765 55.3899
5138.8563 51.9032
8794.0461 73.7424
9850.2264 78.3641
6827.9550 54.1207
7564.0844 67.6322
493.0581 80.6327
4451.5069 42.9565
4004.2755 16.0728
9716.2877 37.6880
2761.3686 31.4251
7352.0462 45.9269
1980.3348 85.3070
2979.9893 50.9229
721.2973 52.3890
6993.3492 38.2204
5656.0206 16.1468
7195.0895 77.9462
6997.5936 2.9184
1269.7109 90.5048
1556.6931 15.5382
7646.4637 11.9374
1223.6556 80.3594
4578.3276 41.8490
1906.7560 90.1332
3346.2906 94.2608
3956.9503 51.8480
42.8737 6.0338
9185.5597 55.3445
5887.4440 14.1922
5134.1395 83.4026
3794.0879 29.9632
7016.2927 16.7191
9948.9525 16.1868
556.1573 43.3190
2603.8050 18.7530
3135.9300 78.1166
7564.1813 68.7693
3841.1002 30.7753
5382.7546 81.6637
55.5980 83.8500
17.5859 85.7073
7207.3766 80.0660
62 9999.9992 76.9239
0.0006 47.5549
2494.5674 24.4340
0.0007 20.8724
0.0004 93.9730
0.0004 34.8802
9220.4911 76.9239
5436.9567 81.3527
0.0008 73.6834
8284.7103 61.9928
9999.9995 81.2425
9999.9990 86.4771
2707.6291 52.2693
0.0007 36.4864
9999.9997 21.4700
9999.9991 85.5287
0.0003 98.3355
5290.3139 83.8035
0.0003 79.7507
1183.3999 53.7421
9999.9997 4.0112
0.0003 63.7957
0.0007 25.1285
9002.9685 41.0325
5249.7654 58.6925
7386.3568 0.8435
9999.9999 44.1963
646.8019 30.7716
0.0008 93.6027
8138.0710 12.9065
9999.9991 30.2321
9999.9993 95.9810
0.0008 37.1125
9999.9991 93.0763
1787.6679 70.3061
9999.9998 74.8190
8520.5971 52.8113
9999.9991 26.2556
6887.6260 97.7916
9542.1494 7.8186
0.0004 13.4379
3891.9851 23.9984
1107.5013 45.8908
9999.9996 82.9930
9999.9996 67.8189
0.0008 55.0211
9999.9994 62.1091
0.0003 21.4241
0.0003 31.4687
10000.0000 91.5789
9999.9999 64.4087
7577.1737 99.7220
0.0008 55.2506
9999.9992 60.5957
9999.9993 72.6780
0.0006 90.4253
0.0009 69.8841
9999.9991 78.4474
1378.7863 93.6140
1220.4732 32.0039
9999.9990 61.0997
0.0002 55.3971
9999.9995 35.3539
2 100.0000 65.1586
0.0001 65.1587
99.9999 65.1586
66 0.0004 0.9695
9999.9990 52.3252
9999.9993 7.2692
9999.9998 75.7930
9999.9997 15.0548
9999.9999 60.3149
9999.9993 46.9185
9999.9996 63.0026
9999.9995 79.2515
9999.9992 24.8824
9999.9992 34.2608
9999.9997 12.3559
9999.9994 45.2224
9999.9994 92.6648
10000.0000 24.2760
9999.9993 55.4221
9999.9992 25.6950
9999.9998 20.5655
9999.9990 9.6105
9999.9993 25.8071
9999.9990 66.6917
9999.9990 41.0467
9999.9999 52.7543
9999.9993 61.8242
9999.9994 63.4271
9999.9999 51.7449
9999.9990 6.0337
9999.9992 20.7123
9999.9991 50.8202
9999.9999 69.7829
9999.9998 8.3759
9999.9999 81.6290
9999.9998 74.8144
9999.9995 0.9684
9999.9997 10.8625
9999.9994 50.9219
9999.9995 6.3915
9999.9992 50.0837
9999.9996 66.0954
9999.9991 24.9718
9999.9997 18.9984
9999.9994 16.0019
9999.9998 38.3167
9999.9991 4.1428
9999.9998 40.7602
9999.9996 69.9786
9999.9991 37.3086
9999.9999 16.4984
9999.9997 84.2431
9999.9992 66.2660
9999.9998 36.9414
9999.9992 57.1069
9999.9997 34.4187
9999.9991 58.9896
9999.9995 42.1029
9999.9995 46.3441
9999.9995 27.5938
9999.9994 80.4719
9999.9991 55.1896
9999.9993 34.3897
9999.9999 91.5529
9999.9996 86.1902
9999.9992 12.0918
9999.9994 48.2093
9999.9993 98.3702
9999.9991 60.8688
9999.9992 75.3309
34 0.0002 58.8384
10000.0000 48.4979
9999.9991 65.0075
9999.9994 45.3429
0.0003 87.8803
9999.9992 56.3547
9999.9990 58.8384
9999.9997 44.4510
9999.9998 72.2285
0.0007 50.2610
0.0009 40.6394
9999.9990 6.0617
9999.9995 31.8623
9999.9999 43.7640
9999.9998 46.9535
0.0005 75.9315
0.0005 91.8469
0.0003 42.0130
9999.9993 49.0895
0.0009 12.1247
9999.9998 64.7851
0.0002 0.5941
0.0004 75.1320
0.0003 17.0562
0.0006 24.8077
0.0008 42.5895
9999.9997 82.6435
9999.9994 69.3265
0.0007 84.4550
0.0001 73.0599
0.0008 60.5853
0.0008 99.8259
9999.9991 49.3461
9999.9999 90.4729
0.0004 11.2138
9 9999.9996 51.1659
9999.9996 76.1553
9999.9997 97.9863
9999.9995 60.5750
9999.9997 56.4171
9999.9996 51.1659
9999.9995 13.2313
9999.9996 63.5933
9999.9998 83.2146
9999.9992 56.9819
100 0.0009 98.4259
0.0004 40.2685
9999.9996 45.8682
0.0011 32.9567
9999.9998 3.6751
9999.9996 65.7232
0.0006 14.5550
0.0007 45.3450
9999.9999 66.0334
9999.9998 62.0579
9999.9996 67.9939
0.0008 12.8967
0.0004 11.3936
0.0009 41.8966
0.0001 24.4658
9999.9995 51.0635
0.0004 20.7415
9999.9996 96.5310
9999.9999 77.0511
9999.9994 21.9162
9999.9992 39.9484
9999.9993 82.2245
0.0007 5.9064
9999.9998 47.9140
9999.9994 57.8882
0.0004 18.9659
0.0002 57.4514
9999.9997 90.5714
0.0001 15.8273
0.0002 67.3589
0.0010 46.4078
0.0005 73.3216
0.0008 82.9594
10000.0000 6.4898
9999.9995 1.3372
9999.9996 14.5699
9999.9996 20.1132
10000.0000 80.6354
9999.9997 80.7775
0.0004 16.0103
9999.9998 78.9889
9999.9992 82.4995
9999.9991 41.1368
9999.9999 68.7932
9999.9996 27.2311
9999.9998 55.0019
0.0002 76.5488
0.0006 28.6653
9999.9994 10.7276
0.0006 59.0332
0.0011 26.8197
9999.9997 22.4899
9999.9997 41.6936
0.0003 32.9239
0.0004 24.2260
9999.9997 47.2105
0.0009 68.1899
9999.9993 39.6357
0.0009 97.6084
0.0010 31.2809
9999.9991 98.4259
9999.9992 35.0521
9999.9991 95.0871
0.0008 82.4608
0.0002 31.9482
9999.9995 75.1176
0.0002 30.5083
0.0008 9.7699
0.0010 34.7982
0.0002 64.1305
9999.9996 52.9001
0.0010 35.9219
0.0008 64.7309
0.0003 72.3442
0.0001 91.5285
9999.9994 50.6356
9999.9999 24.0687
9999.9992 36.6027
0.0011 31.2087
9999.9994 78.4596
9999.9994 72.9006
9999.9999 60.3914
9999.9993 89.1627
9999.9991 35.9749
0.0011 55.6570
9999.9996 55.8698
9999.9990 52.4899
0.0009 11.4646
9999.9998 26.2675
0.0011 94.9672
9999.9990 91.3569
9999.9997 92.7202
0.0002 96.4015
0.0008 13.3384
0.0001 31.5792
0.0002 72.5309
0.0006 93.6470
0.0008 20.6267
0.0008 10.3900
0.0004 39.5414
0.0005 28.0255
64 7536.7274 0.9907
9871.8865 99.8770
3612.0127 97.8447
9115.8002 8.8202
8076.4934 97.7104
7761.8159 1.5603
7479.7118 91.2458
2986.9946 2.6059
930.5964 7.9751
9752.3333 5.4283
8083.1839 96.2773
2211.1200 1.3814
997.0787 6.1849
2046.7309 92.4851
287.2842 3.3971
5464.7020 1.9232
1504.5800 2.4520
8332.5542 9.4113
9174.7762 5.8552
6226.5842 97.0617
8055.3060 93.2010
6573.1689 94.2163
2348.8154 93.9268
1285.4725 97.5394
6998.6672 90.9657
7835.4082 2.6137
8047.4829 6.9655
3191.7679 0.5018
8873.6948 6.0562
2060.8677 93.1855
7480.1102 5.8701
1855.3395 8.6510
2449.4878 94.3756
3015.4204 9.2768
9258.4014 99.4595
6438.5465 97.0947
6233.6232 6.9403
5698.3051 7.6599
9016.6842 7.3324
6025.1217 4.5010
2434.1819 7.2273
2896.2113 96.5937
908.8162 2.3498
7677.8104 91.5094
8902.1606 9.3299
4101.2492 8.2065
7160.8039 93.1182
729.8119 95.8725
1542.7494 95.3801
1050.8258 93.6231
3057.3394 3.0601
126.0596 90.5338
6876.9111 97.3428
4220.4656 97.6506
3538.3688 3.2216
7386.4099 9.3138
2487.9522 91.9440
2204.7997 4.7220
3591.6718 7.4818
8377.2080 7.6413
5959.3975 8.4836
6902.6056 8.4487
8516.5749 9.9773
6575.1700 1.0967
3680.3919 98.0979
28 8675.7824 99.2313
7659.7834 32.9297
2051.0705 11.7164
2930.8890 69.2425
4382.8967 65.7197
8545.2206 28.7632
7364.2396 16.8473
8352.3199 97.9797
789.9410 44.7663
2073.2783 20.8713
6116.0956 45.5825
1713.9774 83.0525
2057.1694 80.8265
1827.5437 29.3384
6309.0874 74.4726
9522.2337 34.6083
4441.1387 56.4747
2728.3817 37.0486
9921.4227 53.8715
2347.1263 57.9936
5864.8881 81.0376
4377.3257 11.0320
8237.5214 61.2579
7017.4814 99.2307
5356.8950 50.6280
2430.3236 81.4469
5612.7692 17.1381
699.7445 52.8790
5232.9084 10.4570
3 9999.9995 20.7206
0.0001 70.5633
0.0006 20.7206
0.0003 27.2900
61 0.0010 97.8042
0.0001 49.7128
0.0010 46.6348
0.0009 5.3815
0.0001 88.7926
0.0007 65.4768
9999.9996 23.6893
9999.9991 20.8709
0.0001 93.8142
0.0007 2.3935
10000.0000 96.2812
0.0007 18.8218
9999.9994 53.0263
0.0004 15.1646
0.0006 93.0462
9999.9991 24.9303
0.0008 4.8434
0.0008 53.0112
9999.9996 35.4181
9999.9994 50.4344
0.0003 35.8292
9999.9994 15.2946
9999.9992 75.0058
9999.9999 74.4826
0.0007 79.8252
9999.9991 20.9927
0.0002 29.0474
0.0009 50.4137
9999.9992 44.3405
9999.9998 68.9789
0.0006 30.1488
0.0003 71.0017
9999.9992 73.7322
0.0007 12.7664
0.0003 7.0335
9999.9994 21.7962
9999.9990 43.9442
0.0007 18.4352
9999.9991 84.5753
0.0005 74.8977
9999.9992 86.9339
0.0002 40.6327
9999.9999 82.0615
9999.9993 24.9388
0.0003 19.2697
0.0005 48.0113
0.0002 67.9408
9999.9997 33.2555
9999.9995 33.8846
0.0011 89.4839
9999.9991 92.8171
9999.9990 27.8153
9999.9993 45.4752
0.0008 88.7874
9999.9999 97.7858
9999.9997 98.6059
0.0005 9.0601
9999.9995 26.6700
9999.9994 52.8274
9999.9990 88.8070
9999.9991 71.8715
0.0009 4.2543
