100
266.32977 1.83193 1093.06344
493.87270 1.44486 1990.62196
496.66492 1.13649 1955.39348
4.0 4.0 1628.0
494.43232 1.01069 1930.00433
126.40028 2.54994 1389.72179
310.00000 2.00000 620.00000
496.21528 1.06403 1963.02972
485.0 1.0 627.0
243.8 3.67853 1636.531
492.78506 1.15881 1990.42526
493.22579 1.40368 1992.22652
493.58729 1.01459 1915.03827
467.54449 1.63879 426.61387
1.00000 2.00000 2.00000
78.0 4.0 1887.0
500.0 3.0 1854.507
1.00 3.5 1865.29777
475.8026 2.0088 1802.0
498.76263 1.04276 1906.43714
495.79577 1.06266 1996.56742
490.48263 1.46949 1952.32308
456.0 1.0 266.0
468.58600 2.91852 1831.93349
440.0 4.0 121.0
494.45643 1.21240 1975.45547
74.00000 2.00000 148.00000
493.96649 1.25610 1974.41537
449.00000 4.00000 473.00000
121.55920 1.7836 190.61848
125.29 2.4980 1882.4
119.96625 3.08692 1815.3
30.25907 3.47196 504.28057
496.93321 1.34855 1904.72152
273.57880 1.42235 1203.04596
166.0 4.0 491.0
47.07506 2.02833 1650.52516
497.666 1.8228 1864.5
7.36839 2.85675 794.92182
70.85 2.9633 1.0
490.02586 1.27894 1984.25842
172.62268 3.56375 1061.06869
134.30918 3.0 1831.0
497.57186 1.36588 1940.67895
493.63311 1.20112 1999.67016
318.0 3.68 625.562
490.34388 1.24670 1994.45451
331.27640 3.08269 896.78255
173.0 4.0 523.0
393.00000 2.00000 431.00000
1.06178 3.76054 1999.39494
413.642 4.00 150.91991
274.98024 1.04920 1411.50683
13.81694 3.40233 330.61194
166.14 1.5 1484.1
22.07 1.0 1485.9413
262.04920 1.57822 1240.41850
497.56518 1.00866 1934.02285
206.79224 3.85968 508.70674
495.33924 1.30384 1974.69880
2.18775 3.86610 3.40441
113.9 3.56585 839.035
76.0 4.0 203.0
290.0 3.0 545.0
1.08220 3.36395 1999.47010
77.00000 2.00000 154.00000
367.00000 3.00000 407.00000
277.00000 4.00000 317.00000
491.87379 1.44060 1922.70572
493.82842 1.10163 1945.29072
493.38767 1.46018 1998.66270
105.76336 2.31915 117.42977
495.01752 1.28500 1944.69785
496.22591 1.11882 1960.29233
495.53603 1.47761 1974.37616
491.57032 1.00587 1929.40694
492.93517 1.21980 1972.79548
106.0 4.0 961.0
316.36497 3.53872 727.99683
36.87523 2.14100 68.92345
74.0 2.0 1778.0
336.0 4.0 1638.0
312.88372 3.77 1840.5
497.95314 1.18721 1950.61713
330.0 2.0 685.0
1.00965 3.11731 1999.62129
100.25374 3.12792 1420.02911
162.0 1.716 2000.0
490.32087 1.28965 1992.95070
426.32377 3.19536 1709.69508
490.02606 1.38690 1989.79130
491.13650 1.11196 1958.09790
494.07549 1.30300 1950.15434
457.0 1.83 222.0
1.09077 3.34747 1999.78724
97.52 1.0 1038.970
497.95068 1.13852 1934.88015
493.98861 1.22364 1900.92840
494.54923 1.20781 1990.46661
45.58197 3.50570 1254.97897
