100
1000 1000 1
3 2 2
512 512 2
86 745 197
342 21 16
79 771 74
353 491 98
173 102 872
5 2 2
1 5 5
1 1 1
715 257 721
299 440 370
723 514 797
394 247 865
572 306 194
512 512 256
512 512 513
100 346 22
807 864 684
1 2 1
609 677 977
513 834 69
624 889 268
3 1 1
205 250 580
2 3 2
904 768 887
512 512 1
749 61 41
267 983 10
512 512 257
535 4 4
22 217 215
756 321 710
835 699 26
210 877 453
689 193 126
5 1 1
1 2 1
404 201 950
936 116 56
913 571 294
400 248 74
3 1 1
327 622 171
224 707 517
5 1 3
3 3 4
869 637 901
970 314 330
103 143 88
4 4 4
544 381 128
127 116 974
58 558 4
150 224 131
3 4 2
913 452 529
820 13 481
238 190 504
47 135 361
513 513 257
513 513 1
760 84 34
4 5 2
455 749 27
928 398 118
5 2 2
749 585 513
398 406 215
303 101 49
7 259 5
518 620 523
691 4 2
761 405 217
378 288 283
5 5 5
262 770 233
766 638 169
916 828 154
893 79 248
412 791 10
4 2 2
5 1 3
590 576 184
524 607 883
1 5 3
7 8 5
513 513 512
1 1 1000
2 5 2
513 513 2
45 56 35
25 424 18
513 513 256
808 223 129
2 3 2
2 1 3
294 658 853
