100 5000
420000
197000
391500
399000
455500
98500
167500
384000
138500
276500
238500
314000
182000
256500
476000
458000
317500
358500
70500
303000
8000
121000
68500
402000
78000
200000
64500
54000
499000
109000
256000
419500
306000
148000
318500
262000
246500
486000
146000
385500
263000
384500
200000
445500
141500
176000
403500
459500
34500
474500
262500
43000
96000
331500
445000
174000
32000
10000
228500
31500
119000
485000
451000
425000
133000
269500
187500
380000
256000
333500
265500
19500
218500
465500
465000
360000
142000
369000
319500
177000
343500
82500
220000
440000
414500
165000
114000
446500
175000
343000
478000
294000
328500
429000
219500
461500
199000
407000
342000
455000
3  22 96 93
1  89
4  44 62 29 79
2  45 23
2  28 56
3  17 91 11
1  50
5  99 94 69 39 75
3  30 24 59
2  16 74
1  80
1  75
1  96
1  53
2  25 80
5  66 97 64 76 10
1  53
1  7
2  47 82
4  76 6 16 100
2  89 13
6  6 88 8 1 93 60
2  17 40
6  82 36 56 58 46 69
1  54
5  31 100 58 88 75
4  4 75 84 93
6  84 98 75 91 99 67
3  17 84 89
1  65
2  63 23
5  32 33 24 8 64
2  66 52
6  29 55 72 12 48 60
6  46 34 85 44 1 35
4  84 24 68 49
3  31 72 19
4  5 42 70 68
4  35 19 61 63
5  33 75 21 93 69
4  26 54 9 27
6  69 10 12 37 58 60
4  29 78 33 19
6  1 83 34 19 44 96
6  77 70 13 69 39 78
6  92 87 21 80 55 30
6  91 88 50 58 17 28
6  50 47 85 30 19 69
5  14 61 50 84 73
2  23 50
1  14
3  33 94 91
4  84 82 50 34
3  66 61 26
1  8
1  65
3  29 34 10
3  94 59 27
4  77 49 16 89
4  52 21 56 43
5  40 25 33 73 64
6  34 90 14 42 1 79
5  30 12 87 73 5
3  99 71 22
3  87 10 39
2  66 81
1  6
1  46
5  70 45 12 59 58
4  60 37 31 89
3  17 61 53
4  60 24 83 8
1  93
2  49 23
5  30 36 88 35 82
4  4 26 78 63
6  31 23 20 62 11 68
5  72 21 41 32 44
2  39 54
1  56
1  39
3  31 74 27
4  56 92 69 81
5  32 65 1 54 85
4  65 52 41 37
5  81 68 16 4 7
5  19 62 71 57 1
1  31
2  66 86
2  35 67
6  66 32 89 19 16 51
5  68 91 20 40 71
6  55 74 94 24 93 56
6  50 56 94 80 82 60
4  100 94 33 88
4  64 76 78 80
2  61 48
2  80 87
6  67 42 62 60 65 54
1  58
1  71
4  84 52 12 49
4  5 82 39 64
3  15 42 25
3  2 72 58
5  59 45 48 100 6
1  65
4  23 22 64 93
5  47 44 86 96 95
6  77 34 54 22 48 95
3  89 97 19
3  79 77 91
2  77 97
2  41 57
4  63 20 48 37
4  92 22 61 87
1  38
2  65 60
5  60 6 57 25 2
3  1 93 61
5  89 94 18 45 49
5  64 97 16 30 89
3  90 75 48
2  95 13
6  63 72 93 19 29 17
2  63 18
1  23
6  2 17 12 47 65 92
1  62
1  40
3  44 30 25
6  57 20 4 44 82 76
3  100 4 53
2  67 70
2  89 65
3  6 77 81
5  69 91 32 76 30
5  19 60 6 11 16
2  14 59
1  89
6  6 93 47 26 59 17
4  48 82 93 53
4  73 23 27 64
4  2 94 35 21
4  41 31 68 65
3  27 71 34
2  76 26
5  2 85 86 61 33
5  53 85 26 8 52
6  62 54 83 96 74 35
3  5 3 1
3  30 71 83
4  47 8 20 49
6  5 9 25 72 62 10
6  87 17 48 76 78 1
4  74 75 93 10
5  95 11 28 24 81
1  75
2  18 94
5  10 99 85 35 70
3  44 66 33
4  13 9 38 14
4  12 89 59 22
5  53 32 95 77 13
1  52
3  22 46 17
2  44 1
4  13 47 9 79
5  69 92 87 7 5
4  18 93 11 39
4  64 71 54 41
5  58 93 23 79 38
3  10 81 39
5  94 85 84 72 64
4  63 51 58 68
1  76
4  14 15 20 78
6  74 19 67 32 11 89
1  48
2  20 29
4  95 23 51 78
6  15 30 57 65 88 24
5  63 84 82 78 3
4  62 77 78 29
1  89
2  18 36
3  38 65 11
2  87 61
1  81
5  40 37 28 60 7
6  44 89 68 47 48 30
2  25 58
2  13 75
3  49 20 86
1  30
2  1 91
2  81 66
5  18 5 96 78 12
6  21 100 54 67 47 83
6  72 41 20 84 16 68
2  35 54
3  65 72 47
4  1 27 20 70
3  24 66 22
3  52 43 35
1  10
5  88 99 53 29 19
3  44 86 69
5  39 15 43 11 61
6  11 87 16 81 32 40
3  54 75 98
6  9 3 6 90 4 42
2  22 78
4  8 47 41 46
4  84 57 21 81
5  8 97 48 39 36
6  92 11 91 88 20 93
6  9 83 97 51 1 19
2  63 27
5  4 73 36 88 29
4  68 96 63 64
3  1 100 37
6  10 27 81 30 19 73
3  1 70 89
1  89
2  64 15
6  68 88 28 55 16 83
2  12 46
6  55 47 86 91 39 96
2  19 25
3  92 63 37
4  52 38 51 70
1  66
4  70 53 90 25
5  73 47 79 18 33
3  64 19 25
1  14
3  22 39 78
1  2
1  75
4  53 25 23 55
6  85 24 42 74 48 10
3  95 89 65
2  22 28
3  46 31 59
6  52 98 66 65 99 80
3  52 33 64
5  87 54 59 10 96
2  58 5
5  52 93 43 79 14
5  24 60 1 82 48
4  80 13 17 78
6  56 30 25 20 4 12
5  62 22 68 94 79
5  73 31 65 16 10
5  86 33 39 87 15
6  40 94 99 56 71 91
1  1
1  31
1  27
1  65
3  72 59 27
3  32 58 9
3  67 87 33
6  25 20 13 11 59 7
1  15
5  99 26 77 15 57
5  42 60 45 90 32
1  16
5  35 74 83 82 40
5  15 38 94 35 51
1  93
4  13 7 34 12
2  11 26
6  91 67 49 36 56 81
3  72 55 75
3  38 56 85
1  71
2  1 5
5  5 97 30 17 4
4  29 37 74 54
2  65 21
5  1 77 54 40 49
1  14
6  46 70 77 53 40 99
4  44 72 58 41
1  75
3  65 4 81
3  57 6 4
5  80 4 54 33 43
1  42
4  95 88 26 72
3  66 71 94
1  43
4  50 44 27 95
1  30
5  48 87 81 51 64
4  55 18 93 98
2  35 54
1  22
5  87 62 45 57 55
4  100 6 4 44
2  98 52
4  73 100 48 53
4  11 13 5 29
1  3
3  40 56 63
4  36 49 22 80
1  77
2  5 83
3  49 15 33
6  76 6 100 23 58 50
3  71 55 63
5  57 11 15 12 73
5  48 22 97 27 73
4  32 55 95 80
5  28 80 45 33 79
5  91 28 2 61 82
4  37 39 75 51
4  47 26 98 68
2  24 95
6  83 26 49 78 6 18
1  85
4  38 64 31 29
6  32 90 73 96 26 11
5  76 61 17 2 59
6  23 82 79 17 65 5
4  42 10 84 47
6  47 84 58 77 13 49
1  2
2  4 27
2  74 3
6  91 5 52 75 27 33
4  44 97 58 10
3  68 93 85
4  39 69 20 15
5  69 24 83 90 27
1  22
1  12
1  91
1  66
4  43 99 19 87
6  76 96 34 44 89 18
1  27
6  26 42 67 94 65 49
5  92 58 5 70 20
5  86 85 48 29 84
4  16 79 42 11
1  85
6  30 91 26 16 17 68
5  11 32 94 24 90
6  16 60 17 98 46 2
3  75 85 10
6  64 51 100 75 36 99
1  27
2  21 43
6  4 53 23 35 47 46
2  44 62
6  61 59 30 62 4 47
1  94
1  65
6  85 100 91 89 26 15
1  69
1  13
2  28 47
5  73 72 12 34 56
5  93 85 34 97 89
5  10 82 89 74 75
5  74 66 62 100 80
5  68 85 83 90 12
2  58 85
1  69
2  56 41
1  41
5  8 29 53 18 11
3  91 85 15
4  50 76 63 30
3  31 14 29
2  26 58
5  11 58 47 29 14
6  40 54 60 48 82 13
4  92 55 56 77
5  19 26 45 82 56
6  13 69 20 33 95 78
1  5
3  56 34 49
3  73 2 21
6  15 85 76 70 41 52
3  60 78 84
3  33 75 53
1  94
6  96 72 95 1 7 50
3  55 92 7
4  94 27 41 8
1  17
5  52 68 16 11 46
6  52 79 74 5 80 68
6  76 39 84 77 45 33
1  100
2  16 57
2  43 98
2  55 14
1  7
5  18 27 17 69 6
6  73 85 57 62 61 96
3  37 41 78
3  40 1 63
6  18 5 94 43 60 7
3  66 88 63
5  15 79 51 20 68
2  5 25
6  66 20 30 3 60 7
3  100 8 12
6  26 16 90 69 75 97
1  41
6  75 23 99 53 74 19
2  97 24
3  82 90 65
1  93
2  18 41
2  25 52
2  51 68
1  19
3  5 31 83
6  6 88 59 79 7 75
2  24 57
2  89 68
1  13
6  53 36 10 5 56 60
5  64 78 16 69 9
6  58 14 4 45 72 82
4  51 57 82 75
1  2
4  81 14 76 66
5  11 75 72 67 34
3  30 12 60
6  20 58 56 34 61 1
1  43
4  56 99 35 30
1  37
6  93 50 68 58 17 79
2  89 45
4  33 75 78 93
5  97 50 29 31 11
2  36 53
5  91 52 16 21 64
4  13 56 2 81
1  18
4  45 7 3 11
3  78 88 31
3  85 81 79
1  91
1  50
3  89 40 95
1  60
4  55 73 14 56
4  27 74 12 72
5  14 82 19 92 69
3  41 53 30
2  68 21
2  17 64
1  56
4  18 16 17 72
6  30 28 41 57 2 52
2  82 66
1  1
4  79 50 98 32
5  17 99 100 43 15
4  57 71 21 74
6  38 46 75 67 74 16
2  76 67
4  57 33 62 90
3  7 87 72
6  4 71 86 46 49 3
4  70 76 43 7
2  17 74
6  33 97 70 100 49 27
2  11 84
2  51 90
1  23
5  12 93 61 57 79
1  60
3  79 35 78
6  57 94 58 52 27 55
2  26 4
3  57 14 31
5  64 21 86 96 98
5  57 55 58 66 14
6  44 49 69 28 5 63
6  56 89 40 78 15 43
2  72 57
4  50 21 77 36
1  73
2  85 29
6  42 95 100 34 38 48
1  66
4  66 51 9 55
6  86 69 34 11 40 90
4  89 10 43 24
1  15
4  1 44 43 42
3  43 76 90
5  41 42 44 91 51
6  81 36 66 14 46 6
1  12
6  13 54 18 29 69 74
2  13 16
5  51 58 46 26 48
2  67 90
5  57 40 65 38 75
2  52 21
3  55 32 30
5  86 48 96 55 21
2  67 37
6  18 95 40 43 63 9
2  30 66
5  95 4 47 25 56
4  61 11 98 91
5  83 38 74 37 59
6  4 96 91 21 90 30
4  33 93 73 64
2  39 36
2  42 82
3  98 48 3
1  46
6  86 29 31 59 66 90
4  70 85 47 90
5  76 54 7 69 26
5  91 64 6 8 88
3  3 35 52
1  81
3  96 9 75
4  75 64 10 44
3  56 33 23
2  86 30
6  12 100 91 76 6 98
5  93 47 84 28 98
6  8 42 90 17 43 92
5  53 35 29 8 68
4  39 54 81 65
5  29 40 85 27 21
5  74 4 5 72 98
1  14
6  30 21 10 82 55 38
6  22 89 29 75 69 67
3  49 96 80
2  22 100
1  95
1  15
4  1 28 80 88
4  9 17 77 19
6  31 56 89 53 45 17
2  14 83
5  62 78 46 95 100
3  5 95 49
2  61 49
3  40 37 3
3  54 80 67
4  10 23 41 63
5  57 90 81 40 43
2  3 37
2  48 42
1  97
4  72 46 8 12
5  11 60 35 90 27
6  100 49 27 63 16 84
4  97 24 9 39
3  12 75 58
4  17 70 56 78
3  1 86 53
5  97 12 17 86 39
1  86
6  30 48 3 14 100 99
3  9 37 77
2  12 35
5  28 4 36 6 45
3  91 97 19
6  9 36 73 47 39 59
2  68 7
3  82 7 34
2  16 71
6  36 82 29 16 10 32
4  15 76 88 6
5  6 93 82 42 66
2  80 24
4  48 30 97 29
3  31 46 52
1  40
6  83 68 2 93 100 53
1  76
3  13 48 47
1  30
6  70 58 67 94 19 15
2  16 43
4  47 89 11 48
2  98 30
6  100 23 95 53 30 70
6  42 18 39 47 26 17
1  93
1  23
1  34
3  50 93 84
3  4 31 66
1  61
4  1 84 55 53
1  25
3  54 42 84
1  89
1  17
6  3 27 14 9 61 52
4  53 36 97 57
4  62 58 28 23
4  11 78 23 2
4  77 44 39 32
3  94 24 51
2  37 60
5  89 18 34 24 14
6  90 76 47 17 98 5
2  75 15
3  77 70 27
2  9 4
4  57 98 74 7
2  11 66
6  100 84 33 23 97 13
5  69 30 70 74 57
3  88 6 21
4  33 40 66 36
6  23 33 64 29 50 75
6  49 74 78 81 97 75
1  9
3  72 38 16
3  95 60 33
1  80
6  33 20 56 68 9 78
6  73 7 50 48 1 99
2  79 18
4  82 26 99 54
4  15 99 58 74
2  58 54
2  90 73
5  58 82 55 57 62
1  2
4  4 23 41 83
3  93 65 92
2  29 6
2  87 79
3  45 33 71
3  6 48 92
6  3 48 41 64 54 43
2  58 65
4  41 4 59 6
5  50 25 98 56 42
6  34 91 28 67 61 62
5  8 54 59 11 2
6  74 56 42 100 13 6
4  54 9 26 59
5  76 84 75 31 25
4  65 15 86 31
5  48 3 83 2 61
6  3 60 68 58 1 71
1  34
2  15 59
5  92 34 66 67 65
6  25 29 6 11 60 81
4  62 64 60 22
4  62 81 24 20
5  91 90 87 24 14
1  83
6  93 17 63 59 81 54
5  9 59 94 68 39
4  30 2 11 51
4  72 31 82 92
1  73
5  98 97 96 79 92
6  96 55 49 76 9 32
6  67 25 53 6 76 82
1  86
2  66 58
4  47 50 75 20
2  72 16
2  70 94
2  60 90
5  9 65 81 41 49
3  65 2 53
3  83 60 27
1  25
6  77 72 34 51 91 64
2  6 89
6  100 7 53 90 79 61
4  59 2 3 6
4  4 58 7 86
2  33 100
3  17 77 14
4  28 4 14 51
1  3
3  10 9 95
6  87 56 53 46 57 55
4  23 59 9 30
3  26 62 45
5  79 22 81 29 49
6  43 99 95 45 42 4
4  36 3 40 92
4  86 49 10 37
5  69 45 1 14 71
4  58 39 41 79
2  70 28
1  12
2  98 57
5  2 10 3 5 50
6  60 35 44 70 71 15
3  16 15 51
6  77 9 24 17 87 43
6  15 46 98 40 43 54
1  45
4  10 49 13 5
1  47
3  77 17 62
1  32
5  65 18 53 73 41
5  60 84 55 74 29
4  14 72 6 21
1  69
2  65 82
3  72 28 83
3  45 44 63
5  20 27 94 72 100
3  41 59 18
6  33 47 48 19 54 68
3  23 98 99
1  33
5  31 15 19 76 59
5  52 78 7 45 50
1  79
6  66 97 86 98 43 33
3  62 86 12
6  8 9 94 11 41 65
3  56 83 17
1  63
5  92 70 13 42 76
6  32 42 88 17 39 30
3  84 91 34
6  87 42 4 80 53 45
3  94 100 27
1  14
6  78 5 59 90 46 35
5  77 76 68 94 15
6  42 99 89 76 93 75
2  97 55
5  41 99 63 26 73
4  15 50 59 74
3  5 9 21
5  85 88 75 99 86
1  98
5  92 90 49 9 87
1  78
2  3 40
5  28 13 21 43 63
5  16 2 84 24 23
4  9 10 40 7
6  56 4 70 47 94 19
4  80 23 33 7
2  73 74
4  86 95 96 48
5  11 50 57 35 72
2  43 82
4  50 77 16 54
3  63 48 65
2  28 87
4  35 12 25 8
4  10 2 60 57
5  71 6 32 77 54
3  58 15 98
3  30 52 81
6  100 46 11 27 33 62
4  44 87 69 9
6  71 68 52 46 38 58
5  44 34 32 92 46
6  27 75 41 8 68 40
4  79 67 85 41
2  29 27
6  37 22 67 5 73 13
3  31 90 86
4  21 77 57 66
4  83 41 6 90
1  46
3  87 12 27
2  40 56
4  35 92 75 2
6  48 14 39 78 4 24
3  24 100 98
6  66 81 31 71 70 40
1  12
2  29 39
4  68 95 6 3
6  81 4 83 28 17 21
1  20
3  47 44 45
3  10 25 65
5  95 4 97 7 29
2  46 82
6  40 88 94 26 68 98
1  95
1  29
6  35 73 47 79 17 92
1  26
1  76
1  11
5  2 18 8 26 64
6  18 3 77 12 29 44
1  36
3  24 65 39
4  37 86 36 54
5  48 79 94 23 84
1  2
6  22 10 11 85 100 29
6  76 40 16 20 49 52
4  72 16 97 30
4  83 65 6 59
1  85
4  35 68 57 37
4  78 46 64 63
3  93 50 21
2  66 41
5  17 99 52 33 96
5  86 78 46 91 37
4  76 89 91 44
3  28 97 22
5  61 85 18 53 34
3  85 99 79
4  16 78 17 49
5  97 34 50 43 25
6  99 100 74 90 43 18
2  39 40
6  100 24 8 52 58 46
3  57 25 1
5  3 17 20 75 14
4  25 56 78 10
4  78 84 44 20
1  61
4  41 51 58 64
4  10 21 4 46
5  29 46 49 31 63
5  6 76 22 30 31
6  40 85 77 24 29 97
2  90 56
4  40 14 29 97
2  50 1
5  27 29 14 76 60
5  44 65 52 66 95
5  65 34 68 42 57
6  39 81 86 94 46 25
1  75
2  30 24
2  98 51
4  12 26 10 88
5  75 40 35 69 22
6  2 90 41 59 86 79
3  71 73 85
6  80 59 18 10 83 40
1  33
6  20 59 100 7 27 74
3  61 42 69
4  44 58 1 2
3  80 41 14
4  26 10 32 85
2  41 67
4  48 100 56 67
4  56 74 85 29
2  46 71
6  6 14 45 15 88 85
4  1 37 81 11
5  66 37 8 32 3
4  32 59 23 90
1  96
5  43 16 20 14 3
2  27 48
2  42 36
1  98
3  53 79 47
2  44 84
2  76 87
5  7 45 5 97 59
1  71
1  16
6  15 19 16 42 67 47
5  2 63 80 39 15
4  85 34 2 69
4  77 55 45 83
6  49 80 59 50 60 65
3  74 84 57
1  50
1  98
4  65 78 90 79
3  75 13 37
3  75 13 98
2  96 97
5  76 55 17 26 14
5  66 88 65 22 3
1  25
1  65
6  79 55 68 15 29 81
4  72 55 65 69
5  61 65 40 36 19
4  61 33 37 27
2  1 48
2  15 73
2  80 62
1  34
2  18 62
1  69
2  65 34
1  38
6  66 78 29 85 34 90
2  70 16
3  71 64 62
6  36 87 65 97 90 98
2  8 60
3  77 93 1
1  94
3  3 60 15
2  45 48
2  62 18
3  1 89 100
4  74 35 49 39
2  39 37
4  46 96 93 23
6  94 32 83 31 35 42
3  67 87 94
6  49 11 24 100 23 74
4  59 13 89 98
3  46 44 45
3  66 33 32
6  16 63 33 58 8 99
3  1 86 92
1  10
3  12 33 50
6  90 9 98 79 6 46
2  49 90
4  15 23 95 12
3  57 44 95
4  43 39 66 29
2  78 38
5  89 70 19 74 60
2  71 38
3  17 62 83
1  25
6  28 20 9 66 77 53
4  41 95 99 6
2  28 83
4  97 72 31 16
3  90 44 16
2  77 32
6  60 38 14 56 66 34
4  31 10 17 91
3  11 90 56
3  17 39 95
1  10
2  30 55
1  73
5  43 50 3 32 9
3  46 65 5
5  29 36 88 45 27
3  56 16 94
6  33 32 84 46 42 9
5  97 25 48 67 69
6  5 9 45 69 13 24
6  49 11 42 76 97 91
3  87 24 74
5  70 15 80 45 11
1  92
5  70 89 47 69 93
4  13 62 68 36
4  16 47 1 91
6  98 82 37 84 6 11
4  75 25 33 19
3  36 11 14
1  100
4  74 92 14 86
4  81 22 12 97
5  12 88 63 9 70
6  93 75 10 46 49 35
5  68 71 14 79 84
2  78 44
6  70 58 78 24 38 99
3  35 66 47
2  29 56
6  29 49 66 39 94 15
5  72 83 44 85 62
2  4 40
5  95 9 28 72 32
4  71 67 100 37
1  23
4  70 14 94 19
5  32 12 95 4 84
5  48 69 39 75 72
5  45 67 87 72 39
2  38 9
6  38 45 100 60 10 70
5  3 88 52 34 100
3  38 83 23
6  52 62 59 23 39 4
6  26 76 28 44 13 36
2  50 80
2  10 90
6  82 92 86 34 26 85
5  63 68 3 48 19
4  7 42 3 11
2  28 86
4  72 99 93 1
3  73 30 58
4  28 40 54 13
5  79 98 53 42 65
4  90 84 19 96
2  22 6
4  50 92 13 21
6  6 22 38 78 52 96
3  79 35 93
6  8 72 89 61 13 53
1  3
3  35 98 61
4  4 16 6 95
2  26 85
2  48 23
1  99
2  50 78
4  43 69 60 15
4  20 27 10 35
2  46 70
2  7 25
2  23 30
2  51 56
1  84
1  32
6  3 50 45 80 2 87
3  61 1 5
5  28 15 57 61 84
6  68 9 15 90 39 40
3  95 50 24
6  81 18 1 30 62 31
3  29 92 50
2  72 78
3  87 34 8
5  18 76 80 33 65
2  72 5
1  21
2  10 2
3  11 32 7
6  63 56 19 54 5 52
2  82 100
1  16
1  82
3  83 61 66
3  79 37 51
6  58 79 1 59 24 11
6  31 1 52 86 20 6
6  71 31 72 70 42 88
5  24 21 60 84 86
1  63
2  57 53
5  35 53 39 59 63
2  89 64
5  75 83 85 65 54
1  36
2  57 23
1  80
3  60 64 30
4  26 52 22 78
2  57 31
5  15 93 98 4 57
5  78 40 63 42 93
5  78 16 34 1 17
1  44
5  77 73 41 2 25
4  80 56 18 10
2  33 3
2  36 59
1  13
6  64 55 91 41 32 6
5  32 23 88 76 98
4  48 38 66 72
6  45 28 18 54 53 50
4  77 85 15 78
6  13 41 53 3 82 85
1  56
1  31
3  92 28 7
3  66 72 11
4  17 38 83 70
6  32 26 67 17 41 44
1  53
6  67 55 51 63 22 94
4  58 22 72 97
6  44 8 52 60 45 35
2  36 67
4  2 83 95 46
6  47 31 64 2 97 15
4  19 82 57 83
3  78 55 36
4  98 44 17 57
6  51 86 24 17 41 26
6  35 71 97 82 1 61
5  97 75 47 15 56
1  98
6  82 53 32 46 51 75
4  8 63 14 93
6  31 34 11 30 69 82
2  50 82
6  33 79 61 94 17 82
6  12 63 45 43 9 95
2  71 2
5  85 95 65 15 28
5  44 96 57 71 45
3  57 77 18
2  56 12
3  37 3 46
6  48 89 8 42 6 79
3  86 63 37
4  78 65 26 22
4  83 92 5 21
3  82 39 65
3  50 100 74
4  45 73 100 34
5  41 40 60 84 25
2  21 75
6  85 1 21 44 83 12
3  4 60 30
3  25 66 92
2  40 44
5  13 44 3 94 85
3  53 68 67
5  88 41 75 72 96
1  24
1  63
2  67 93
5  92 59 61 15 98
1  84
1  48
6  4 32 27 56 100 93
2  87 34
1  59
5  1 74 99 8 37
2  74 29
6  65 87 55 80 85 60
4  95 8 48 98
3  75 54 39
5  84 26 1 89 76
6  57 74 97 94 99 71
2  93 36
1  48
1  94
1  78
6  15 25 86 54 100 39
6  67 23 17 68 11 1
3  1 57 16
6  50 15 67 72 8 2
5  55 17 74 63 94
4  77 19 47 31
2  85 22
6  7 39 52 18 94 96
1  14
3  24 81 18
2  83 98
6  99 71 48 92 32 25
1  79
4  28 63 77 12
5  15 63 87 54 56
1  50
4  18 95 89 99
1  19
5  10 4 80 81 52
5  13 76 81 91 31
1  53
1  20
2  22 82
1  76
3  13 25 3
2  20 91
2  32 10
1  41
1  89
2  65 60
3  41 24 71
3  77 69 99
6  51 7 74 88 19 99
6  49 18 82 78 91 87
6  4 76 12 69 36 45
1  76
5  79 25 46 56 94
3  55 44 51
2  32 69
2  22 18
3  4 95 93
6  82 83 98 57 94 66
6  39 75 68 7 53 93
4  9 87 96 63
2  46 91
4  14 18 83 32
4  86 26 54 80
1  36
5  64 30 43 56 68
1  24
5  70 17 26 79 3
2  41 33
4  32 94 80 50
5  11 10 63 37 64
3  44 100 19
1  29
4  64 96 78 88
5  48 4 96 26 6
1  67
3  82 99 32
4  48 8 72 58
5  9 21 12 53 30
4  49 92 24 45
5  11 15 17 14 10
3  20 26 9
4  7 89 68 54
6  40 12 66 48 33 77
6  53 7 60 1 99 83
3  68 94 60
6  8 70 26 28 96 34
6  2 41 74 70 95 10
1  36
4  38 13 57 90
2  17 91
2  100 37
6  93 96 69 100 66 95
2  61 28
1  63
5  86 33 63 56 42
5  91 99 7 4 55
6  23 71 87 41 70 26
4  19 94 63 84
6  89 45 16 1 7 85
6  39 47 41 81 16 32
5  22 35 34 18 58
1  4
6  75 27 23 37 45 17
6  29 4 88 73 20 80
1  74
2  51 14
6  66 45 78 88 80 11
1  37
1  9
3  90 35 57
2  79 73
2  7 77
1  80
6  1 59 100 74 77 50
6  76 16 32 53 3 11
4  8 48 78 16
5  67 50 38 93 29
1  18
3  86 30 15
5  31 73 81 4 50
2  91 25
3  23 77 50
3  40 57 81
1  72
4  84 22 99 76
3  8 94 85
6  24 100 76 54 72 57
4  22 88 49 46
3  71 23 83
1  62
3  85 79 12
3  62 33 45
3  83 53 31
5  47 54 67 22 7
3  78 64 60
4  12 6 99 83
2  82 87
6  21 72 68 32 18 30
4  63 67 47 15
6  14 61 51 80 83 57
2  60 21
5  25 33 83 24 16
1  5
1  100
2  74 68
4  92 97 21 54
4  67 68 61 81
2  11 60
1  68
5  71 89 55 96 21
3  19 36 47
2  38 47
3  11 14 4
1  10
2  56 74
6  24 34 71 53 44 31
4  12 9 35 100
4  30 21 100 49
4  47 72 94 93
2  5 7
2  7 17
3  62 90 38
6  23 8 37 67 39 100
5  47 34 78 10 64
6  10 13 54 56 84 47
3  4 52 55
2  58 71
5  19 60 10 4 83
2  41 49
4  41 27 4 75
1  13
3  2 23 50
4  79 34 3 28
3  54 82 63
1  53
3  30 13 46
2  95 64
5  44 20 14 71 23
6  75 36 26 77 59 76
2  37 9
3  64 46 87
3  9 98 44
2  11 89
4  6 53 34 49
5  47 20 95 35 31
4  71 89 35 2
2  44 36
6  90 23 34 98 20 32
3  47 42 31
1  47
5  39 96 54 86 16
3  20 10 79
5  81 67 15 83 91
4  18 80 48 40
1  46
4  44 87 5 86
1  11
2  99 50
2  53 35
3  1 55 53
5  35 33 46 49 15
3  8 32 16
4  72 28 100 31
5  87 36 57 3 46
6  2 96 17 54 31 60
4  85 12 34 20
3  79 69 59
1  76
6  30 62 57 92 29 17
2  86 19
5  75 20 69 91 74
6  51 29 84 62 3 6
3  71 65 54
3  55 84 76
1  41
1  8
5  22 35 55 41 9
2  61 77
2  35 76
5  63 59 32 24 62
3  64 33 2
2  79 57
1  55
5  41 61 80 10 83
1  64
2  23 93
6  100 13 18 76 83 81
3  14 5 96
4  68 29 54 85
1  10
6  63 83 27 23 62 36
1  77
6  29 100 92 12 4 30
5  86 10 9 100 15
1  52
5  33 5 67 41 15
4  3 97 79 25
4  14 30 36 58
3  5 70 35
1  99
1  95
1  18
6  23 22 46 5 55 50
5  95 65 24 97 62
1  22
2  17 52
4  30 10 92 35
5  27 43 78 36 37
6  53 31 10 75 76 14
2  26 86
2  91 9
2  53 11
3  73 27 94
2  57 3
2  91 82
3  33 59 82
5  45 35 1 54 10
5  68 39 2 53 63
6  62 84 45 73 27 18
6  21 47 56 23 67 46
1  14
5  64 95 49 8 30
3  62 39 26
2  77 27
5  40 20 44 23 64
1  49
5  16 69 27 71 92
6  17 97 7 96 60 2
3  68 31 94
2  69 19
4  46 40 85 65
5  8 29 99 57 9
1  26
3  85 18 29
1  14
3  97 74 37
3  41 67 35
5  35 54 27 81 99
4  65 64 49 73
6  48 29 1 61 55 37
3  72 65 46
6  1 42 59 37 83 99
1  17
5  38 70 95 18 69
4  83 33 10 56
2  58 84
2  18 39
4  63 11 26 8
6  27 50 55 63 32 53
4  49 21 3 19
1  21
6  77 3 20 86 58 44
3  42 69 61
5  30 24 91 56 31
6  82 81 40 44 12 93
1  61
1  12
5  29 32 66 5 35
6  91 93 29 34 35 97
6  15 26 18 5 82 48
6  63 29 31 7 40 23
1  1
3  27 79 65
4  44 70 93 29
4  85 57 94 19
4  88 33 80 5
3  61 53 28
2  81 58
2  21 81
3  21 17 73
6  82 30 43 51 23 71
1  7
2  4 25
5  91 58 60 96 95
2  48 22
3  29 80 74
3  61 19 69
5  91 68 59 21 11
1  43
5  20 49 9 23 74
6  14 31 48 9 25 68
4  47 11 85 27
6  34 87 3 64 94 70
2  14 80
2  57 61
3  5 70 73
5  58 86 9 6 95
2  74 51
5  85 36 7 69 94
5  71 57 64 41 79
5  21 9 34 82 59
3  51 31 17
1  16
2  15 11
4  88 61 39 73
6  45 41 65 39 11 36
6  75 77 74 52 97 83
6  78 41 24 29 72 38
6  66 52 98 24 40 59
4  12 55 8 52
2  46 63
4  41 37 31 15
6  28 97 75 6 38 98
3  9 39 72
6  4 23 94 28 62 53
6  73 7 98 25 27 44
6  82 84 23 13 98 12
3  95 86 46
2  84 80
3  22 51 38
2  73 31
4  35 84 44 8
6  42 32 17 85 18 98
5  41 10 67 52 50
4  38 95 93 22
5  34 44 24 71 69
6  2 23 31 85 67 38
5  8 69 91 93 86
6  61 27 97 78 46 88
1  41
5  37 14 80 38 84
3  34 86 72
4  70 38 2 44
3  71 34 37
4  22 98 83 18
2  61 64
1  77
1  92
1  18
1  93
4  89 42 88 74
1  53
3  50 54 87
6  25 21 31 81 42 29
4  60 53 25 23
4  1 27 56 13
3  61 6 99
3  47 87 24
4  39 67 9 93
4  3 17 75 34
6  16 62 75 14 86 98
5  86 25 34 99 69
6  4 68 45 51 54 69
1  93
3  18 85 89
2  2 63
4  99 79 16 61
4  29 46 52 8
2  76 42
2  45 36
2  13 81
5  66 49 93 59 84
1  43
5  31 45 36 85 44
1  100
1  67
2  49 19
3  80 94 77
1  39
1  41
4  93 24 17 42
1  75
2  28 18
6  58 62 33 43 5 47
3  8 14 70
4  32 6 36 26
5  44 64 94 85 14
6  9 31 28 26 5 53
4  22 51 11 84
5  53 88 30 95 96
3  65 52 75
5  88 100 52 32 63
3  16 77 32
2  7 60
3  12 13 2
3  63 12 17
3  65 5 76
4  1 19 24 53
6  93 40 92 45 72 54
6  87 31 21 12 38 81
4  49 94 62 83
4  74 99 3 39
1  78
6  5 97 21 57 89 14
6  80 58 68 34 47 55
4  68 66 2 49
2  51 42
6  33 98 62 32 100 36
5  97 40 74 18 96
4  31 93 42 88
4  76 35 15 40
1  81
3  50 6 92
6  94 24 89 56 88 91
4  53 30 39 70
2  100 18
3  88 78 17
2  92 57
2  73 99
5  79 90 65 72 14
4  27 69 41 82
4  5 34 89 44
1  14
3  4 31 85
6  9 2 13 1 59 37
5  57 11 51 46 75
2  60 28
3  28 68 31
6  73 65 75 16 69 88
4  72 19 43 63
2  44 76
2  3 12
6  59 22 50 5 97 72
4  24 21 91 52
5  63 16 52 79 85
3  37 56 58
5  18 85 23 93 11
2  5 10
5  26 60 88 23 31
4  46 51 42 37
1  19
6  18 70 77 2 9 14
4  67 92 75 51
1  68
4  40 72 23 98
2  10 20
4  61 66 12 2
1  14
2  1 31
6  77 33 98 91 90 65
5  65 16 97 32 77
3  3 49 59
1  79
5  20 40 29 85 51
2  86 65
3  86 95 38
4  28 36 53 17
1  35
5  16 31 12 93 67
1  41
2  15 20
6  34 59 22 19 10 51
1  74
6  90 69 38 53 96 74
1  13
5  40 93 90 71 5
5  38 19 24 63 33
3  56 67 2
5  85 12 28 89 86
2  79 54
4  31 50 39 36
4  13 76 54 3
3  59 86 83
5  9 45 10 51 100
5  53 77 62 64 5
4  49 32 29 3
6  60 52 35 96 14 48
5  68 51 16 26 36
6  3 44 12 95 88 47
2  49 10
2  99 59
4  28 61 52 87
1  86
5  26 34 53 94 84
5  19 67 21 63 11
2  57 54
2  3 73
5  13 97 68 71 52
6  32 3 82 44 89 64
5  22 16 63 6 85
5  25 51 3 88 61
3  44 15 55
3  87 23 59
6  91 30 36 85 61 38
4  5 27 30 75
3  46 38 55
2  20 79
5  22 66 42 56 10
4  11 56 43 33
1  26
2  44 62
1  5
6  74 10 26 4 84 49
2  28 78
3  7 59 62
5  100 18 82 55 28
3  98 61 51
2  84 95
6  92 99 84 66 8 9
5  92 83 17 14 10
6  54 16 53 88 52 34
5  7 62 6 4 23
4  28 7 51 12
6  50 95 63 57 3 31
3  86 48 62
6  42 16 11 95 31 99
3  65 68 53
2  73 57
3  29 84 54
5  96 52 29 90 15
6  93 46 34 78 96 73
3  12 84 29
3  82 75 7
3  28 32 22
6  80 51 68 34 30 63
6  58 53 100 43 46 45
5  24 37 73 96 71
6  79 100 26 61 74 32
1  1
4  31 85 44 81
4  77 10 15 62
5  68 61 10 13 5
6  37 42 59 32 13 43
1  12
5  71 85 100 80 86
4  10 70 7 90
2  84 100
3  45 66 5
1  76
2  10 62
4  51 21 86 63
4  97 74 31 67
4  31 47 45 94
4  15 1 46 37
6  45 74 29 11 78 33
6  96 43 48 49 93 69
3  56 31 30
4  98 89 92 44
2  86 100
3  86 45 84
5  90 58 98 1 35
2  87 30
5  35 79 66 3 13
2  34 44
4  95 41 40 87
6  72 73 83 20 59 28
1  28
2  60 26
2  95 56
1  25
2  39 4
6  42 17 16 75 60 67
5  100 6 57 84 78
2  67 97
6  95 100 15 12 60 40
2  54 95
3  79 24 73
5  18 14 98 34 89
4  100 58 57 6
1  41
5  43 7 80 29 1
5  43 13 38 83 42
6  78 77 70 1 49 52
2  63 50
4  52 7 9 64
4  24 4 40 66
1  20
6  10 98 38 23 35 20
4  27 97 40 96
6  89 48 17 52 97 69
1  3
2  12 66
5  35 69 18 100 79
3  95 89 35
2  11 70
4  75 96 48 15
6  46 3 39 62 54 35
2  57 38
4  68 4 29 2
5  46 2 51 83 96
3  17 27 50
6  78 24 81 26 38 73
5  40 11 33 94 46
4  50 84 14 17
6  42 19 59 88 20 10
5  15 49 87 42 98
5  20 21 53 45 58
2  16 98
3  49 91 81
1  41
4  25 58 51 67
5  10 54 96 19 24
1  68
1  52
4  81 71 85 34
1  43
4  32 40 94 81
2  75 92
5  39 17 29 89 83
1  98
3  100 17 60
1  84
5  62 49 50 33 83
3  76 42 80
1  36
4  46 10 52 17
3  68 46 37
4  50 35 87 52
3  61 36 14
2  84 64
4  16 46 3 92
6  83 7 23 43 52 32
6  69 80 63 15 17 13
4  52 100 14 4
3  74 39 59
6  22 51 38 68 54 29
4  37 35 77 80
6  9 74 56 89 36 70
1  48
2  58 48
3  61 92 22
6  51 17 20 72 68 57
3  22 86 94
4  20 71 37 7
5  10 62 68 46 31
5  94 64 31 41 12
6  33 90 83 49 9 55
1  66
6  38 52 88 95 71 59
2  78 38
3  39 5 87
5  79 81 34 9 21
3  100 53 77
6  35 26 98 90 42 64
5  80 15 71 75 86
2  6 63
4  48 1 71 35
5  49 15 4 57 35
3  56 88 25
3  23 51 42
1  92
1  94
5  19 64 46 4 93
4  66 58 99 67
2  33 38
5  48 42 34 82 90
6  69 14 34 91 64 75
1  56
5  96 28 98 60 73
1  52
2  68 10
2  34 37
4  72 14 3 13
3  85 2 36
4  16 69 44 80
3  46 36 23
3  63 21 2
3  22 53 59
6  62 82 23 99 38 94
1  41
1  59
2  8 94
5  24 63 23 3 6
5  38 29 10 1 49
1  35
5  64 94 60 26 76
5  25 14 76 37 55
5  95 80 90 89 59
1  51
5  17 57 50 55 85
4  55 34 71 90
1  35
5  63 61 60 45 85
5  21 22 28 3 16
1  93
1  66
1  55
3  22 11 96
5  96 56 30 29 26
2  33 60
1  95
2  62 40
1  34
4  26 62 42 69
4  46 35 60 100
5  81 11 77 57 6
2  86 35
4  5 67 18 7
4  38 68 1 42
1  60
5  63 22 10 32 76
4  66 35 55 47
1  65
2  71 56
4  5 13 62 71
2  68 32
5  36 33 10 38 93
5  100 14 87 32 89
3  98 24 96
3  39 60 68
1  31
2  66 35
3  27 6 66
6  38 33 31 70 42 68
4  18 68 76 5
6  65 46 96 88 41 40
2  1 7
3  31 30 1
4  65 28 70 30
2  7 62
4  77 3 20 39
2  88 14
2  87 78
5  83 66 11 22 91
1  29
2  42 58
2  7 23
4  76 53 75 83
1  27
4  18 47 98 39
3  11 64 21
6  34 3 54 45 24 56
4  70 97 11 95
1  33
3  79 86 21
4  100 48 21 17
6  18 55 28 29 19 48
2  52 51
5  96 75 15 52 27
6  48 37 79 51 70 25
2  55 46
6  55 93 12 72 87 30
2  15 58
3  63 75 96
1  46
6  87 60 43 14 44 91
3  22 42 20
3  71 75 93
4  30 85 73 1
5  2 26 86 60 70
3  35 66 61
5  57 48 40 100 61
5  90 11 5 32 30
4  2 5 44 64
3  28 36 34
6  38 60 86 98 29 34
2  95 94
1  51
3  50 2 33
3  12 37 71
3  89 73 46
2  37 79
4  73 13 59 10
5  44 8 1 77 39
6  71 50 45 12 99 95
1  32
3  24 68 6
4  57 79 11 88
1  89
3  87 1 6
6  73 49 4 26 43 67
6  92 12 8 91 7 21
2  41 45
6  46 9 24 19 33 39
1  80
2  9 85
2  81 34
2  54 60
5  21 56 60 32 64
3  39 84 71
5  28 60 25 37 6
3  56 38 87
4  17 12 72 1
3  52 35 60
1  94
2  26 49
6  58 12 36 96 7 74
2  67 99
4  72 47 14 10
3  77 26 46
3  27 79 100
4  38 5 55 65
2  4 52
6  16 88 82 11 95 56
2  61 54
6  33 1 5 42 34 81
5  80 28 95 59 56
6  32 11 61 62 14 13
3  30 100 40
6  86 73 55 39 64 87
3  68 29 73
3  97 52 77
6  11 4 47 6 35 57
5  97 71 79 44 100
5  74 40 72 59 12
2  98 75
1  37
3  41 10 92
3  62 68 28
5  71 74 78 6 31
3  2 1 23
3  1 2 20
3  73 78 52
6  75 27 11 12 70 51
2  61 87
5  28 14 53 99 88
2  4 18
5  6 19 97 51 98
5  59 71 48 11 69
2  37 79
3  6 29 54
4  16 36 94 30
6  92 18 96 35 1 54
6  52 73 86 22 31 57
5  42 25 92 78 3
2  84 32
5  50 48 14 43 78
1  35
6  20 31 30 12 83 100
5  55 86 5 42 74
2  66 65
1  69
6  88 1 69 38 48 83
5  26 84 15 20 4
3  49 15 76
2  14 59
6  99 63 71 41 37 97
1  1
1  75
6  89 76 59 26 23 42
1  48
2  21 68
2  65 16
3  41 47 57
6  32 56 62 3 96 98
6  2 99 1 77 89 52
3  15 75 89
2  23 14
3  90 43 5
1  85
3  53 42 44
6  98 5 87 93 2 86
6  100 86 72 89 75 24
3  89 98 25
1  21
3  50 11 81
4  17 66 100 69
1  43
4  5 48 40 98
3  25 93 49
1  64
3  85 87 74
5  85 99 83 5 38
2  15 18
6  31 83 86 100 90 29
4  95 76 92 25
1  84
5  27 47 12 34 86
6  18 84 69 23 21 1
3  39 87 68
2  73 68
1  1
2  6 77
1  97
1  28
5  75 55 28 86 67
4  71 52 79 55
2  1 76
2  38 14
1  6
3  80 73 47
5  93 52 57 4 49
4  32 30 86 57
2  53 18
6  5 96 43 25 97 18
3  34 31 53
3  66 33 12
1  14
1  64
5  8 13 27 39 42
4  25 99 76 77
1  64
5  12 6 8 23 52
3  54 5 80
2  37 92
2  51 96
6  20 3 8 47 42 49
1  67
3  81 44 63
3  25 74 50
2  81 72
5  22 26 86 2 45
2  93 76
5  89 70 93 92 77
3  34 26 44
6  73 25 43 35 69 68
1  18
6  88 90 79 9 16 64
1  60
6  3 35 58 92 5 50
5  82 89 16 7 33
1  79
4  58 14 26 25
2  44 22
1  34
6  18 49 64 28 8 31
3  6 22 47
4  5 29 44 20
3  76 35 14
2  93 27
4  18 48 2 39
4  35 39 73 83
1  100
6  51 30 33 56 52 79
1  56
1  55
5  42 31 11 56 63
1  83
2  21 31
2  60 86
4  98 59 39 100
4  29 51 88 61
1  40
3  18 96 47
5  71 89 2 82 45
4  84 28 86 5
4  7 64 43 63
4  2 61 60 30
1  48
6  18 87 30 35 82 77
1  53
4  9 34 10 73
2  37 58
2  94 65
6  37 28 46 38 29 7
6  58 18 44 48 35 31
5  70 13 54 76 65
2  84 99
2  56 17
4  14 38 58 78
2  94 5
5  32 33 76 29 91
6  73 38 28 3 15 97
1  68
5  81 86 55 79 14
1  95
5  24 33 34 2 55
2  7 23
4  40 99 87 30
6  60 68 19 62 83 15
5  51 87 58 37 42
3  50 52 31
2  76 63
4  78 18 88 84
3  47 24 39
3  54 30 93
2  48 55
1  63
2  55 49
6  91 24 41 43 55 67
2  17 27
6  35 15 80 75 61 3
1  95
4  43 87 77 90
3  81 52 73
3  1 61 26
6  85 66 34 39 32 52
4  59 47 91 73
2  65 34
2  78 28
6  20 15 62 10 56 42
4  29 77 63 89
1  54
5  68 88 13 99 39
5  58 86 59 31 12
2  64 40
1  92
2  21 7
6  30 63 28 92 91 5
4  80 6 8 53
5  95 65 72 34 33
2  19 91
4  30 14 24 70
1  15
6  35 22 80 65 84 8
4  75 12 10 54
2  17 6
6  12 71 63 45 3 92
4  94 51 8 74
4  21 89 57 56
1  37
2  94 44
5  69 56 85 22 73
1  28
4  14 98 25 59
1  17
2  95 68
1  2
3  79 23 31
3  78 41 72
6  35 16 73 3 71 58
2  44 60
4  7 74 49 32
2  49 48
4  43 15 69 45
4  47 67 87 82
3  27 54 42
4  69 14 63 40
5  87 83 32 38 89
1  86
2  36 35
5  89 78 83 57 22
3  4 88 25
6  32 51 39 73 12 7
6  75 47 59 61 30 90
6  19 94 84 39 29 6
2  96 88
5  18 26 78 6 50
4  38 1 10 12
1  97
6  54 55 47 84 44 45
1  37
2  40 66
3  45 83 42
2  58 60
4  35 65 8 98
1  8
6  12 20 6 8 5 60
4  52 43 6 96
3  42 24 84
1  70
2  91 12
4  48 71 20 83
3  27 80 37
3  79 49 55
6  57 60 44 19 11 87
2  6 31
4  30 15 73 99
3  63 10 5
1  80
2  93 16
4  73 53 85 51
1  40
3  57 99 78
5  9 64 99 15 95
4  44 10 36 43
4  99 52 57 9
2  81 1
3  31 74 99
1  24
6  55 58 57 53 35 32
4  99 30 77 94
6  21 3 29 63 56 27
1  12
3  45 92 36
6  23 9 91 38 33 90
6  90 47 45 25 78 7
2  7 83
2  99 4
2  27 66
5  54 79 87 89 24
5  24 16 2 33 6
3  65 96 31
4  42 76 79 19
5  2 26 65 19 25
5  39 52 34 14 5
1  1
6  36 80 17 51 81 49
4  20 14 53 51
5  94 26 46 13 8
3  39 73 67
4  41 5 14 74
2  18 85
2  11 21
6  27 72 80 76 28 100
6  80 50 56 74 75 2
6  82 49 25 55 15 87
6  20 100 68 38 18 53
4  28 74 56 54
3  35 30 72
3  18 52 83
5  26 58 75 12 40
2  37 94
3  23 88 57
2  56 94
3  9 51 68
5  6 22 26 41 51
6  74 69 50 57 42 75
1  17
6  54 40 23 47 77 45
3  34 68 91
2  8 99
5  75 80 83 96 5
2  46 2
6  15 51 54 57 26 68
5  12 21 13 34 67
6  79 2 23 46 92 50
4  90 28 27 69
1  23
5  33 69 76 30 83
2  83 39
4  50 11 63 70
2  97 37
1  75
3  36 21 30
6  73 19 13 100 88 22
2  61 55
6  37 84 72 63 67 11
1  16
2  77 86
3  74 22 57
3  60 92 68
6  77 41 8 89 40 95
1  62
4  66 52 92 50
2  55 16
2  69 32
4  46 17 99 19
3  56 67 98
3  35 87 25
5  94 13 15 89 24
5  45 90 28 37 39
4  91 55 84 60
6  38 5 3 37 24 41
6  90 38 40 24 25 64
6  18 77 14 7 100 90
4  89 17 88 28
5  79 82 50 38 67
6  42 70 24 65 10 16
4  48 55 79 72
2  77 90
6  91 96 94 80 47 83
6  34 10 64 12 91 14
3  58 1 92
2  25 56
3  40 11 83
6  89 55 12 66 44 6
4  39 99 35 86
5  31 20 90 95 32
5  8 81 38 72 64
2  28 100
5  38 83 65 26 37
5  91 80 82 47 19
5  81 5 61 12 24
4  6 55 31 13
3  68 21 7
2  53 34
2  24 72
1  88
6  50 65 89 29 46 35
3  26 15 52
6  27 75 37 33 30 67
3  64 35 66
5  66 19 4 97 42
5  10 30 72 59 94
4  88 39 94 35
4  9 86 51 35
4  87 68 90 53
1  54
6  79 24 53 97 27 49
3  1 58 68
5  16 61 32 3 100
2  38 64
3  23 14 69
6  100 36 73 53 49 27
3  27 50 91
2  77 40
4  77 98 29 50
1  89
5  16 88 7 54 51
3  77 65 9
4  64 45 33 17
6  59 55 20 9 46 44
6  86 5 62 83 33 11
6  21 92 12 9 99 65
4  39 41 24 48
6  88 93 33 4 86 92
4  6 100 5 49
6  90 53 45 73 86 56
5  7 48 79 15 46
3  75 85 84
6  33 84 87 25 16 91
1  7
3  16 6 54
4  90 44 17 35
1  3
6  84 9 38 63 24 83
1  98
5  89 96 100 73 82
2  88 72
3  95 21 50
1  75
1  90
2  31 24
2  33 14
1  41
4  79 64 34 85
4  1 74 57 46
3  25 33 11
4  28 32 9 6
2  17 23
4  41 57 85 55
5  26 5 52 90 39
3  51 40 9
1  40
4  46 64 87 56
2  14 87
2  42 93
4  59 16 6 99
5  91 53 45 16 58
6  5 96 32 55 35 40
4  75 94 7 39
5  63 62 94 50 93
3  42 46 94
4  51 92 29 41
3  73 57 3
5  62 99 100 16 34
3  78 9 33
6  47 13 8 7 97 100
3  38 46 36
6  96 27 24 37 72 97
6  75 66 55 74 65 71
1  4
3  15 37 32
4  50 78 69 56
5  69 98 12 14 33
1  10
4  31 46 32 28
3  7 93 94
5  58 64 86 62 11
1  98
3  62 47 21
2  3 95
6  1 7 13 33 14 22
6  45 68 25 72 7 31
4  100 10 22 63
6  83 74 97 81 16 58
2  36 89
2  31 88
2  37 100
4  50 21 56 94
6  80 65 94 10 30 20
4  57 15 34 30
1  14
3  69 41 82
4  70 12 45 100
3  44 63 98
4  18 91 53 98
4  46 7 85 40
2  36 96
3  69 25 51
5  71 20 23 53 77
6  64 21 93 12 65 55
1  29
5  100 82 70 56 28
5  40 67 2 76 62
3  45 87 93
2  57 13
3  9 89 43
5  10 35 85 74 89
6  3 61 93 84 31 48
1  6
6  78 8 63 39 50 7
2  43 34
5  55 83 91 44 25
4  53 60 48 27
3  41 30 10
2  14 40
5  25 46 69 3 53
2  41 3
3  66 45 72
3  100 54 39
3  79 2 97
3  50 24 87
6  54 96 24 67 35 5
6  80 73 94 33 4 35
3  41 1 80
1  48
5  66 87 24 45 89
2  84 38
3  70 28 96
4  52 63 100 56
4  80 28 49 13
2  83 48
5  83 28 84 31 7
3  18 30 94
1  50
5  44 93 47 72 89
1  23
4  12 78 6 92
1  54
1  36
3  51 8 19
5  91 50 85 40 67
1  34
5  65 11 16 57 87
3  69 10 96
5  88 1 72 93 54
5  29 90 26 36 8
1  27
4  89 66 23 3
6  95 67 10 11 24 97
5  36 7 63 16 94
4  87 86 17 62
1  6
6  50 14 91 76 70 79
3  93 82 41
6  49 51 98 72 17 95
3  52 2 68
6  66 54 80 82 16 94
6  3 44 1 94 20 71
5  61 64 54 2 51
1  53
3  74 70 44
1  22
3  15 89 40
5  42 20 62 57 13
3  60 57 50
4  76 20 25 37
5  78 39 34 80 91
5  54 60 26 66 81
5  81 70 10 61 11
2  22 68
3  71 27 99
2  80 74
3  4 11 22
5  49 56 61 39 38
1  99
4  80 79 34 61
3  44 21 59
5  43 27 15 13 54
1  33
2  87 72
3  97 94 17
3  49 78 83
6  92 81 49 72 60 83
2  8 27
4  67 100 96 94
1  8
3  27 41 80
1  12
1  9
1  33
4  53 11 36 39
1  17
6  74 77 70 6 85 97
4  51 96 54 45
1  62
6  36 2 72 48 13 88
4  18 20 9 71
2  45 9
2  61 96
1  37
4  11 21 62 69
5  57 22 17 66 83
1  2
6  79 50 97 66 6 15
6  14 85 16 59 93 49
2  88 54
4  53 65 76 14
2  48 71
4  64 37 38 72
3  22 50 87
2  16 93
2  1 7
2  17 65
1  66
5  98 20 38 50 84
1  64
2  62 35
5  25 71 10 96 8
2  46 95
3  61 87 82
4  93 99 79 57
1  45
3  6 64 78
4  47 91 20 64
4  54 35 77 24
3  73 32 76
2  27 25
5  14 7 41 6 20
4  14 64 3 20
2  81 76
5  71 95 37 23 49
5  100 73 16 72 4
6  90 31 15 69 45 22
1  51
2  29 14
3  92 17 60
2  97 35
6  68 30 28 91 78 99
6  50 15 61 54 6 51
6  20 19 29 42 28 79
5  56 93 8 48 10
5  66 7 2 57 74
2  84 65
1  83
4  58 98 15 12
1  65
6  23 84 24 64 11 2
2  66 95
3  13 4 6
5  10 7 35 84 38
2  48 47
1  1
1  98
1  15
6  80 10 22 63 33 85
5  35 16 39 29 54
4  33 59 30 42
4  64 26 4 82
5  50 83 74 54 80
6  69 80 79 1 31 12
6  4 46 2 43 75 55
6  7 14 25 49 80 88
5  83 70 47 33 52
2  86 32
1  54
1  77
2  12 8
3  98 12 89
6  54 63 53 49 70 67
5  18 46 61 92 29
2  38 61
5  58 46 13 67 100
2  44 31
3  51 74 33
4  63 31 16 25
6  64 95 50 36 12 96
6  4 24 26 41 84 8
6  29 21 66 28 44 9
4  79 59 33 12
2  95 42
3  19 26 100
1  75
3  26 70 32
2  94 58
5  77 65 68 5 85
2  33 29
3  92 8 100
2  19 21
2  61 57
3  86 57 50
4  93 75 31 24
1  24
5  72 100 46 40 5
2  73 38
4  14 29 67 52
6  34 69 47 91 5 33
3  54 94 40
2  25 64
2  48 45
1  48
6  41 53 21 13 90 81
2  19 47
3  70 33 73
3  80 64 43
1  11
6  6 51 23 31 14 53
5  59 54 27 49 94
5  70 6 69 50 32
6  97 70 57 30 42 95
1  6
3  22 16 32
2  66 55
4  80 8 36 38
4  62 86 55 41
4  60 9 4 91
6  100 61 53 29 3 47
3  8 84 59
2  16 86
6  70 44 68 78 79 5
3  41 91 92
5  45 52 90 49 43
6  48 4 38 77 6 85
1  14
5  73 37 83 59 25
4  3 93 30 81
6  68 22 88 59 2 32
1  92
5  54 77 28 57 15
1  63
6  19 76 66 92 12 48
4  37 100 53 30
2  34 27
6  55 14 57 46 66 48
2  20 24
4  76 38 58 39
3  76 14 2
5  26 49 17 63 70
6  78 3 19 74 57 33
2  13 79
6  61 4 14 85 57 90
2  15 28
4  90 41 60 57
4  9 74 29 58
3  21 35 46
3  9 3 73
3  15 51 32
5  55 46 60 12 35
5  26 62 40 16 3
6  72 69 8 46 98 65
6  19 100 33 59 9 35
2  46 50
5  78 26 37 23 85
3  57 66 74
2  6 89
2  5 60
6  12 5 87 77 93 6
5  26 65 84 61 95
2  11 77
1  36
1  29
2  61 85
6  34 4 92 22 24 96
5  13 7 87 100 84
5  6 59 5 70 43
4  64 72 76 41
5  11 53 7 31 13
6  17 47 95 8 68 18
1  50
2  11 36
2  94 15
3  53 19 4
6  84 68 67 59 9 44
5  62 51 1 74 42
2  21 36
2  88 54
2  37 84
3  73 14 32
6  48 84 5 52 78 89
2  44 47
2  88 17
6  39 17 63 80 34 83
1  58
5  69 86 8 52 24
5  66 55 67 13 38
5  65 16 60 85 7
1  48
2  2 86
3  64 65 73
3  80 31 18
3  16 26 100
3  6 65 94
5  78 31 44 43 47
1  27
1  10
3  53 33 41
3  73 5 3
3  52 83 75
5  31 91 95 30 100
6  23 72 73 54 15 16
6  18 43 6 28 82 58
4  22 96 33 27
6  78 82 53 47 12 43
3  42 72 40
3  95 12 10
3  26 25 47
3  68 52 71
3  10 31 71
1  64
6  5 41 75 86 93 21
6  36 61 39 8 1 76
1  12
6  49 38 10 96 81 77
3  51 26 57
5  97 62 45 93 66
6  68 52 79 88 48 14
3  87 21 49
4  23 61 46 71
6  56 66 78 33 13 29
4  69 10 54 31
4  47 97 40 14
3  18 2 96
2  50 83
4  99 44 75 60
6  46 57 45 12 35 77
2  64 35
6  73 88 24 28 35 21
4  49 69 85 50
4  16 100 46 68
6  90 42 58 79 88 15
2  99 50
1  23
1  35
1  86
2  39 13
4  59 79 6 27
4  56 91 79 55
3  46 54 26
6  12 5 75 27 29 73
5  29 96 88 64 11
5  87 49 86 44 8
4  50 35 28 5
2  6 60
4  52 13 89 40
2  93 14
3  21 87 26
3  82 14 93
6  100 41 72 44 49 37
6  84 64 97 10 70 57
5  21 69 60 93 53
5  43 73 61 68 23
3  82 36 35
5  35 76 40 79 25
5  71 8 40 68 17
1  24
6  30 93 48 89 85 100
4  28 72 23 95
6  65 77 30 100 44 75
6  43 99 60 14 7 100
5  23 8 4 11 37
6  58 26 81 57 88 8
2  11 3
2  75 80
4  74 24 18 49
1  61
3  67 74 54
4  55 76 73 59
6  10 55 44 35 36 1
2  44 29
2  46 52
1  26
1  81
3  23 30 55
5  77 22 57 30 87
1  6
4  70 92 25 35
1  60
3  26 3 65
4  49 16 66 74
2  47 22
3  76 77 26
4  98 82 85 93
6  44 63 78 13 88 17
3  48 43 50
1  1
6  28 66 73 48 13 95
6  88 71 16 40 69 98
2  53 91
1  97
4  86 10 40 98
2  87 46
5  37 58 69 35 85
3  8 33 47
1  23
3  73 39 75
3  36 96 94
2  3 91
5  88 100 19 86 26
1  31
6  41 89 63 76 74 98
5  6 45 85 29 79
4  68 53 98 3
3  92 29 51
5  7 39 82 25 24
1  30
4  1 71 43 63
3  16 60 29
2  4 14
3  83 71 18
3  69 20 84
4  48 34 42 55
5  24 79 96 30 8
3  31 78 92
6  24 8 53 29 57 66
5  39 36 96 75 4
1  58
4  64 92 6 18
4  29 97 59 5
1  89
5  100 81 6 7 34
4  36 90 25 14
2  60 10
1  64
2  61 27
6  53 33 6 16 61 2
5  19 6 82 7 89
5  88 95 89 22 53
2  11 77
3  40 37 47
3  100 72 4
2  59 57
4  64 72 20 66
3  38 72 28
3  60 9 32
4  98 53 6 21
4  83 59 4 19
1  47
2  77 51
3  35 7 4
6  79 23 64 24 61 36
4  5 95 60 37
3  57 90 54
5  54 36 37 57 55
3  4 73 18
4  18 53 61 22
4  39 45 15 63
1  50
1  10
3  73 47 92
2  36 45
1  89
5  44 46 35 85 50
1  3
1  25
4  65 46 6 3
6  20 65 94 70 78 4
1  51
3  5 81 85
3  88 74 30
2  20 65
1  70
5  19 73 96 37 41
5  40 30 98 5 23
4  83 27 80 33
5  85 13 61 34 1
3  64 32 54
2  48 23
6  66 96 94 39 33 35
1  72
4  13 77 87 80
4  13 60 91 88
3  4 48 78
1  82
3  36 35 70
5  58 69 48 54 63
6  86 97 2 58 60 15
3  46 94 92
4  54 83 46 98
6  93 75 90 16 25 10
6  8 67 54 55 20 16
3  6 12 43
4  71 57 96 17
4  88 74 4 70
2  2 56
1  76
3  87 92 70
6  77 78 62 31 32 82
3  73 87 57
1  50
2  72 46
3  23 33 18
2  3 37
2  59 49
1  4
3  95 74 31
5  51 93 2 83 74
3  55 61 4
5  10 31 42 56 74
4  88 91 90 28
2  49 77
2  52 12
1  25
3  86 76 34
6  58 8 34 13 69 37
5  79 68 24 34 41
6  22 32 78 12 60 95
4  36 15 12 47
2  37 88
1  12
2  2 70
2  35 82
6  72 65 76 39 88 10
5  76 31 12 53 42
5  48 1 6 62 12
4  91 49 41 5
4  62 6 29 91
3  11 89 13
5  65 52 63 74 31
3  4 43 91
3  13 39 46
2  100 58
5  90 6 11 94 65
5  100 94 64 40 4
4  53 79 16 4
3  89 35 79
6  77 70 37 89 8 83
1  7
3  79 97 46
6  91 10 62 90 4 26
2  8 78
5  86 93 26 82 20
1  75
6  73 12 85 81 94 92
6  33 70 84 79 59 74
6  21 64 92 46 93 99
2  75 84
1  60
1  98
5  14 72 74 87 83
4  67 76 50 54
1  19
3  87 78 10
5  98 73 67 43 66
4  65 41 49 80
6  58 78 79 72 49 53
4  31 10 24 7
4  77 15 78 13
1  56
2  77 53
6  43 95 61 8 60 1
4  40 1 14 17
5  85 65 31 43 96
3  66 2 100
3  17 78 56
2  33 78
6  86 74 38 80 35 45
3  36 1 79
3  15 95 99
4  46 42 55 86
1  57
6  50 74 64 5 93 97
5  87 82 56 25 62
6  69 1 26 79 62 83
5  76 82 33 22 24
6  7 31 44 93 80 18
4  85 10 53 67
6  35 23 21 96 14 89
6  39 58 74 100 41 47
5  23 79 97 46 66
1  76
1  97
4  27 53 40 36
1  7
2  41 30
4  37 43 41 32
5  98 6 82 39 53
4  61 32 54 6
6  58 82 7 54 37 34
1  76
5  13 83 1 53 12
4  90 54 94 21
3  91 27 16
2  79 73
6  11 27 95 8 84 77
1  37
1  47
3  89 16 56
5  17 9 82 70 98
3  63 19 71
4  46 87 82 24
4  71 34 86 66
3  69 42 55
1  55
1  49
3  17 5 13
3  14 95 3
1  30
4  31 1 18 76
6  100 46 71 34 31 36
5  100 78 29 5 33
2  53 75
3  58 88 81
5  82 83 12 48 13
1  65
6  99 65 87 45 35 21
5  71 95 74 48 24
5  81 54 32 55 1
6  42 81 60 24 64 35
1  54
3  76 42 45
3  29 89 74
3  64 45 43
3  92 66 16
5  19 47 27 36 69
6  95 92 63 36 27 74
6  73 50 31 18 89 59
1  63
1  71
1  50
1  99
1  25
5  34 72 98 53 7
4  52 1 58 15
3  84 89 27
4  38 58 75 26
1  81
6  23 51 96 73 60 94
6  84 65 21 55 62 74
4  28 25 62 85
3  99 69 28
2  25 65
5  99 91 98 80 21
2  75 93
6  68 81 73 33 1 27
6  75 87 22 100 49 7
3  47 75 66
5  100 31 53 98 22
3  78 1 71
1  75
4  97 43 70 75
3  96 69 18
5  91 17 31 97 56
5  72 22 48 71 52
6  69 73 50 47 74 20
4  48 83 51 90
2  20 65
5  16 34 88 98 25
1  29
2  60 5
6  81 53 63 33 52 32
1  2
5  79 21 32 27 4
5  17 29 2 81 98
1  15
6  15 39 89 43 59 49
3  52 30 100
1  62
4  46 68 53 24
3  74 55 73
5  37 90 6 39 70
1  55
6  88 69 22 77 12 81
2  59 33
4  58 47 17 9
6  85 62 17 31 36 71
1  13
1  93
2  46 63
2  1 47
1  70
5  85 81 50 10 39
5  65 97 28 81 6
2  65 67
3  96 3 8
6  15 92 32 61 55 52
4  1 60 31 69
3  11 18 55
3  100 19 45
2  100 50
3  64 17 84
4  19 91 59 33
1  50
4  66 4 16 27
1  76
4  73 21 67 91
5  16 90 94 61 17
6  11 64 57 28 47 16
3  37 74 79
3  24 43 8
2  59 35
2  34 91
1  54
4  95 29 74 85
2  34 1
1  45
4  71 72 11 87
2  47 60
6  89 83 38 97 11 31
3  30 22 46
6  79 41 12 52 25 34
6  25 48 30 89 19 1
6  5 18 46 65 13 35
3  51 31 58
3  62 99 77
5  45 61 62 85 73
1  9
1  99
3  54 29 23
5  30 21 77 47 67
3  60 1 89
1  32
3  58 93 45
3  76 89 95
3  73 68 51
5  74 50 15 27 78
3  100 8 58
5  55 24 17 14 25
1  25
4  51 82 49 95
1  25
5  11 62 56 78 12
3  51 61 78
3  88 77 46
3  53 100 69
5  14 94 76 38 50
2  20 99
2  36 23
1  47
6  59 25 95 76 56 46
4  94 34 30 39
5  83 38 47 53 52
3  28 89 90
4  9 88 74 45
1  78
6  93 36 16 88 31 91
3  76 44 36
1  74
5  88 57 12 35 9
4  75 37 52 64
6  61 51 65 5 42 96
4  77 11 41 7
1  84
5  44 20 93 17 94
5  73 5 14 82 68
6  19 20 52 9 80 3
5  85 63 15 80 16
6  91 57 98 40 81 35
4  73 52 53 25
4  67 7 25 55
2  44 7
3  24 9 7
1  72
2  89 87
1  79
3  9 70 83
6  4 41 63 56 93 16
5  50 82 86 74 37
1  18
3  44 42 52
4  50 24 71 38
1  82
1  53
6  86 36 81 89 77 43
3  69 59 24
2  40 10
6  77 21 9 20 64 50
5  15 100 95 85 37
1  67
4  58 38 93 27
5  81 72 39 95 57
5  5 48 56 25 57
5  89 7 46 3 6
3  88 43 45
4  95 3 12 33
6  50 60 65 30 32 3
5  27 59 48 31 7
1  56
4  78 44 69 24
3  74 64 35
1  9
6  11 100 44 7 49 4
5  79 35 74 48 61
2  96 92
3  98 47 2
5  91 71 98 37 45
4  71 61 70 59
5  81 59 16 88 8
2  59 87
4  32 34 15 65
2  6 4
2  52 6
1  42
5  100 79 20 61 50
5  31 9 52 12 67
5  99 75 86 58 61
3  89 95 54
4  24 59 57 51
1  62
4  53 38 52 31
4  12 81 38 43
6  90 55 57 54 30 42
1  90
5  100 85 35 53 8
6  10 59 4 71 57 9
4  87 66 73 67
1  16
4  92 71 10 48
2  39 90
3  29 72 33
1  6
6  21 99 95 79 3 66
6  59 74 50 46 39 23
1  42
3  68 33 9
5  81 32 17 71 66
3  42 98 58
3  84 79 47
5  58 49 43 46 8
1  96
4  55 18 66 96
4  34 29 64 11
1  96
2  81 61
5  23 59 30 70 42
1  16
2  66 65
4  12 72 79 7
2  34 24
6  30 80 24 58 44 35
5  39 62 48 99 34
5  57 64 40 99 72
4  18 38 20 81
3  92 59 55
1  92
5  7 21 58 31 79
1  65
3  39 27 94
3  60 64 95
2  3 93
6  58 11 33 78 91 81
5  50 36 86 42 14
6  63 71 22 41 72 87
6  11 13 81 48 73 45
3  97 47 36
6  5 46 24 83 37 52
6  40 37 28 54 29 90
2  51 30
6  37 17 6 50 98 54
2  42 97
2  89 32
1  93
5  34 76 15 39 27
1  79
4  28 32 91 17
4  42 47 51 78
4  57 28 61 11
3  2 7 68
6  39 78 83 16 11 58
2  49 85
2  27 48
4  59 39 74 14
5  21 65 58 84 85
3  31 34 46
3  2 36 76
5  18 92 89 76 21
3  61 51 65
1  9
2  46 82
3  25 3 100
5  86 21 67 30 52
6  75 89 1 10 65 79
2  56 68
1  77
1  63
2  70 71
3  92 16 18
2  41 20
2  23 5
3  89 35 99
6  9 87 90 19 51 69
3  7 36 49
5  41 12 10 11 82
3  2 97 62
2  38 81
4  61 86 3 49
2  2 38
2  88 27
3  39 95 92
3  31 40 27
5  51 37 82 32 81
5  29 42 12 67 23
5  27 8 71 76 28
5  13 56 60 39 2
6  34 93 43 64 33 70
3  83 6 17
1  87
6  44 28 11 10 51 79
3  59 49 12
6  20 24 41 80 63 42
5  96 35 21 60 67
6  95 50 96 12 64 83
1  7
1  21
1  61
6  53 19 48 64 5 68
6  45 47 50 87 24 46
2  44 6
6  34 1 37 30 12 22
1  23
3  24 83 42
5  2 89 40 6 56
2  51 2
5  37 26 22 58 69
2  46 3
2  82 33
3  83 44 61
6  66 3 13 49 45 89
4  33 29 56 89
4  6 91 31 43
1  52
1  86
5  46 88 5 27 20
3  10 64 3
6  30 6 12 79 50 1
2  83 29
6  72 83 90 62 13 33
5  65 33 64 42 78
4  47 5 71 89
1  34
6  13 64 97 24 42 47
2  70 29
4  54 100 35 43
4  48 75 40 12
1  3
4  85 54 100 90
2  89 4
4  81 16 21 78
3  62 24 63
2  53 15
6  53 49 27 15 97 2
4  9 57 62 94
1  62
5  34 51 86 91 31
1  11
1  40
5  32 2 4 85 16
6  37 65 14 51 61 15
1  69
2  62 31
1  72
6  99 6 43 84 97 74
6  8 82 24 80 14 26
5  99 41 70 35 5
5  86 65 97 91 34
2  53 65
3  24 57 33
2  100 17
2  74 2
2  55 25
1  69
3  95 67 91
4  2 95 47 88
4  43 78 94 62
2  58 97
4  15 29 83 14
3  8 87 47
3  42 72 53
1  22
3  77 12 79
1  58
4  67 100 43 60
4  73 18 58 26
2  87 8
3  32 16 31
5  56 73 51 9 83
5  56 60 84 67 38
6  25 3 57 46 17 86
2  35 44
3  66 30 51
1  62
4  41 40 23 14
6  31 96 62 87 55 46
4  92 37 78 95
6  3 41 10 88 58 44
2  1 10
4  52 20 22 18
4  62 40 74 52
5  69 13 58 24 59
1  16
6  89 10 88 91 50 98
5  8 41 10 9 50
5  60 69 92 78 29
4  18 2 5 89
5  18 46 94 76 57
1  71
3  19 58 36
5  55 15 77 96 25
6  45 95 14 87 22 43
3  40 45 28
1  62
5  10 37 29 19 8
5  37 65 10 6 19
2  82 15
3  67 60 43
1  74
2  33 16
5  72 61 14 99 76
5  72 85 12 100 3
2  74 40
5  83 45 2 6 27
1  55
6  76 97 5 49 27 37
4  96 9 24 8
6  83 79 84 94 87 12
4  26 95 35 71
6  40 97 13 95 91 88
6  95 36 18 32 100 13
3  24 21 48
2  3 27
1  97
1  93
1  57
2  3 91
6  100 31 85 12 25 75
6  16 69 35 33 100 45
3  58 65 87
5  68 13 87 64 18
5  72 74 97 75 65
6  74 95 69 86 19 44
6  35 12 20 67 55 11
4  12 76 38 93
3  51 80 7
5  58 78 42 55 53
1  39
2  1 8
1  20
4  96 54 63 16
2  74 70
2  26 82
1  64
5  49 14 53 55 82
1  33
2  66 85
2  4 11
2  11 22
3  61 18 2
2  33 22
6  3 52 23 84 58 86
4  7 99 11 62
5  21 95 4 87 79
2  90 63
1  12
1  62
2  13 85
4  34 82 64 86
1  48
3  89 5 50
6  15 12 68 36 6 72
2  85 5
1  75
5  12 86 78 73 14
6  58 76 24 39 9 42
6  52 30 91 1 17 5
1  85
3  18 57 62
1  62
5  77 29 85 62 6
4  76 96 15 51
2  53 90
2  95 76
5  24 66 79 41 70
6  26 10 9 82 72 11
3  45 87 71
2  49 77
6  24 73 2 75 91 55
4  18 49 40 96
5  5 74 14 75 65
3  85 74 20
4  84 63 1 71
2  30 20
1  17
3  82 18 73
5  82 90 21 22 86
6  27 60 7 2 24 45
6  98 65 42 81 27 43
4  61 73 71 70
6  15 52 6 32 25 78
1  15
6  36 100 91 62 59 97
4  83 42 49 80
1  91
4  34 33 13 94
1  84
4  94 98 15 99
2  39 77
3  53 75 79
4  65 40 12 62
1  94
1  51
5  10 41 35 43 74
3  36 79 31
6  72 28 14 70 57 53
3  1 6 21
5  58 86 19 69 48
2  63 51
5  37 61 12 71 4
6  18 39 63 48 38 34
5  52 4 33 51 10
5  11 67 56 29 36
1  50
6  54 20 34 15 32 5
2  17 22
4  80 69 95 14
3  46 18 77
3  68 9 59
3  19 26 94
3  61 97 59
4  17 92 65 48
6  82 64 18 39 44 87
2  57 31
5  74 7 28 41 15
6  79 34 12 72 81 69
5  30 19 93 22 84
3  19 66 5
3  4 48 23
3  4 53 14
5  60 42 18 75 28
6  8 39 68 89 11 36
4  41 55 58 63
3  98 81 3
1  17
1  50
3  42 53 92
4  30 51 98 48
2  25 43
2  64 11
2  74 46
6  15 100 44 77 38 42
4  41 44 74 47
6  12 89 46 3 44 75
4  42 23 79 66
4  12 30 75 34
1  21
2  18 21
4  94 58 5 51
6  48 24 45 40 36 33
6  39 77 60 92 18 82
5  84 47 83 13 22
1  16
3  36 33 63
6  27 21 3 77 18 50
1  63
6  36 95 75 71 35 67
6  17 37 72 63 20 85
6  36 100 27 72 33 89
5  59 9 72 36 27
2  37 89
1  73
6  86 47 55 20 13 43
3  50 15 100
5  99 84 6 10 77
2  99 47
6  8 19 26 35 41 62
2  52 34
1  37
5  62 57 93 5 43
2  92 12
2  76 18
1  86
6  48 85 41 38 92 59
4  27 99 25 50
3  59 57 87
3  18 44 32
2  37 74
3  29 86 59
1  3
5  89 97 22 74 37
4  66 95 22 92
6  46 42 44 4 98 31
3  16 74 73
3  10 47 79
3  32 37 42
3  11 31 32
1  67
6  69 62 12 61 55 57
1  99
4  100 29 3 15
1  76
4  12 22 32 50
4  68 92 88 78
2  18 10
2  84 1
6  45 12 55 100 69 56
6  30 55 26 32 70 28
1  23
3  29 54 90
5  21 81 69 99 3
6  9 28 70 23 15 21
5  14 90 33 12 19
6  37 51 58 65 57 80
1  85
3  94 67 55
5  35 54 77 21 62
1  91
5  27 5 92 3 19
5  35 30 1 23 67
4  80 31 8 60
3  93 29 59
3  3 94 1
5  15 63 83 5 34
1  9
2  12 28
1  47
4  8 69 23 58
3  54 66 8
6  58 1 17 16 48 20
1  48
6  24 10 81 28 44 90
3  69 2 64
5  48 21 82 17 43
3  65 96 5
5  84 63 73 1 79
2  20 88
5  17 11 77 98 39
2  88 75
6  89 39 63 37 59 45
4  2 85 18 97
6  90 81 52 62 31 100
2  48 17
2  25 14
5  45 2 42 33 90
5  96 26 40 79 41
2  96 37
1  85
2  66 46
6  96 27 97 13 74 14
3  98 28 8
3  29 50 75
2  30 70
3  70 10 21
1  34
1  46
3  1 63 12
3  61 7 74
4  20 47 70 61
3  97 69 87
2  19 61
3  49 30 86
2  39 7
2  73 23
5  20 24 35 32 71
6  39 44 52 58 91 22
2  35 19
6  22 44 6 82 87 54
1  72
5  51 78 97 23 1
5  43 25 5 74 95
6  12 39 52 69 29 73
6  64 92 75 85 36 80
4  22 33 78 93
1  28
5  1 51 72 70 93
6  74 66 91 73 78 29
2  46 58
6  34 21 89 8 6 24
6  72 45 20 50 38 23
5  9 24 29 81 93
2  77 67
6  67 40 64 96 10 53
4  43 74 49 50
5  72 37 52 17 56
1  55
5  78 64 2 6 44
6  27 20 62 14 87 1
5  82 65 87 35 25
2  9 73
5  88 45 16 39 62
5  40 17 51 18 80
4  24 23 47 50
3  9 64 29
1  41
1  74
2  45 98
4  54 71 36 41
1  52
5  78 23 20 94 73
3  73 26 60
6  73 10 38 81 66 90
1  76
4  41 21 61 98
5  32 33 15 48 85
6  25 7 14 18 80 50
6  5 9 86 77 19 23
4  91 88 47 5
4  10 45 84 71
3  57 2 76
5  49 60 66 74 67
5  91 47 29 81 52
3  67 29 56
6  86 46 76 33 51 39
3  96 23 12
3  80 14 13
4  63 72 17 36
3  95 27 85
2  7 36
4  74 64 15 62
3  61 38 82
1  77
2  7 99
3  44 78 49
4  29 11 28 45
3  66 40 72
3  63 79 86
2  52 49
3  14 98 51
5  9 27 2 15 26
3  59 4 86
1  32
6  42 76 7 15 13 57
5  92 42 100 44 91
3  57 89 35
1  68
3  34 70 58
4  6 17 63 91
2  94 87
5  70 28 79 85 41
3  62 32 77
4  76 68 98 32
4  32 39 24 75
5  93 33 32 99 49
6  89 79 88 76 50 58
1  28
3  44 63 3
5  40 64 51 8 61
5  64 92 22 87 67
6  79 99 26 77 47 20
4  25 8 41 74
4  44 2 7 88
4  10 63 5 74
1  12
3  96 75 26
1  61
6  10 40 91 36 16 37
4  82 61 64 22
3  29 66 37
3  53 2 44
1  6
2  28 18
4  23 92 77 39
4  69 49 92 60
6  8 96 40 89 57 3
1  92
2  76 29
4  28 30 10 43
3  27 71 52
5  94 44 55 33 97
2  82 88
5  66 96 78 5 84
3  8 95 26
3  70 54 4
6  83 13 41 18 39 11
5  17 5 14 71 37
1  94
2  98 76
5  93 54 88 77 95
5  13 34 41 66 37
3  49 79 67
6  89 36 4 93 49 75
2  59 68
3  56 43 29
3  96 17 25
5  12 96 45 36 62
5  74 10 30 52 77
2  41 13
2  33 61
6  62 20 63 9 75 6
3  24 2 54
3  85 66 44
5  10 79 41 91 52
4  21 4 28 39
3  40 60 77
1  55
3  20 18 47
6  24 84 18 25 38 66
1  3
1  89
1  88
2  3 40
5  23 43 8 61 86
3  21 62 47
5  100 66 93 46 61
1  30
5  41 67 44 49 69
4  37 81 40 67
5  79 47 6 22 54
4  8 100 87 69
3  62 69 13
4  15 73 71 44
4  11 10 94 59
5  46 96 59 85 62
3  64 9 47
6  62 13 92 99 61 8
4  29 21 15 44
6  85 88 44 96 98 37
4  76 83 51 34
4  13 75 30 21
2  15 82
3  6 44 33
4  51 93 96 72
1  39
4  93 26 8 88
2  45 43
6  27 93 32 5 7 23
2  28 37
1  62
3  50 94 9
1  87
1  72
6  43 36 87 68 75 91
6  17 89 13 9 21 6
1  28
2  38 55
4  44 17 8 93
1  16
6  97 20 65 90 62 100
5  30 42 51 20 29
5  8 41 76 29 47
6  56 75 25 11 40 69
2  47 61
3  63 54 33
5  18 23 44 99 73
4  50 92 88 16
6  29 91 28 75 79 83
3  4 94 89
5  20 35 33 56 98
6  89 80 5 11 23 22
1  96
5  59 88 68 75 87
6  66 15 71 45 98 19
3  91 8 20
1  42
4  67 40 39 55
2  43 66
3  64 75 37
3  34 24 12
1  11
1  74
2  78 18
2  97 66
1  4
6  24 46 37 90 85 75
3  3 18 10
3  82 85 81
2  19 4
3  27 15 46
6  40 23 18 62 20 83
5  24 68 99 69 5
6  54 80 34 57 97 44
1  78
2  81 4
3  85 41 73
6  86 73 38 9 90 100
2  73 75
4  41 74 21 45
4  74 25 96 31
2  39 31
6  67 12 2 13 96 42
6  95 28 57 32 36 47
2  64 20
1  15
4  80 36 5 42
1  29
3  40 50 76
5  48 42 81 50 54
5  92 39 71 19 96
1  55
3  34 18 62
3  33 21 20
5  26 62 77 54 98
1  3
5  86 51 15 67 100
5  43 91 7 13 10
1  16
4  44 50 81 5
6  14 26 10 81 51 71
4  5 69 74 8
3  59 58 56
2  58 24
5  49 31 81 59 32
6  22 76 45 3 81 35
1  6
3  97 57 14
4  61 83 28 69
2  87 27
5  12 85 4 79 33
2  59 92
4  55 13 41 100
1  21
3  32 27 77
2  84 91
5  45 74 11 13 97
6  39 77 9 23 80 88
4  13 46 47 78
1  60
2  100 75
3  33 7 66
1  35
3  1 18 93
5  29 5 70 26 44
3  34 67 26
2  22 39
5  69 16 68 28 34
4  3 73 100 10
3  9 44 86
1  62
5  82 90 83 52 15
2  99 49
6  24 70 14 63 37 83
5  4 10 12 71 13
6  70 22 21 79 66 7
6  28 85 69 17 68 21
2  94 19
5  86 43 51 100 5
6  82 83 91 92 95 62
1  78
2  26 99
1  92
1  96
2  91 65
3  58 86 67
4  5 47 37 48
6  36 53 84 17 35 75
1  30
3  12 8 67
3  7 76 29
1  72
3  2 36 83
4  22 50 10 26
6  46 73 94 81 26 78
6  61 52 5 90 88 16
6  54 53 3 30 82 15
1  29
1  37
1  75
4  61 85 84 57
2  57 51
1  82
2  8 42
5  13 31 67 28 20
5  31 50 62 45 91
4  86 2 35 44
4  19 27 49 84
5  60 65 96 67 7
5  80 38 41 8 65
4  88 95 10 50
3  60 40 100
3  42 34 89
1  53
1  22
1  99
6  61 64 86 28 70 7
1  1
1  73
4  2 67 71 51
1  30
6  6 75 32 39 63 35
6  78 56 93 77 46 54
3  31 82 10
6  89 17 92 2 53 4
4  24 54 63 53
3  68 28 76
1  90
1  98
5  65 91 45 10 84
3  26 94 32
1  11
2  16 100
5  19 56 99 73 18
4  17 85 79 92
6  69 1 89 37 66 80
5  76 24 65 17 50
4  48 63 69 71
5  69 47 97 24 45
5  42 97 86 26 76
5  17 44 78 5 81
3  84 62 19
1  26
3  57 85 82
2  54 53
6  22 99 94 46 44 63
6  40 48 13 15 25 29
4  3 34 39 46
2  100 64
2  26 98
5  10 80 1 63 32
6  85 31 91 30 74 54
1  14
1  28
2  27 57
6  29 90 25 74 7 37
2  50 35
1  60
1  13
2  46 11
1  77
1  36
3  55 52 64
4  80 91 83 36
5  11 26 2 84 33
2  21 64
5  55 77 36 69 90
4  14 100 65 91
1  100
3  56 52 4
1  31
6  94 67 72 5 92 73
6  25 99 9 89 75 64
4  10 32 54 68
3  54 32 36
4  32 76 9 83
5  20 14 73 81 45
2  73 18
1  97
1  16
6  91 79 50 100 11 4
5  56 57 99 92 11
2  68 20
1  46
3  27 19 53
1  64
5  80 81 77 76 96
6  61 87 71 10 86 81
1  54
3  70 52 28
5  81 95 100 94 41
3  20 60 91
2  23 62
1  3
3  81 99 31
3  85 1 52
5  82 65 24 18 35
5  45 15 56 40 14
3  81 52 69
3  42 95 62
1  100
4  42 81 63 72
2  47 72
5  18 53 38 41 70
5  16 15 86 71 55
6  20 35 51 89 75 93
5  37 96 83 1 64
4  8 86 10 80
4  27 32 97 68
1  69
5  17 55 54 72 74
1  4
4  81 97 45 17
6  28 17 92 80 35 77
6  15 37 16 46 33 84
3  2 67 65
4  21 36 10 94
3  14 56 22
1  1
3  1 29 55
2  20 34
4  97 23 78 33
3  24 66 23
5  67 89 36 23 9
5  33 3 14 47 59
3  57 60 74
4  88 28 86 7
4  49 3 84 26
3  23 49 1
3  20 67 33
4  90 42 27 23
3  40 69 3
5  25 62 48 82 49
5  67 56 37 16 59
2  41 94
3  90 94 87
1  61
2  65 51
4  91 74 5 31
3  8 6 68
5  53 49 18 28 16
5  65 32 85 72 26
2  62 20
1  71
5  34 36 32 95 27
1  100
4  47 7 62 15
5  15 64 93 43 79
4  7 11 98 91
5  24 17 44 31 15
2  64 50
4  58 76 60 57
2  7 64
6  21 39 9 84 31 51
4  97 57 73 95
3  55 18 64
6  61 95 13 85 58 62
3  16 37 100
5  69 6 36 63 27
5  71 11 5 21 74
1  77
3  95 24 1
1  88
6  74 82 11 58 39 72
6  55 9 96 27 78 2
4  40 29 36 10
3  40 31 12
3  8 58 35
2  59 48
2  58 21
6  68 78 38 40 75 92
3  71 19 26
5  80 65 1 15 75
3  55 5 51
6  12 9 29 42 68 76
4  25 96 59 93
5  96 32 49 88 80
2  6 92
6  70 93 1 44 32 55
3  82 49 60
6  77 2 58 53 61 83
3  20 75 23
1  6
5  3 86 90 9 91
5  95 61 74 4 5
3  52 87 98
1  78
5  13 36 27 73 18
5  92 97 8 98 68
1  83
4  19 74 40 13
3  13 8 38
2  57 90
1  55
1  82
2  13 17
4  86 35 31 78
2  28 85
2  95 6
4  13 80 92 26
1  5
2  52 23
6  42 27 44 9 73 55
2  29 41
4  59 19 86 4
1  81
6  14 34 11 94 26 36
1  30
5  58 53 59 99 79
1  41
6  75 96 13 3 36 73
4  55 58 47 66
2  55 80
4  66 73 86 2
5  16 70 37 68 28
3  47 30 76
2  5 72
3  7 18 68
4  76 14 19 41
3  74 20 2
3  92 88 40
5  3 10 7 70 38
3  17 68 50
5  88 96 78 95 13
3  56 88 59
5  29 100 48 1 86
3  88 26 9
6  36 15 60 73 57 77
3  73 26 12
4  21 89 56 34
3  12 22 93
6  50 92 34 97 19 36
5  45 69 80 60 29
4  16 5 92 89
2  4 50
4  92 5 85 26
1  6
2  2 55
1  35
4  1 54 88 80
6  32 49 78 92 77 30
1  82
2  96 12
2  45 63
1  49
3  43 65 53
4  67 8 69 2
4  69 56 47 49
4  79 97 31 70
5  61 76 55 82 71
5  6 16 30 23 64
5  65 29 30 24 96
3  93 97 96
4  52 42 10 6
2  6 36
6  80 97 65 34 78 36
1  84
4  31 6 15 7
5  43 36 94 39 72
6  36 68 48 88 9 58
6  29 64 17 43 25 82
5  3 17 77 86 67
1  92
5  14 61 24 49 55
4  21 42 98 88
6  85 97 47 78 25 10
1  42
4  31 23 28 33
3  5 18 7
1  10
6  25 70 12 74 95 66
5  83 55 57 79 1
3  4 11 40
3  62 71 68
6  3 7 95 21 14 30
1  31
6  12 5 25 86 99 90
4  81 45 13 60
3  47 63 56
6  8 17 57 76 7 59
5  2 80 96 8 9
6  39 9 8 43 33 93
3  23 50 22
4  62 82 12 9
3  67 95 52
6  51 27 91 10 9 92
6  4 100 98 38 6 7
5  38 99 22 60 48
3  27 10 25
3  19 69 5
1  20
6  64 46 78 74 54 70
4  58 70 60 57
1  65
4  88 3 62 10
4  10 53 89 20
5  26 38 46 31 50
4  18 14 11 96
6  65 66 49 22 35 8
5  42 73 41 30 75
1  39
3  11 92 26
2  69 52
5  15 82 18 79 99
2  90 95
2  54 60
4  75 95 74 52
3  46 93 66
2  94 5
4  5 96 83 35
4  34 2 79 15
2  58 14
3  47 8 67
6  67 33 75 62 7 27
6  53 19 64 73 12 68
2  17 64
1  52
2  47 53
1  61
5  65 74 21 11 82
6  11 49 21 85 10 27
1  7
5  30 70 52 42 38
5  59 2 94 10 30
3  62 36 1
3  100 75 55
1  56
3  22 4 63
1  14
6  18 21 67 47 91 89
2  99 47
2  93 56
4  33 18 94 52
6  8 6 5 63 48 26
5  10 32 81 99 50
1  65
6  91 83 85 19 82 31
3  74 87 6
1  4
6  39 55 93 47 61 97
1  8
2  76 18
4  57 16 4 81
6  48 63 84 67 44 14
1  18
1  19
2  4 18
4  59 10 9 19
1  18
2  29 93
3  83 49 61
6  6 41 85 53 4 68
2  48 82
2  65 82
4  88 86 69 50
3  79 59 63
6  76 90 14 69 35 96
2  95 82
2  35 67
5  39 34 95 86 16
2  50 98
5  38 83 46 88 27
2  46 90
1  21
5  22 89 14 18 6
1  100
2  43 66
1  81
6  98 66 15 25 16 12
1  53
6  48 40 22 72 86 12
5  6 91 3 95 4
2  100 12
2  28 54
6  31 35 83 29 1 98
4  16 9 55 69
1  2
1  25
5  94 36 55 99 27
4  94 31 77 93
3  96 21 80
4  30 62 79 59
2  46 68
6  14 71 87 21 96 61
1  32
1  13
4  72 6 88 48
6  30 43 19 25 22 70
4  84 49 43 80
2  10 65
3  81 52 63
5  12 77 8 27 90
4  98 96 53 45
6  82 87 13 6 9 60
6  30 44 34 9 73 74
1  24
2  77 100
3  54 8 63
3  72 60 39
2  4 33
1  91
3  12 100 27
5  91 57 15 25 66
6  68 39 1 92 64 77
6  99 30 62 74 71 21
1  95
2  45 100
1  90
1  15
1  82
1  73
6  30 39 83 98 78 89
3  59 80 40
6  78 1 62 48 22 74
3  46 18 43
4  7 54 76 23
3  82 96 32
1  34
1  9
1  96
6  52 55 78 92 44 56
6  6 4 14 79 46 60
6  88 21 3 41 97 25
5  78 21 8 89 54
2  98 66
1  96
2  71 73
1  15
2  1 20
2  15 99
5  74 95 64 94 97
1  90
2  81 68
3  88 57 96
1  54
4  25 50 78 96
2  86 11
3  87 30 81
1  28
4  75 22 21 68
2  25 58
3  6 25 82
6  81 77 2 35 38 27
6  15 23 6 1 33 55
6  63 36 89 91 92 13
1  31
2  37 88
5  42 13 53 35 94
2  36 28
4  63 12 81 85
2  82 18
5  69 80 8 57 70
6  20 83 10 51 14 47
3  84 88 51
3  23 44 65
4  72 31 21 84
1  5
1  93
2  73 62
1  80
2  72 78
3  55 88 68
3  26 51 22
5  87 44 21 52 2
6  83 22 75 95 27 76
6  49 48 51 27 67 23
1  5
5  92 93 44 26 19
6  48 95 82 91 15 34
6  7 16 14 82 10 41
4  97 90 4 45
3  31 12 63
3  16 39 27
1  82
4  27 77 100 22
4  91 36 83 43
1  97
2  16 37
5  13 27 85 58 66
1  69
2  50 85
5  76 94 49 28 20
2  28 41
5  18 77 74 100 20
5  96 43 33 23 9
4  8 66 25 22
3  53 71 20
2  47 13
5  75 33 94 2 74
5  20 51 50 19 70
2  15 12
2  47 35
2  5 42
6  30 64 34 82 35 53
1  82
4  69 56 98 62
4  71 38 77 21
6  96 91 16 11 3 41
4  37 74 62 79
5  91 43 5 73 77
4  74 58 23 42
1  21
1  71
6  42 48 12 28 44 3
3  54 5 85
1  42
4  72 20 30 63
4  35 39 92 8
6  15 50 10 35 53 81
2  94 29
3  22 72 39
4  26 44 50 36
6  8 5 37 70 67 72
1  6
4  13 2 78 62
1  12
1  92
3  9 21 74
2  93 13
6  18 56 46 54 40 53
4  44 90 32 10
4  36 15 24 48
1  1
1  28
1  24
2  49 32
3  22 63 33
3  58 51 89
1  4
2  57 66
5  46 97 82 7 32
6  31 80 13 32 89 41
3  13 61 92
3  1 13 7
2  46 64
5  35 68 87 63 24
4  34 70 49 16
5  81 12 7 60 25
3  49 66 80
4  26 72 6 84
1  59
2  76 42
4  43 29 26 67
5  60 36 29 76 11
1  88
2  69 12
4  18 77 34 79
1  5
6  28 89 96 87 18 72
2  81 14
4  7 81 36 67
1  65
3  27 74 30
3  42 41 98
4  18 32 38 20
3  22 48 25
2  35 42
6  62 23 2 18 30 82
4  97 98 18 39
2  91 68
4  33 9 64 92
2  95 30
3  31 51 94
4  68 28 97 56
6  20 57 8 50 39 61
3  37 79 85
4  70 53 27 2
4  90 94 87 85
2  33 16
5  26 71 40 54 67
6  44 87 52 51 36 91
1  82
2  89 66
6  58 18 13 60 79 2
4  65 87 76 98
1  49
2  72 88
5  39 83 20 25 35
5  61 25 81 42 52
5  8 38 28 26 50
6  4 52 40 69 39 16
4  40 64 89 12
4  65 50 34 85
5  69 54 35 94 77
3  4 84 83
2  9 33
2  13 85
4  81 23 72 46
4  36 34 74 87
6  23 21 83 97 89 37
2  83 71
1  28
5  91 10 4 100 43
2  12 27
5  93 50 39 12 85
5  86 71 8 92 53
1  81
6  36 63 59 43 90 33
2  100 36
2  43 56
3  69 34 37
2  83 75
2  67 46
1  38
1  24
2  69 28
1  58
4  73 17 6 63
3  38 62 84
5  4 40 14 73 50
6  55 25 22 71 37 59
6  61 88 55 98 12 51
5  28 56 32 77 94
6  60 64 97 100 78 70
5  27 61 52 82 48
2  19 7
1  79
6  62 67 91 74 18 61
1  74
6  78 67 85 38 30 82
3  8 51 9
3  11 35 86
6  82 7 11 89 14 76
4  73 49 33 51
3  25 29 12
1  67
3  91 3 49
3  12 83 52
3  69 44 28
5  54 16 88 42 98
4  97 71 12 70
1  63
1  28
6  27 37 58 68 60 17
5  71 100 19 17 68
4  45 43 16 60
2  57 93
4  28 5 23 31
5  37 58 59 64 95
1  31
2  76 48
6  47 48 8 64 16 70
1  58
6  68 88 42 24 81 96
4  86 18 81 53
4  39 12 18 33
2  49 55
1  97
3  51 45 14
4  21 18 5 88
1  47
1  86
3  63 72 59
3  25 14 83
3  32 16 64
5  70 67 77 13 17
2  64 30
5  84 51 98 88 39
1  35
4  89 76 14 61
3  57 85 48
3  21 79 55
6  59 24 50 35 37 67
4  100 96 36 83
3  33 71 86
3  5 36 25
5  49 86 14 6 70
4  46 91 41 100
5  99 24 34 61 90
6  60 86 24 43 33 57
1  18
6  18 54 98 3 12 9
5  74 54 62 14 36
1  77
4  46 37 49 34
6  34 58 40 66 15 53
5  8 71 36 25 69
3  27 80 47
6  54 100 61 67 53 96
5  30 55 24 67 3
4  63 37 16 2
1  31
4  85 38 25 21
4  93 59 89 73
1  87
2  4 48
6  57 44 71 86 98 95
4  1 53 15 37
5  17 39 99 71 23
3  95 43 98
6  2 86 60 7 73 11
2  78 67
4  49 52 62 44
1  62
6  18 99 65 34 37 63
1  60
6  99 3 97 87 4 83
3  11 56 32
2  76 10
6  39 59 1 2 42 62
6  59 61 63 93 98 26
6  57 25 96 60 21 82
4  4 29 74 59
4  94 34 71 80
5  29 18 73 31 60
3  29 18 96
6  11 93 16 8 50 41
1  9
4  85 73 64 14
3  22 74 39
4  44 19 28 73
3  1 3 96
3  32 14 30
2  24 23
3  32 72 79
3  81 39 20
4  3 33 99 25
1  38
5  50 56 8 22 93
1  25
6  44 56 2 73 78 26
6  16 57 67 95 91 48
2  10 1
3  43 99 60
3  36 40 98
6  48 19 84 56 43 72
6  99 73 72 76 98 67
6  54 34 86 45 82 19
4  82 54 97 80
1  45
1  53
3  7 1 60
6  57 3 61 56 1 34
2  77 31
6  68 85 28 54 29 9
5  83 90 25 79 70
3  23 85 91
4  91 92 25 80
3  27 41 3
2  74 30
1  5
2  71 89
4  25 17 61 96
6  51 21 79 20 59 2
1  50
4  95 41 90 75
6  17 15 90 44 89 20
3  93 43 18
5  95 42 98 55 38
6  5 58 76 25 17 77
2  66 42
2  6 32
6  94 48 11 84 91 100
1  38
6  46 56 74 40 97 71
6  35 68 99 92 43 23
1  20
4  74 61 73 79
6  70 73 40 80 56 30
5  59 68 72 4 23
3  44 20 16
3  54 83 37
3  26 60 54
3  11 27 6
5  6 98 53 78 37
2  34 67
1  92
3  84 95 57
2  39 77
3  77 30 26
1  76
4  73 29 97 83
4  2 66 61 100
2  39 36
4  72 3 63 37
3  58 94 73
6  70 16 72 99 41 85
5  92 57 3 89 39
4  90 5 18 24
4  25 74 27 28
3  90 65 81
3  58 54 42
2  69 14
2  10 98
6  2 54 90 93 59 80
6  77 69 21 33 94 59
2  30 49
6  11 95 43 64 36 70
2  50 95
3  47 95 44
1  97
2  93 56
1  90
2  82 10
4  75 4 23 96
2  72 81
3  66 24 8
1  93
3  51 88 83
6  83 26 98 79 60 90
3  72 80 66
4  90 30 28 93
4  24 26 5 70
6  28 77 91 21 17 42
1  99
3  90 25 36
5  84 25 3 56 4
5  9 93 98 36 86
4  59 12 75 63
5  64 91 57 54 11
5  95 18 72 33 8
6  68 76 80 93 78 35
6  46 43 90 44 79 75
6  38 86 68 1 66 31
6  23 85 1 96 80 19
5  13 27 64 81 3
3  73 81 78
5  26 21 59 70 99
2  63 36
2  31 37
6  62 27 7 46 28 2
2  47 70
3  74 33 19
5  76 92 56 53 61
5  74 19 51 72 52
1  8
5  44 45 54 6 71
4  52 99 62 77
3  31 15 19
4  33 94 38 25
3  91 85 31
4  4 82 36 55
6  44 24 40 88 77 45
4  37 96 58 98
5  3 28 88 21 90
2  15 28
3  64 19 29
6  83 32 76 19 87 72
4  11 50 88 55
1  24
4  66 21 23 69
3  10 89 39
2  4 66
5  67 85 3 61 68
3  37 86 21
1  48
2  18 98
2  73 6
3  23 72 63
3  40 11 55
2  50 85
2  15 59
6  100 61 59 67 95 96
4  16 3 100 47
2  98 65
6  4 7 16 75 70 62
1  81
1  43
2  1 74
3  59 72 45
2  30 11
1  25
4  29 28 64 76
3  61 41 42
4  48 58 39 17
2  53 98
3  95 28 36
5  72 94 40 16 13
5  27 94 90 56 22
4  31 70 14 71
1  78
2  69 16
3  88 69 32
2  64 59
4  32 31 51 72
3  64 41 74
6  34 64 46 56 17 76
2  30 47
3  7 64 5
2  99 92
6  30 14 54 89 71 85
2  22 56
4  86 96 40 76
2  4 21
6  20 97 10 49 43 46
4  7 50 77 5
3  67 35 56
2  24 27
1  43
3  62 10 34
4  49 9 87 53
2  72 26
5  21 69 27 76 75
5  52 80 18 19 14
5  40 37 100 45 80
3  6 89 81
4  38 89 50 90
2  22 62
3  3 82 13
2  57 88
1  9
4  24 28 81 97
4  18 96 11 97
3  17 86 23
5  23 12 30 13 51
5  74 54 55 86 82
1  73
6  19 40 10 46 20 7
1  38
1  24
3  45 40 19
5  20 42 80 49 54
1  100
2  83 53
5  68 35 92 41 22
1  80
2  57 100
3  69 37 40
6  71 85 32 90 53 51
2  32 100
6  41 100 12 23 52 93
6  87 84 31 8 95 11
3  51 11 78
2  48 18
1  18
1  44
1  55
6  39 86 95 24 27 94
3  49 45 27
3  32 10 69
3  5 80 79
4  90 57 76 37
5  87 55 76 31 62
2  25 1
1  19
2  43 12
4  91 57 84 30
6  94 98 28 78 7 54
4  63 29 3 37
1  57
1  46
2  44 71
2  60 89
3  2 1 93
4  84 22 46 78
2  74 76
6  80 29 64 43 57 66
5  72 23 92 17 42
3  88 61 94
5  4 96 77 89 34
6  11 80 65 31 53 40
2  32 68
6  75 25 56 53 97 79
3  14 20 79
1  81
5  76 84 69 53 87
4  87 74 67 66
3  97 19 78
2  51 46
1  25
5  70 77 67 48 22
5  68 100 80 48 73
4  31 41 8 18
6  94 92 64 60 30 61
5  7 85 28 53 99
4  23 68 29 89
1  50
5  83 50 48 31 22
1  62
4  11 79 60 5
5  24 64 99 84 42
1  69
5  58 67 21 81 35
3  70 50 100
3  33 49 86
4  71 89 24 34
6  3 93 5 72 16 69
5  100 10 76 68 79
3  34 100 15
5  50 84 18 49 22
3  98 8 13
5  96 36 2 38 94
6  10 68 80 9 78 55
5  56 89 10 3 78
1  87
6  54 8 45 52 15 58
2  11 93
2  7 31
1  6
3  24 74 20
2  51 75
1  6
4  18 62 66 95
4  52 90 20 60
3  71 75 92
6  85 11 91 16 26 97
4  49 70 75 80
2  49 88
2  12 5
6  77 100 54 28 89 74
6  24 45 62 16 35 47
6  46 37 15 71 34 70
2  4 45
6  23 93 86 49 4 91
3  81 90 89
1  79
4  96 2 6 57
2  41 3
1  86
3  32 57 74
1  76
5  46 74 99 38 60
3  42 50 83
2  40 71
2  18 33
2  20 39
5  37 79 87 53 65
2  85 21
6  86 96 76 31 70 75
5  30 22 11 79 4
2  19 74
4  36 7 90 55
3  74 92 23
4  44 88 86 29
1  85
1  4
4  44 74 35 13
1  57
2  82 60
4  100 34 19 35
3  9 90 84
5  81 7 41 25 94
2  53 2
1  67
1  71
1  79
1  23
5  61 46 63 21 1
4  55 19 97 94
