100 5000
282500
305000
252500
89500
408000
91500
292000
211000
12500
158000
30500
41500
488000
489000
436500
26500
134000
46000
440000
281000
331500
490500
480500
69500
111500
107000
5500
434000
165500
268000
278000
448500
73500
31000
38500
481500
122500
330500
192500
135500
489000
223500
177000
477000
212500
114000
4000
347000
160500
444000
128000
492000
435000
109000
62000
46500
216500
68000
481000
382000
336000
259000
331000
409500
290500
369500
391000
413500
200500
84000
49000
189500
307500
226500
167000
20500
340500
171000
367500
1000
115500
496000
493500
51000
105000
55500
98000
321500
123500
79000
204000
459500
338500
35500
369000
129000
405500
260500
42500
106000
5  19 60 31 64 93
3  32 27 9
2  51 8
2  61 29
3  80 93 67
6  34 59 64 41 33 90
2  85 98
3  54 17 3
6  80 96 20 12 23 28
3  73 35 75
2  64 17
1  57
6  9 91 43 73 32 75
4  54 60 97 14
5  100 98 56 95 18
5  18 45 12 90 80
6  23 43 4 36 100 88
3  90 30 17
2  5 79
5  64 38 72 78 14
5  76 70 66 93 38
5  37 49 72 17 36
6  60 39 30 59 26 74
3  56 91 70
4  69 44 24 6
1  1
2  86 76
6  51 69 26 33 6 75
1  22
1  99
5  49 29 39 74 3
6  29 93 56 89 61 100
1  66
1  13
6  100 89 74 50 57 83
4  74 87 83 86
4  32 15 2 6
1  89
3  9 44 23
5  44 34 35 58 46
2  57 34
6  7 91 92 89 52 66
5  34 49 62 97 80
5  98 85 92 86 19
1  30
3  70 74 75
1  31
2  23 87
4  16 93 45 8
5  96 73 58 30 21
2  27 1
6  24 85 87 10 4 40
3  56 13 20
4  43 40 82 30
6  98 23 39 5 35 78
4  64 99 81 91
6  75 15 84 61 24 87
3  64 32 3
5  51 62 20 91 44
3  85 41 72
2  46 76
4  24 38 22 18
1  20
6  26 4 52 50 91 99
1  22
1  90
5  63 9 6 58 48
3  30 71 93
1  29
1  43
3  37 60 62
4  52 87 60 4
3  51 2 50
5  4 39 45 66 48
1  72
1  55
2  34 26
1  39
4  26 81 4 63
3  65 20 93
4  80 96 88 30
6  37 1 76 46 67 23
4  38 27 7 56
4  32 66 99 86
6  80 89 55 21 53 74
1  5
4  9 92 82 6
2  83 7
1  28
5  27 80 10 54 87
4  14 19 32 13
1  23
6  93 77 13 46 51 26
3  3 34 41
6  39 69 68 46 73 96
2  99 76
2  52 62
6  66 81 24 78 84 47
5  77 24 83 22 74
1  71
5  41 12 62 80 81
2  25 53
2  42 52
6  69 4 62 61 42 85
3  26 31 16
1  54
6  24 27 5 94 4 46
1  65
2  86 94
3  39 18 92
6  17 61 94 78 22 63
2  6 9
3  36 24 47
6  22 70 16 27 63 19
5  69 84 97 54 77
3  93 95 38
5  11 99 77 89 20
3  8 25 47
4  61 71 99 50
6  68 65 18 31 84 90
6  68 87 53 45 33 39
5  28 49 69 4 38
6  42 46 13 89 99 73
4  97 23 51 65
6  69 96 71 59 95 39
3  47 83 77
6  21 48 19 70 16 23
1  4
4  53 17 52 90
1  48
1  62
1  98
2  8 69
6  3 8 33 50 90 9
3  11 57 60
5  73 82 88 76 46
3  92 98 81
1  39
6  70 52 90 100 60 59
6  62 67 20 11 56 29
4  67 85 11 47
4  93 34 33 38
5  25 35 65 6 43
1  98
1  55
6  12 15 47 100 76 13
2  87 69
3  38 35 32
3  81 89 41
1  21
5  88 46 13 53 51
4  57 48 68 12
3  80 26 82
5  2 94 98 88 62
3  26 97 77
5  78 66 14 92 87
6  80 32 4 33 83 59
6  31 26 100 66 6 25
3  85 26 41
5  14 3 27 39 100
1  13
5  69 26 56 17 48
6  20 81 70 78 69 100
1  68
4  9 92 12 93
2  52 75
2  55 1
5  54 5 82 30 74
1  99
2  24 47
1  44
2  85 21
6  84 24 62 49 33 54
4  25 72 12 99
1  67
6  73 20 4 55 50 77
4  48 6 86 94
2  29 20
1  49
1  89
5  77 37 5 31 97
2  2 8
2  5 74
2  77 94
2  32 43
1  93
6  14 78 84 34 7 4
3  55 19 27
2  95 63
2  25 59
4  27 67 89 31
3  16 8 34
3  39 76 55
2  66 68
1  50
1  16
4  39 71 72 65
6  66 27 30 91 86 17
4  80 48 92 96
4  25 42 95 1
6  26 67 63 35 16 64
3  69 2 20
3  67 18 6
6  47 96 79 38 13 31
2  60 22
1  16
3  54 10 47
3  35 13 70
2  76 19
6  78 39 37 44 56 43
3  3 39 16
3  52 46 58
1  68
5  27 14 25 36 60
5  70 72 86 40 100
4  59 97 39 34
5  53 76 19 56 15
3  97 66 80
4  77 47 25 3
4  49 38 19 23
1  91
1  47
6  69 6 86 7 2 19
6  55 95 7 11 9 41
1  74
2  61 51
4  86 54 27 34
6  45 56 99 35 64 46
2  33 51
1  40
4  28 8 22 35
2  31 76
2  5 95
6  55 62 70 8 88 4
6  33 60 98 67 24 44
6  56 95 1 48 28 23
4  50 58 73 80
2  97 84
2  81 38
6  51 46 77 55 45 9
1  42
5  38 86 66 93 80
4  88 28 94 11
5  43 68 54 23 100
3  6 27 31
3  16 82 90
6  37 34 100 51 76 75
6  62 41 81 7 69 1
5  50 43 47 4 66
3  54 71 73
6  15 89 66 4 80 2
3  80 52 13
4  40 74 95 20
1  2
6  83 2 67 33 45 13
3  10 58 89
5  31 73 95 19 39
6  99 40 35 78 92 48
2  32 21
2  51 36
2  39 19
2  5 51
5  17 87 84 75 76
4  6 49 58 24
6  56 23 27 91 1 19
3  33 50 59
4  100 94 88 39
1  18
3  63 93 60
3  76 35 25
3  40 73 98
4  59 54 86 44
6  4 81 19 53 39 78
4  33 66 91 45
6  34 8 76 94 57 52
2  82 92
5  54 89 31 13 42
1  98
6  2 1 66 20 53 5
6  5 38 64 96 83 48
2  90 23
2  47 75
3  28 66 17
5  55 47 93 97 63
6  82 64 91 47 84 44
4  82 49 89 45
3  71 93 73
4  15 95 7 90
3  34 56 62
1  10
1  8
1  71
6  87 35 89 34 19 32
6  100 80 74 45 24 44
3  96 4 52
6  10 41 36 44 97 58
1  5
4  12 75 63 99
1  51
2  27 83
2  27 62
6  72 85 34 8 81 37
4  71 47 1 7
6  97 3 48 2 8 14
1  83
5  12 92 27 44 19
1  61
3  71 51 16
4  84 24 36 21
5  7 68 83 13 58
5  16 5 81 24 18
6  6 94 97 21 50 15
2  11 60
1  61
5  56 45 99 91 66
5  97 33 64 10 90
3  26 95 24
3  13 18 54
1  24
4  28 73 65 57
5  24 57 44 99 12
6  97 3 54 78 100 87
3  10 77 85
3  71 9 83
6  26 37 90 50 87 17
2  51 74
1  75
2  49 73
3  37 69 45
6  47 44 77 89 53 73
6  24 81 71 7 97 57
6  14 79 44 88 84 19
2  32 91
4  69 60 5 59
1  49
3  95 1 87
5  89 10 48 59 17
4  65 14 12 58
2  90 2
1  73
2  32 5
1  91
5  71 95 32 77 43
4  71 44 53 38
2  63 86
6  80 41 56 93 52 13
2  42 15
2  15 35
4  19 46 55 92
1  49
2  93 92
6  63 36 42 1 68 4
6  58 83 27 13 75 78
2  94 19
3  27 33 76
6  52 21 44 43 37 93
4  29 85 55 92
2  96 92
6  99 78 45 82 4 58
4  82 84 50 1
2  76 33
6  66 85 20 10 28 57
1  93
6  87 48 77 7 43 69
6  42 47 39 24 50 97
5  32 80 30 3 5
4  2 71 49 22
5  76 78 83 69 63
5  16 39 76 59 7
5  100 54 9 23 3
1  3
3  85 32 66
6  37 31 90 7 79 11
6  55 88 69 23 50 38
3  88 13 97
6  83 97 48 91 20 51
6  22 86 81 53 52 69
6  82 58 96 60 68 14
4  51 37 5 88
5  93 1 72 87 83
5  35 74 87 86 70
1  71
4  60 22 19 49
1  76
3  63 43 25
5  98 75 14 2 63
6  95 63 60 81 45 27
1  19
1  2
6  21 72 39 81 94 57
2  97 32
5  60 75 98 37 73
5  50 75 35 38 69
6  97 50 42 24 65 61
3  67 49 58
3  87 38 32
3  67 29 75
3  89 50 36
2  22 9
5  96 43 12 64 40
1  14
5  32 79 42 69 45
6  26 83 76 64 14 19
2  43 93
5  31 43 6 56 64
1  30
4  56 42 23 95
3  36 76 82
1  17
4  59 7 76 41
5  40 55 1 70 97
6  39 28 36 44 83 99
4  13 58 54 81
1  4
2  84 85
2  1 35
6  7 11 30 89 50 84
6  20 80 83 59 8 18
1  91
1  60
1  75
5  56 80 59 72 63
3  3 63 79
6  70 90 21 58 40 4
3  59 84 29
2  92 47
2  82 64
5  84 38 52 39 93
2  98 65
6  42 68 57 21 59 27
1  80
6  49 83 31 8 67 59
2  58 6
3  39 69 25
2  7 76
4  100 7 59 65
1  100
2  58 20
6  84 30 70 68 79 53
6  87 19 57 12 77 62
4  15 31 81 37
3  57 98 36
4  56 1 64 32
2  76 22
1  5
6  73 84 44 71 70 62
2  82 38
6  38 53 19 89 55 75
6  91 38 42 2 97 23
2  72 45
2  77 36
1  60
5  73 29 41 99 10
5  87 48 32 5 66
2  60 41
1  51
5  48 42 80 45 64
1  16
1  33
6  45 35 51 24 7 80
4  5 89 43 92
3  75 96 2
6  56 42 1 6 20 49
3  100 93 11
1  9
2  36 100
4  70 51 87 76
2  51 80
2  94 71
4  68 67 56 63
2  98 64
2  18 12
5  17 5 86 20 13
1  55
1  69
2  64 56
6  94 7 79 12 1 50
4  68 17 23 31
3  20 94 66
3  6 41 54
1  26
5  23 31 27 36 100
3  100 56 49
6  62 28 5 77 71 30
6  94 60 31 13 54 97
3  59 37 3
5  63 75 92 94 2
2  93 52
2  49 100
2  10 27
2  72 4
6  2 96 88 62 27 1
1  23
3  74 59 53
3  22 28 34
1  29
4  8 80 89 56
5  8 66 7 31 38
1  26
3  5 13 1
2  13 15
4  63 89 13 15
2  34 42
4  49 71 26 56
3  15 12 30
2  77 36
4  15 45 78 54
3  90 54 81
1  69
3  65 57 47
5  87 81 22 52 29
6  77 85 42 92 96 71
1  73
1  65
6  51 43 40 1 33 93
5  35 61 16 100 17
4  80 4 43 1
4  72 92 32 56
2  23 51
1  36
2  10 100
1  61
3  49 62 74
3  43 9 2
4  9 19 20 88
2  63 88
5  34 80 9 90 13
2  40 17
4  63 27 66 72
6  8 20 48 82 61 91
6  62 48 99 81 68 87
1  31
5  79 65 54 87 66
2  94 82
6  57 8 50 28 95 48
3  39 8 33
2  70 81
2  50 48
1  53
5  88 31 43 41 18
6  6 36 90 88 19 46
6  69 73 90 26 20 32
4  28 65 93 97
3  20 47 93
2  99 71
2  30 13
4  47 9 67 83
6  54 2 43 48 70 15
3  95 35 69
4  62 33 51 59
5  70 6 3 5 41
2  34 53
6  81 61 50 64 59 3
4  1 51 34 16
6  28 51 57 86 13 90
3  72 67 6
5  37 9 82 77 32
1  30
1  96
6  65 59 49 68 23 18
4  65 6 85 15
4  70 27 51 6
6  18 12 75 54 21 56
2  53 71
4  68 66 50 33
2  98 100
3  47 18 4
1  23
6  25 85 58 52 36 64
3  53 75 23
1  95
5  37 47 49 96 15
1  46
3  39 43 46
6  89 63 100 86 76 25
5  34 76 6 97 25
4  71 48 65 66
2  2 13
5  98 28 87 43 74
2  86 20
1  75
5  99 74 68 75 98
3  8 74 44
1  98
1  76
3  68 41 70
5  54 43 67 82 30
1  55
4  95 74 66 69
4  64 43 24 39
3  62 47 14
1  51
1  8
2  56 76
4  26 45 21 69
1  2
6  20 56 54 14 30 19
5  85 83 26 9 21
4  70 68 80 76
2  92 84
3  47 59 10
5  3 30 41 14 31
3  33 87 93
3  16 12 30
1  94
4  9 15 21 79
5  1 55 100 92 38
3  39 97 52
1  99
5  52 13 91 45 99
5  92 15 95 21 16
6  76 25 3 97 4 84
6  58 84 89 95 26 27
6  78 38 90 59 2 72
5  47 70 64 39 85
4  59 1 46 35
2  48 31
2  32 28
6  15 17 80 41 44 71
2  82 61
5  71 62 48 51 9
2  14 47
1  71
1  3
1  40
2  64 71
4  95 99 40 10
1  19
3  59 89 68
3  50 45 10
1  93
4  20 10 74 67
1  44
5  15 60 12 42 23
5  96 18 81 35 27
6  54 77 55 42 45 94
6  89 4 3 81 63 22
6  36 88 3 80 60 17
3  72 58 62
4  54 80 35 88
1  30
3  83 84 27
5  74 16 81 76 97
3  98 87 80
6  89 59 45 6 98 16
4  60 70 17 39
1  5
3  34 45 27
2  28 54
6  2 69 75 78 65 18
5  51 97 60 40 56
1  46
4  21 9 13 90
2  51 94
2  95 27
5  22 44 2 75 38
1  43
1  80
1  30
4  59 27 15 98
5  20 44 35 41 52
3  31 77 98
2  5 93
3  79 14 93
5  88 31 83 43 63
3  73 18 96
6  33 94 81 52 37 16
6  89 63 22 65 60 46
5  52 95 48 66 88
2  53 19
1  84
4  74 21 33 92
1  32
2  11 12
5  47 28 67 35 90
6  100 50 34 69 2 29
1  67
1  45
2  34 56
1  95
2  24 27
2  40 58
3  50 70 19
6  97 85 32 87 73 36
1  100
3  35 17 4
3  61 23 84
1  26
5  45 49 5 66 89
4  9 39 32 28
3  29 12 67
1  85
6  51 91 98 88 26 14
6  75 14 59 90 39 36
3  88 40 1
5  2 10 15 34 37
3  62 49 17
5  33 15 27 24 13
1  49
2  5 24
6  19 82 90 57 18 25
3  58 25 21
4  35 36 93 71
6  55 19 2 31 52 17
4  75 29 72 24
4  77 48 55 95
2  45 52
3  69 97 4
6  17 63 29 52 56 99
3  10 17 39
3  68 55 98
3  84 70 67
3  47 14 93
3  43 37 93
6  6 90 93 100 56 28
4  11 26 95 20
3  33 60 10
6  58 53 71 28 19 8
5  33 100 15 75 37
1  63
3  97 56 41
1  11
5  60 21 94 55 41
3  87 1 46
5  58 99 45 85 17
4  59 49 52 73
2  89 80
6  30 77 42 71 79 52
3  39 73 32
6  13 68 80 14 54 71
1  98
4  29 50 13 78
1  86
1  90
4  87 19 42 28
6  20 80 28 58 52 59
3  65 27 30
5  40 83 47 51 80
1  79
2  15 56
2  100 57
2  65 43
3  6 71 27
2  50 54
5  1 13 32 65 39
4  42 79 43 89
2  23 90
1  51
1  64
5  3 20 99 68 62
3  73 33 63
6  82 16 79 83 29 11
3  68 72 90
3  15 78 74
3  67 82 88
5  45 68 74 64 66
3  26 2 13
4  64 10 40 80
6  22 8 100 70 75 72
4  21 87 36 94
2  3 75
1  74
2  78 47
5  43 87 9 45 100
4  9 10 6 88
6  28 96 98 71 69 56
6  56 92 85 78 95 60
6  68 79 66 14 62 9
1  70
4  100 36 62 9
3  49 7 70
3  5 67 16
5  23 7 29 14 91
1  9
3  95 76 29
4  89 90 69 59
2  89 95
5  98 36 32 5 6
5  10 72 92 83 94
6  11 8 89 18 16 38
1  92
4  72 81 56 41
5  15 62 59 9 45
4  45 76 61 50
4  70 22 44 53
1  42
4  23 30 81 39
5  92 30 34 64 10
6  4 80 3 66 38 12
1  94
4  86 55 6 38
2  27 81
5  42 22 40 64 51
2  3 19
1  33
4  75 43 40 79
2  43 44
4  54 53 10 39
1  15
5  32 41 57 9 82
5  48 46 29 68 79
5  99 54 23 39 32
3  81 75 3
3  28 55 44
4  62 58 41 94
6  98 2 80 76 50 25
1  17
5  52 96 53 50 75
6  81 19 69 56 21 3
6  76 47 49 38 4 90
2  2 87
2  81 62
5  6 67 98 78 18
6  30 67 43 5 55 24
2  24 80
3  27 64 19
5  13 56 77 2 87
5  89 18 59 51 100
4  17 97 41 34
6  71 1 34 76 56 58
6  79 38 42 5 1 60
5  13 16 54 15 2
2  4 20
6  54 19 53 71 16 94
1  6
4  6 40 41 61
6  39 40 34 80 45 35
3  22 47 55
5  62 56 7 65 75
6  19 93 49 90 8 43
6  13 8 100 52 48 61
3  86 100 83
4  45 17 5 66
4  59 41 25 14
3  90 88 44
1  80
6  97 88 35 92 1 43
6  52 90 1 76 83 42
6  100 46 61 63 5 2
6  18 49 77 6 93 84
6  85 81 73 19 72 62
4  25 51 14 27
4  8 69 60 7
1  21
5  18 23 57 36 72
2  41 64
1  26
3  97 99 67
5  72 28 31 96 79
3  21 6 9
2  74 69
3  87 90 4
1  12
4  40 84 93 81
3  9 7 95
1  5
4  74 77 88 5
5  67 49 93 72 57
2  45 26
4  32 15 60 36
2  20 76
1  12
4  57 21 63 51
2  68 12
6  44 99 3 16 65 51
1  37
1  29
5  34 84 12 49 44
3  76 63 23
6  75 79 42 95 41 93
2  8 4
2  51 3
2  67 68
5  74 4 80 2 84
1  86
6  62 29 43 37 92 65
2  66 43
4  60 84 56 79
6  60 97 42 62 18 8
2  90 82
2  69 84
1  83
5  12 44 98 54 81
6  19 3 54 62 66 14
3  22 93 36
5  89 78 43 7 85
5  96 67 4 65 50
2  47 19
2  91 17
6  71 6 3 73 60 65
3  73 9 61
4  45 42 54 22
6  60 7 56 73 59 20
2  79 67
3  9 57 59
6  28 64 96 1 24 60
3  97 69 99
4  13 40 15 34
2  75 40
5  31 13 38 50 35
1  17
5  25 74 35 18 1
6  13 1 22 73 40 18
3  38 78 54
5  93 87 2 67 27
5  98 40 18 47 74
3  64 50 58
3  84 75 37
5  88 38 3 61 77
2  2 15
6  55 93 91 42 94 58
5  75 55 8 93 2
5  26 65 31 84 2
1  59
3  97 46 76
6  6 53 20 8 67 18
4  59 8 3 53
4  72 27 20 79
2  21 60
3  86 90 28
6  5 87 26 1 32 2
6  38 54 20 45 37 7
5  45 10 32 81 58
2  59 77
3  18 22 36
1  50
2  12 36
3  13 68 50
1  6
1  32
4  23 69 57 1
1  66
2  22 46
6  51 5 67 1 22 89
3  30 38 59
3  74 7 53
3  56 65 47
4  97 81 65 53
5  77 19 14 99 65
1  49
5  71 49 91 59 85
2  97 43
4  71 49 14 12
1  78
4  63 75 54 44
3  7 26 15
2  39 13
6  43 62 59 14 10 50
5  94 70 69 37 30
3  86 44 51
6  22 8 53 96 62 34
5  21 48 94 60 61
5  3 22 42 16 32
6  88 26 61 57 62 91
6  47 34 46 36 55 53
6  50 15 84 82 5 32
5  65 92 59 68 14
6  83 46 92 71 52 27
2  43 23
5  77 68 15 31 21
1  81
3  86 65 17
6  96 92 56 88 50 23
1  50
1  46
3  76 17 93
1  48
3  25 26 11
6  41 42 13 43 23 47
2  87 63
2  82 54
5  70 4 96 53 1
1  94
5  32 86 79 80 20
1  6
2  95 46
5  8 88 95 54 16
5  16 35 63 70 9
2  74 5
1  27
1  18
2  82 50
1  60
2  25 63
3  55 58 81
2  65 68
2  19 84
1  35
2  65 4
2  97 77
2  98 3
3  16 23 18
4  27 78 94 52
3  28 7 99
1  33
4  76 54 82 60
4  16 79 21 19
1  17
6  37 15 99 73 30 21
6  95 48 68 88 99 8
1  6
1  24
3  69 100 92
4  60 48 66 39
5  85 44 84 80 81
6  79 53 28 100 44 22
3  11 10 46
2  26 51
2  50 89
6  50 81 44 10 28 9
3  95 93 91
5  73 71 77 52 24
1  51
5  26 98 78 36 44
6  61 94 22 11 83 15
4  64 59 69 91
5  17 86 61 8 64
2  79 40
6  2 44 35 69 32 47
1  75
3  65 69 64
5  52 79 36 15 38
1  6
1  21
6  66 28 54 100 6 94
6  8 37 19 77 5 50
2  9 25
4  74 94 29 50
3  8 85 60
3  89 66 51
1  56
1  37
1  16
3  3 100 50
3  18 26 44
5  49 53 92 14 26
6  42 76 31 50 60 91
6  49 56 46 58 11 63
6  21 79 37 23 78 87
4  95 12 4 62
4  56 54 74 82
3  16 57 70
4  17 60 61 65
1  7
2  27 69
1  47
3  52 69 25
3  29 19 50
2  81 10
6  34 83 71 73 99 28
3  64 44 2
2  8 17
2  30 43
6  45 89 96 58 70 34
6  88 84 20 69 93 8
1  76
5  75 74 6 16 38
3  18 61 57
3  90 86 77
6  30 66 34 26 23 3
4  9 90 42 28
4  35 36 60 11
1  34
6  19 50 22 68 67 82
2  1 72
1  77
4  38 42 93 63
4  95 22 73 85
4  1 44 98 37
1  8
3  37 93 69
6  14 36 53 96 60 68
5  30 27 5 71 20
5  35 15 89 8 100
4  9 43 50 45
3  57 95 82
3  64 68 63
6  21 58 59 74 25 27
1  52
2  73 72
6  8 87 88 16 86 40
2  29 89
5  74 45 64 56 94
2  24 56
2  45 14
6  18 39 12 20 90 43
6  62 42 1 48 29 16
2  68 40
4  56 9 35 1
5  91 95 100 15 51
2  59 64
1  76
1  24
6  93 66 88 54 7 1
3  3 34 4
3  96 60 51
2  60 23
2  55 22
3  5 48 93
5  60 68 71 83 63
4  49 51 17 56
3  17 92 41
4  95 83 46 54
2  76 14
4  97 68 77 31
5  25 23 40 85 91
1  68
4  74 17 4 90
5  42 7 64 82 57
4  64 3 12 97
5  26 52 75 93 29
1  65
4  28 5 38 19
1  6
5  88 22 77 95 18
5  58 100 41 16 63
3  28 60 22
4  12 96 46 40
1  10
6  29 14 31 48 37 20
1  59
6  94 53 14 77 10 17
2  76 60
4  36 81 6 47
5  51 87 78 60 80
1  74
1  54
1  47
5  19 6 70 13 58
6  89 68 97 6 93 73
4  46 9 52 55
2  2 41
6  62 21 6 36 31 59
3  77 33 57
5  2 69 40 86 58
1  83
4  100 56 28 46
4  74 97 19 95
6  60 94 59 80 100 10
4  32 87 90 88
5  92 57 8 78 15
1  60
5  15 16 6 60 80
5  56 98 74 53 57
5  12 37 67 6 47
2  38 33
1  26
1  6
5  10 83 97 25 43
5  39 58 80 98 37
4  53 35 32 6
6  99 18 28 65 23 74
6  61 7 3 86 8 68
2  90 64
3  33 39 80
6  18 78 27 76 30 61
1  36
4  6 53 80 71
5  53 60 36 59 62
2  67 70
6  85 60 52 26 92 90
1  82
1  83
1  84
1  69
6  48 21 96 100 67 76
4  26 11 88 32
5  57 20 62 16 71
6  8 61 94 89 68 76
6  51 89 65 41 36 86
3  36 85 3
1  37
2  22 48
1  53
2  73 72
6  88 43 75 95 3 68
5  71 44 80 21 32
3  62 68 30
6  4 14 1 51 30 35
6  45 88 23 17 59 10
1  2
6  99 4 52 82 74 96
4  95 28 6 56
6  35 54 99 49 55 13
6  84 48 97 29 35 19
3  94 29 49
6  12 48 98 64 30 72
4  91 66 88 96
2  83 31
5  82 79 31 94 78
1  41
5  42 75 93 87 69
2  36 63
2  84 61
6  13 32 57 4 98 44
6  20 27 30 96 8 9
2  1 87
3  41 61 81
1  54
5  84 75 2 46 7
6  7 4 98 39 61 1
3  4 100 56
2  30 51
3  38 76 39
2  15 80
6  95 38 62 79 12 64
2  19 49
2  22 47
5  82 47 5 86 60
1  76
1  54
1  86
6  37 1 71 21 96 66
4  57 44 69 21
5  87 69 98 9 15
4  91 62 71 77
1  30
6  85 40 46 98 26 37
3  26 8 55
2  74 13
5  18 82 98 85 69
4  83 77 82 49
5  44 20 52 49 36
3  89 81 33
1  18
4  39 26 22 60
6  34 37 16 15 35 1
5  1 84 60 82 33
2  26 52
5  77 1 6 12 89
6  45 2 3 11 41 29
2  1 27
4  37 43 81 71
3  64 72 27
2  54 60
4  79 11 22 55
1  27
5  100 13 12 2 16
2  43 44
4  43 70 21 80
1  2
4  56 65 22 83
6  76 42 40 54 52 61
1  64
6  76 63 100 87 65 15
1  7
4  63 50 28 84
2  40 85
5  96 50 2 78 38
5  19 78 31 71 38
3  34 25 15
6  24 1 61 38 10 68
6  73 18 23 56 47 63
3  26 58 89
2  35 27
1  54
1  35
2  41 74
4  66 88 54 89
6  15 27 99 83 22 71
6  44 26 47 7 65 73
4  54 100 99 80
1  53
5  38 76 24 11 34
6  99 88 77 3 86 85
2  56 85
5  82 31 75 46 4
3  99 3 37
5  6 89 61 43 65
6  54 99 72 52 86 49
3  88 52 24
5  76 80 58 44 61
6  19 7 92 57 6 94
6  84 99 83 44 42 48
2  95 46
6  47 32 48 85 20 99
1  92
5  88 49 19 48 38
3  55 29 94
4  22 88 43 21
5  87 63 17 15 57
4  14 3 94 62
6  13 61 96 5 35 84
4  54 32 91 86
2  84 45
3  71 87 61
3  74 24 57
6  80 19 2 83 13 63
5  25 23 65 30 58
3  83 11 79
5  1 65 92 85 9
2  56 96
6  96 69 17 52 57 71
4  79 83 21 48
1  43
1  37
1  61
2  12 40
6  12 4 85 97 17 52
1  10
3  76 27 98
2  22 69
6  1 51 11 48 58 54
4  95 54 20 15
4  59 7 77 63
6  73 74 8 24 81 18
5  57 45 68 89 67
3  79 67 87
6  14 45 43 74 40 97
6  54 62 52 61 39 14
4  11 88 60 35
5  78 5 25 22 73
1  88
1  92
4  96 81 67 41
2  40 80
2  33 82
6  93 20 99 44 31 87
1  66
4  81 71 79 2
3  92 89 52
5  42 47 64 9 87
6  49 67 7 82 99 88
4  92 7 66 36
3  52 39 3
1  19
5  85 20 16 76 9
4  59 50 14 22
4  1 8 6 67
1  88
4  2 54 57 9
2  93 46
5  31 48 76 50 21
4  69 36 37 77
1  95
2  16 17
6  16 25 90 83 39 78
3  40 31 4
3  49 97 94
2  27 41
6  76 61 54 45 97 91
2  98 85
3  14 1 32
2  25 22
1  63
6  58 3 29 62 50 77
4  43 96 85 84
6  61 45 43 5 41 33
2  39 18
5  52 19 5 81 43
2  91 6
2  49 8
4  11 58 30 69
1  25
4  84 14 29 57
2  69 90
3  7 17 59
2  21 39
5  47 30 73 71 79
5  24 89 38 54 58
3  78 12 23
6  25 51 48 43 20 37
6  26 44 3 85 68 23
2  36 70
4  8 40 31 89
4  20 27 17 77
4  95 89 87 86
1  37
3  55 56 71
3  82 14 43
4  82 66 89 17
3  42 25 75
5  13 38 91 39 55
5  3 49 56 89 35
5  26 69 23 82 39
4  64 53 6 30
3  71 19 51
1  60
5  81 31 87 18 22
2  73 90
2  22 45
2  56 14
3  24 36 63
6  88 15 5 17 49 76
3  99 81 95
5  61 26 79 48 86
4  37 14 73 82
2  28 95
5  52 31 97 15 30
6  30 34 1 78 10 36
5  90 31 51 56 11
2  3 96
5  40 10 53 21 81
1  12
2  46 8
3  76 92 9
6  54 18 27 30 8 57
5  59 13 91 89 16
6  69 55 96 22 76 35
1  92
3  35 37 54
5  12 46 58 21 37
1  39
4  41 47 21 6
2  11 94
3  97 63 4
6  85 79 27 87 71 73
2  8 27
1  20
5  61 40 9 72 79
5  13 26 93 33 31
2  44 25
5  41 88 77 33 72
4  60 59 26 33
5  33 59 84 52 31
3  92 39 16
5  11 28 96 3 61
2  28 5
4  1 45 39 77
5  11 33 37 70 58
5  50 91 28 34 43
4  78 35 97 94
1  7
2  1 9
5  28 36 87 80 37
2  18 13
1  29
3  46 98 4
1  48
6  42 81 37 100 59 71
6  52 76 2 74 10 56
1  46
3  83 82 73
1  95
5  29 40 26 27 43
3  74 37 81
4  73 80 13 43
5  65 18 77 38 94
6  93 97 32 35 80 13
1  80
1  88
1  47
1  35
6  53 9 26 34 63 99
1  75
3  89 39 59
4  77 53 51 70
3  83 4 29
6  10 9 3 98 17 50
1  51
3  63 59 66
6  22 64 9 97 5 36
4  62 12 16 13
5  66 95 84 94 90
6  2 93 91 18 43 1
5  82 63 28 47 58
3  10 67 46
1  64
5  78 25 92 94 38
5  59 32 57 53 22
3  55 15 41
5  57 42 38 4 69
6  62 18 95 29 63 9
6  44 87 17 35 80 54
1  39
6  64 92 7 13 46 21
4  19 77 95 60
1  98
2  99 60
3  93 88 9
1  80
4  88 96 87 68
3  94 6 34
4  98 40 70 43
4  23 61 37 18
2  51 16
3  50 75 94
3  63 2 43
3  54 30 37
3  97 86 34
1  19
6  100 58 61 43 18 83
1  55
1  23
1  16
5  55 91 65 96 53
4  39 94 20 68
2  61 65
1  94
4  35 85 67 92
3  9 10 28
1  65
2  34 70
3  5 24 33
5  20 86 35 58 80
4  26 10 15 90
2  9 57
4  93 23 52 37
2  62 65
3  26 92 76
6  35 80 18 67 49 37
4  84 95 32 38
2  41 52
1  67
4  65 27 53 87
5  90 18 40 54 59
4  46 34 60 80
1  78
3  62 15 99
3  9 30 83
2  71 35
3  37 95 2
4  47 89 42 37
1  81
6  64 46 36 98 6 15
1  83
4  73 97 59 18
1  89
1  34
4  35 70 96 29
5  59 76 60 100 12
4  80 2 28 26
3  26 31 51
3  13 12 9
1  71
2  15 59
2  48 17
4  18 12 89 70
4  48 69 75 12
3  76 40 75
1  65
1  63
1  18
5  9 27 45 35 42
1  61
6  19 21 7 30 10 95
6  74 43 69 48 55 17
2  95 91
3  59 96 99
4  14 74 69 41
2  3 82
2  64 71
3  85 78 68
6  73 67 68 15 35 16
5  52 40 63 43 76
2  39 75
5  52 48 50 92 65
4  73 84 17 44
2  1 22
6  96 94 56 63 8 91
5  77 43 18 40 85
6  62 24 67 43 75 15
6  66 79 45 39 63 61
5  85 62 4 74 58
6  30 20 5 98 81 63
1  21
3  7 82 71
5  24 45 88 16 11
4  61 49 29 22
2  13 84
3  86 41 32
1  60
3  36 58 17
6  72 37 45 79 18 15
4  42 60 41 58
5  7 18 19 36 39
3  48 22 85
3  62 16 50
2  52 85
5  68 82 51 4 27
2  22 41
5  63 1 22 21 70
2  38 89
4  77 38 11 99
2  45 61
3  94 82 90
5  61 57 60 11 86
3  83 27 21
3  27 42 66
6  70 4 85 32 80 23
3  79 45 87
3  83 81 21
5  58 81 29 18 92
6  3 32 73 29 52 18
4  94 84 52 63
6  37 94 67 59 45 4
2  83 86
1  4
4  61 85 87 78
5  77 81 8 50 9
4  68 65 53 51
1  15
3  52 9 4
1  45
3  14 68 31
6  71 34 58 31 18 45
1  94
2  89 1
5  98 61 38 62 13
6  78 28 25 30 36 40
5  76 54 48 6 18
3  12 49 57
4  57 51 77 46
4  48 43 12 86
1  24
5  82 51 98 11 87
2  51 67
1  4
1  7
4  32 46 69 81
1  24
3  54 1 82
1  49
2  17 34
2  41 7
1  92
1  20
5  31 70 45 32 74
4  39 31 91 84
6  71 87 24 8 40 25
6  44 73 14 61 6 42
1  13
4  92 17 71 69
3  41 14 79
1  72
1  46
4  1 45 33 87
5  41 26 92 30 70
4  44 31 71 86
2  83 37
2  100 7
6  47 48 4 26 62 76
3  7 38 42
4  71 29 20 12
4  11 41 25 76
6  55 46 70 85 29 6
1  28
1  97
5  60 1 100 22 76
3  29 14 84
5  85 12 99 96 67
1  37
6  85 21 45 31 90 30
4  95 36 86 7
2  61 67
2  60 88
1  2
1  22
6  96 6 97 94 1 63
1  37
4  88 58 98 18
3  27 77 42
4  63 49 94 23
1  26
5  2 34 84 18 55
5  13 60 65 7 61
2  10 98
5  97 55 78 15 1
1  91
3  67 53 91
4  76 5 86 58
1  19
3  25 73 9
3  33 74 43
6  1 52 90 82 49 45
4  64 46 55 88
2  8 78
6  83 75 40 89 94 81
1  67
6  50 99 64 93 92 45
5  45 93 26 4 57
5  68 11 58 97 18
3  86 1 18
4  41 7 54 21
2  20 11
5  19 74 61 10 38
1  91
5  98 17 86 55 87
4  66 45 50 83
5  36 84 98 97 24
1  51
3  24 70 55
6  89 28 53 98 65 58
6  47 56 5 33 11 92
6  76 36 59 16 71 42
1  68
4  17 18 9 40
6  63 32 76 90 85 74
4  43 62 1 98
4  34 8 58 19
5  94 55 41 10 25
5  23 93 47 40 10
4  80 97 18 12
5  8 97 45 62 39
1  63
3  73 96 45
2  15 27
2  69 68
3  94 51 58
6  98 95 53 78 92 71
6  63 79 85 8 40 24
1  3
4  86 99 4 17
1  31
3  82 99 76
5  49 33 61 46 30
4  99 7 47 69
6  10 47 81 17 87 4
2  90 63
1  88
4  33 1 96 74
5  94 49 57 43 82
2  88 11
5  86 18 20 55 14
2  2 94
3  89 97 75
5  60 91 65 25 23
4  21 96 47 15
3  3 57 26
2  45 37
6  31 54 12 85 68 40
6  61 85 75 58 60 52
2  51 17
3  73 82 62
5  28 77 13 31 33
3  50 77 75
3  7 29 53
6  96 93 78 57 53 14
3  5 31 87
2  72 60
1  34
2  31 10
3  61 43 80
1  20
4  52 26 82 5
2  78 98
6  34 75 48 11 52 78
6  73 49 58 75 83 86
1  93
2  66 35
1  77
4  60 28 80 42
2  97 19
2  92 53
1  40
6  15 91 77 13 63 26
5  38 8 56 43 1
5  9 36 88 85 89
3  13 69 89
3  66 7 76
4  60 79 97 59
6  87 36 7 50 61 77
6  69 32 31 14 39 4
1  24
6  48 37 62 36 82 27
3  57 84 2
3  81 61 30
5  96 36 17 57 12
1  25
3  34 94 57
5  98 57 97 91 5
2  52 40
1  79
5  71 63 85 7 43
3  36 10 41
5  27 97 83 30 22
2  64 15
5  37 13 39 33 4
3  65 56 83
5  34 65 51 97 50
4  40 94 93 50
3  64 76 30
3  5 52 73
5  66 55 5 79 93
3  82 36 2
3  19 81 71
6  31 67 33 88 7 27
5  56 60 44 31 90
6  36 41 63 4 7 18
1  85
1  45
4  46 4 65 27
5  48 57 41 81 45
3  7 24 3
4  68 33 56 58
5  97 21 72 3 38
5  88 48 25 55 94
5  58 59 97 31 6
4  72 87 98 18
6  22 20 59 89 53 14
3  21 11 67
6  14 5 73 2 52 98
4  46 68 13 4
4  44 10 17 15
6  15 33 89 36 53 47
2  5 61
5  26 71 37 19 84
3  92 86 93
6  41 38 56 54 42 20
6  52 37 11 48 51 44
3  86 96 82
1  1
3  80 26 13
1  45
6  57 37 82 49 25 23
6  80 76 28 100 72 79
3  83 26 86
2  62 72
2  43 82
2  85 62
3  98 78 92
6  34 28 77 83 53 99
5  33 75 96 32 47
5  67 29 1 53 55
4  25 76 5 7
6  90 68 45 87 37 82
5  64 58 61 17 57
2  49 31
2  81 77
1  47
1  1
6  61 63 25 37 67 31
3  57 98 78
3  43 14 25
2  78 83
5  95 40 12 43 70
3  23 47 37
5  53 38 70 14 100
6  50 67 24 84 23 22
4  67 64 76 91
6  54 74 68 48 13 79
6  82 16 13 29 53 83
5  91 52 95 46 45
4  69 29 80 90
6  46 54 65 37 39 18
1  7
4  22 86 56 4
1  69
2  54 51
1  44
1  9
3  48 54 91
1  82
5  7 72 17 60 37
4  99 54 63 5
2  84 90
5  88 91 43 20 44
6  34 88 96 43 22 12
4  78 83 66 49
6  25 85 52 24 39 14
2  58 98
2  32 86
1  74
1  52
4  39 40 62 81
4  5 77 73 64
4  55 29 3 54
4  88 5 77 27
2  5 85
1  22
1  2
2  90 7
5  57 46 21 18 27
5  23 3 54 87 57
1  15
4  62 69 48 67
3  74 85 50
4  2 71 74 4
6  63 10 81 20 55 1
3  81 82 60
6  35 46 41 43 61 100
1  29
3  71 74 21
4  23 78 57 93
4  60 93 15 70
5  34 25 73 70 6
4  30 89 75 29
2  35 29
3  63 75 6
3  96 61 59
5  18 51 25 77 43
3  47 16 72
5  89 42 76 43 71
4  32 45 93 63
5  21 98 42 96 4
5  91 64 36 81 87
6  58 30 27 4 45 98
5  34 39 50 77 10
1  8
4  6 70 34 27
5  75 23 71 53 13
3  88 77 16
5  65 74 4 91 77
3  88 52 82
2  1 58
3  15 66 90
2  36 23
3  3 98 69
5  50 82 8 38 58
2  12 22
6  16 13 74 64 1 25
3  27 25 4
4  39 69 53 59
1  75
1  8
5  75 81 22 56 89
4  14 12 72 36
1  87
3  82 51 48
1  97
5  31 100 37 70 69
6  29 73 64 35 81 36
1  61
4  65 50 17 78
4  89 13 70 75
4  52 26 8 57
2  82 88
2  18 58
6  6 86 64 70 21 44
1  29
1  62
6  54 79 70 15 67 83
6  42 43 36 67 50 93
6  31 81 11 49 38 1
4  24 65 44 8
2  73 12
6  65 66 68 35 81 17
4  76 59 1 43
1  94
2  39 75
3  87 12 43
3  36 7 64
5  15 92 51 26 81
1  92
3  50 73 84
4  38 60 25 39
1  33
2  34 72
1  75
4  18 17 99 53
2  63 32
3  55 83 64
3  98 55 84
3  27 67 14
4  26 39 2 28
5  34 61 43 40 36
1  58
4  100 11 76 63
3  13 17 25
5  52 23 31 36 71
4  2 84 21 28
2  23 56
6  57 17 37 97 52 38
4  4 37 65 80
6  7 92 16 32 68 55
6  3 25 54 5 9 75
2  31 97
6  24 54 4 60 50 56
6  4 60 34 68 39 33
5  30 49 7 98 16
4  95 18 86 49
2  94 23
4  24 20 42 47
5  45 7 23 1 3
2  60 36
6  98 69 68 28 18 75
2  33 35
2  51 21
5  73 14 91 27 37
1  68
6  83 13 90 6 93 32
5  29 25 70 97 93
6  14 67 22 47 2 41
6  22 8 71 35 98 97
5  8 65 56 91 77
3  97 89 38
2  61 66
4  30 63 45 27
5  11 48 24 13 88
2  34 96
6  69 94 87 41 2 52
6  92 28 41 88 17 78
1  77
3  67 7 6
1  33
5  22 81 6 35 69
2  69 64
1  38
4  3 78 59 54
5  50 82 14 38 98
6  53 75 35 20 82 40
2  15 22
4  95 27 87 63
4  56 27 69 93
6  71 70 42 25 43 92
1  57
2  4 48
5  79 82 2 60 22
2  74 44
6  68 71 72 31 23 27
4  91 20 41 62
6  82 87 33 74 93 89
1  96
3  85 74 18
6  34 39 19 7 82 4
5  53 75 5 2 62
4  21 2 28 11
6  14 43 57 6 31 60
1  67
3  75 84 31
1  22
3  15 4 52
6  56 27 95 31 28 96
3  58 24 59
3  37 1 98
3  32 57 44
6  1 19 81 31 27 3
5  42 7 32 31 63
4  26 93 86 81
6  34 39 12 93 80 49
6  77 91 25 34 35 22
3  53 3 66
5  6 45 21 12 77
4  74 34 77 67
2  58 55
4  97 67 45 76
1  38
4  7 62 86 41
6  21 94 87 86 73 93
2  94 4
1  46
5  40 22 45 59 80
6  11 76 67 55 51 82
6  3 88 55 89 29 39
1  22
2  95 17
2  88 21
2  33 99
5  55 44 30 34 43
3  9 95 60
6  88 63 78 42 51 6
5  60 28 5 54 22
2  79 9
3  10 42 81
6  86 10 30 28 50 38
3  45 98 27
2  60 5
5  10 54 70 38 59
2  59 81
1  68
2  12 9
4  92 5 51 2
2  79 52
5  15 96 68 42 28
2  46 1
3  56 55 7
6  13 30 51 94 31 18
1  43
2  82 35
2  32 36
4  10 87 34 25
5  2 66 10 30 12
1  67
4  65 73 59 78
1  9
5  33 27 87 75 53
5  10 83 1 45 46
1  32
5  35 15 82 1 25
1  12
3  77 78 100
3  37 78 51
3  48 84 72
3  59 24 4
5  7 4 13 52 14
3  32 49 59
1  50
5  23 61 18 100 39
2  49 76
6  99 21 42 83 92 77
3  16 80 8
2  83 20
5  97 64 5 45 22
2  95 4
3  55 22 40
6  39 88 69 33 87 90
5  69 82 51 10 97
2  17 19
1  37
6  9 100 97 54 22 15
3  26 55 3
3  94 96 85
5  65 17 68 55 91
3  36 41 46
2  70 63
4  82 99 43 90
6  40 44 21 54 91 46
1  93
6  2 89 78 83 54 94
4  8 85 88 43
2  34 75
6  96 25 77 95 68 67
6  7 10 14 61 1 60
5  93 52 70 81 30
4  34 23 4 41
1  91
5  33 24 58 28 20
5  5 14 50 72 8
4  82 21 17 81
6  74 33 55 62 7 88
6  11 29 92 2 12 25
2  70 53
3  52 57 59
1  29
4  58 10 87 75
6  67 60 65 99 14 19
4  21 7 45 31
3  37 32 47
4  57 16 14 2
5  70 60 68 99 26
2  9 13
6  100 79 59 65 78 73
5  38 93 90 83 24
2  19 55
5  80 12 87 93 14
4  63 74 22 61
6  47 70 11 69 90 6
2  68 78
1  6
5  5 88 93 30 7
3  1 86 60
6  79 73 41 42 46 62
1  45
1  72
4  56 40 46 61
5  13 38 88 18 8
6  6 1 22 12 48 98
1  9
5  81 49 18 27 11
2  71 20
6  27 75 30 72 36 3
6  74 90 2 81 83 7
5  4 19 29 26 17
3  34 93 17
5  11 43 94 30 14
1  20
3  88 50 12
2  52 96
6  42 97 77 24 4 58
2  23 87
4  40 23 87 32
3  70 42 82
4  72 96 75 91
3  62 41 47
6  93 42 81 34 39 57
4  43 14 85 66
1  38
1  23
2  37 62
6  78 44 56 50 39 30
3  75 92 81
2  77 73
4  57 6 2 13
4  44 27 48 9
2  85 13
3  10 49 12
1  27
4  58 76 94 88
1  68
5  97 89 56 69 52
1  75
4  25 38 96 51
6  5 78 71 18 27 80
4  38 82 94 93
3  69 87 27
6  54 6 81 43 62 50
6  73 24 46 98 62 42
3  47 26 17
4  52 96 30 90
5  23 83 16 92 69
3  77 23 49
4  65 10 7 58
5  30 4 80 91 46
2  38 92
4  54 55 4 49
6  94 26 8 76 41 100
3  83 77 67
2  34 31
3  40 89 23
5  93 2 61 38 29
6  29 81 51 84 85 100
5  78 25 76 54 66
5  98 49 52 64 80
6  95 20 25 83 43 94
5  44 55 13 72 53
3  53 4 25
3  3 93 15
2  69 68
6  44 66 42 96 30 22
5  24 42 4 7 84
6  82 28 53 94 100 5
3  52 8 59
6  11 51 2 38 20 70
2  63 36
5  58 65 94 38 89
3  42 96 20
3  77 47 92
5  46 96 6 97 4
4  85 14 15 87
4  34 56 82 97
6  55 56 49 92 45 84
2  40 3
5  17 49 64 88 95
4  93 91 63 57
5  76 71 62 27 5
2  9 2
1  63
4  65 11 47 9
6  80 49 97 51 65 45
1  52
3  74 45 30
3  1 5 12
5  66 38 77 83 46
5  91 8 33 55 18
5  64 12 58 8 9
5  53 23 28 92 96
5  21 32 73 26 43
3  91 81 20
5  26 97 64 34 29
2  52 8
5  63 65 93 71 74
5  23 96 97 14 92
5  35 23 41 61 66
6  52 46 4 25 72 100
6  6 29 7 57 36 89
2  1 82
6  75 50 13 70 46 27
4  14 62 85 54
2  51 38
5  96 41 98 68 87
5  70 93 30 6 82
3  7 63 39
5  13 52 51 59 79
1  73
3  97 27 62
3  64 35 43
1  33
1  46
2  82 16
1  11
2  93 60
2  56 99
1  68
3  59 27 28
5  99 68 67 25 29
1  89
4  56 94 96 65
3  14 47 55
2  58 76
2  18 3
5  16 11 41 65 70
5  93 40 66 60 7
6  89 20 79 53 75 72
3  40 12 62
6  66 86 45 42 3 62
3  76 78 56
1  43
2  83 35
4  49 95 70 39
6  90 18 36 65 89 84
1  1
3  91 66 30
3  7 33 97
4  9 75 6 25
1  31
1  51
6  56 46 64 94 29 54
1  65
2  100 48
2  100 92
1  66
2  48 73
4  45 23 63 19
2  87 35
4  94 86 53 50
2  17 43
4  70 54 24 87
4  71 9 54 63
2  19 84
5  91 38 13 14 100
2  43 87
4  2 80 51 55
2  81 71
5  41 26 64 28 80
3  36 33 97
4  52 80 24 43
2  36 56
1  67
6  3 32 100 83 82 54
1  63
2  84 3
4  10 66 92 89
1  28
2  97 84
5  77 7 15 94 43
5  10 9 69 12 40
5  94 22 23 6 84
3  89 86 12
6  52 4 88 32 9 49
1  82
2  22 96
2  64 67
2  73 36
3  13 4 33
3  27 39 17
5  27 2 85 26 53
6  13 5 20 21 53 35
1  78
4  99 95 20 65
2  92 100
4  4 94 38 30
2  54 3
4  56 88 84 9
5  96 13 17 66 31
2  43 86
2  37 5
5  59 97 81 20 100
6  13 38 44 91 16 2
3  3 85 55
5  81 68 74 98 33
1  17
5  90 34 12 95 16
5  91 96 90 80 3
2  93 46
2  8 48
4  10 32 19 88
1  87
4  11 19 66 28
6  56 61 6 50 76 77
3  72 67 30
4  69 58 44 14
5  52 61 40 62 93
4  50 6 45 12
1  64
5  44 58 33 4 64
5  80 40 23 52 6
4  3 74 10 47
6  85 99 48 24 60 41
5  10 47 27 21 63
6  98 6 48 31 10 11
1  89
3  36 41 56
6  43 29 98 90 16 83
6  64 6 48 5 88 57
4  14 77 13 4
5  19 51 6 28 61
2  17 11
4  57 66 42 99
6  40 89 10 22 76 74
2  24 79
1  80
2  29 57
3  32 61 83
3  88 43 55
1  54
1  60
2  51 59
1  91
3  22 12 23
6  39 47 74 54 27 3
5  84 45 14 15 5
6  52 93 39 7 96 15
4  11 66 15 23
4  62 45 68 85
3  6 31 15
4  57 17 42 41
4  55 67 51 7
4  90 13 55 82
2  11 93
6  25 16 49 86 61 17
5  1 23 15 82 58
2  23 98
6  78 53 60 29 59 19
2  72 73
6  100 83 93 8 42 68
4  63 69 80 64
5  61 21 15 84 19
1  61
5  68 90 30 86 8
1  58
1  1
3  100 93 48
1  35
3  76 92 3
3  72 66 28
2  87 43
1  5
3  77 75 18
4  5 3 74 6
4  81 6 1 99
3  88 34 64
2  91 8
6  56 35 28 42 77 44
3  27 21 44
6  26 46 59 31 6 40
3  7 20 36
4  8 69 42 71
6  32 78 89 88 13 17
2  90 61
5  17 81 97 61 66
2  7 25
4  13 64 89 19
5  24 72 91 92 13
4  85 44 39 74
2  52 90
4  42 50 36 58
2  32 18
6  53 24 21 5 36 85
6  54 68 17 26 59 9
3  19 93 83
4  67 14 9 56
5  50 6 9 8 36
3  25 32 94
3  53 99 85
3  92 39 5
1  64
4  17 3 82 10
6  39 76 99 48 32 72
6  38 81 5 74 21 29
1  14
5  58 13 62 95 4
1  99
1  65
4  29 67 44 39
4  83 15 50 30
3  21 27 84
1  31
4  22 60 62 36
3  19 48 99
1  51
6  13 63 74 92 30 18
2  81 100
3  30 29 92
3  56 75 51
6  32 73 46 94 8 83
1  55
5  26 6 81 38 69
3  11 61 73
2  91 53
2  36 83
4  27 33 12 2
5  98 34 56 44 27
4  27 39 17 8
4  23 88 1 91
2  12 51
1  40
3  56 68 78
3  24 5 71
3  6 53 33
3  9 76 67
5  2 5 88 10 69
1  97
5  1 28 81 51 31
2  93 87
6  70 25 11 74 95 46
5  48 79 19 56 55
6  26 57 90 14 66 58
2  63 28
2  91 9
5  21 29 67 8 17
3  32 28 9
2  73 88
5  52 7 29 6 92
4  62 81 69 27
3  91 90 66
1  80
5  88 100 3 54 7
2  89 39
3  98 65 20
6  39 71 93 68 76 84
2  37 65
6  64 4 81 53 70 95
2  44 83
2  47 36
3  66 25 77
1  23
3  31 8 80
1  1
3  77 84 69
1  49
4  78 52 40 30
2  34 62
4  16 93 11 52
2  76 8
6  98 50 18 6 29 19
1  76
6  90 44 9 38 2 86
6  41 16 10 75 77 74
6  70 84 41 1 60 17
1  46
1  57
4  21 86 82 27
4  77 16 4 85
4  6 71 43 47
6  53 21 63 27 11 32
1  51
2  70 68
3  16 82 97
5  3 82 60 29 43
3  45 47 21
6  52 92 41 99 78 94
2  40 21
2  72 31
5  4 1 48 43 16
2  39 94
2  21 53
4  63 89 4 9
1  2
4  1 43 59 79
3  78 19 56
1  90
6  86 93 87 33 36 2
4  74 96 94 49
4  57 37 66 47
4  26 47 1 85
2  37 62
3  93 68 33
5  54 26 66 87 61
5  49 35 63 42 29
1  94
6  48 51 50 94 9 76
3  9 61 66
3  22 9 38
6  42 16 43 67 81 29
2  48 77
4  10 18 90 21
1  74
5  63 24 61 71 100
1  80
4  66 25 82 75
4  71 16 77 14
5  58 42 10 5 19
5  15 37 60 35 49
3  2 11 58
4  82 58 63 61
2  28 85
6  2 46 70 18 22 83
6  80 25 9 84 44 79
6  80 39 34 29 73 35
3  30 97 21
6  60 81 4 88 65 2
6  11 71 7 32 54 6
1  78
1  96
2  93 94
1  31
2  30 3
4  69 33 59 89
2  18 69
2  5 34
2  94 44
6  100 76 49 6 87 27
2  82 48
1  76
3  42 3 78
3  65 46 77
2  34 96
3  3 19 46
3  44 40 80
3  40 55 88
3  42 15 64
2  62 75
6  10 16 2 87 61 66
2  37 89
4  33 29 69 52
5  5 95 14 84 34
4  39 22 99 81
3  62 4 98
3  3 7 52
1  94
1  69
2  50 57
6  82 86 60 34 61 64
2  75 48
4  28 87 83 26
4  18 88 70 15
2  73 22
5  76 16 87 45 42
3  2 33 19
6  93 52 48 57 80 22
1  41
3  90 23 75
4  41 62 26 55
6  98 77 60 74 93 47
2  34 83
2  67 1
1  59
4  55 15 32 77
2  72 26
1  95
6  65 35 62 90 46 88
4  6 62 59 52
5  92 34 100 58 35
1  17
6  62 32 18 39 51 89
4  59 83 64 23
2  25 13
1  71
1  72
5  62 30 27 42 22
4  41 80 95 48
6  81 10 28 99 48 78
6  11 36 70 75 59 87
6  72 93 70 65 46 34
6  73 75 16 33 95 28
4  91 9 72 18
1  20
6  93 30 31 63 4 89
3  3 60 42
5  32 6 18 66 1
6  40 16 23 56 11 51
2  1 59
6  18 65 10 13 58 39
3  20 43 32
5  46 92 11 19 23
1  37
6  17 27 28 32 49 83
3  99 1 43
4  91 61 22 100
5  79 39 16 99 82
3  68 28 38
5  46 60 95 82 48
1  8
5  43 57 59 85 56
4  27 13 50 88
3  50 60 13
6  75 12 70 22 79 97
4  57 42 19 51
2  66 61
2  42 3
6  100 87 44 58 14 56
1  2
6  57 62 2 45 37 13
1  58
6  10 16 48 52 34 99
5  100 59 7 41 62
6  40 49 38 98 63 94
1  64
5  62 25 85 6 61
6  19 18 89 29 34 37
5  67 35 56 94 63
1  55
4  47 4 95 44
4  88 48 30 71
1  55
4  15 16 52 34
2  40 63
4  77 43 34 11
6  100 4 61 7 59 18
4  62 13 96 28
6  44 58 71 53 12 25
5  27 77 100 61 17
4  27 93 5 61
1  4
4  7 64 67 65
5  19 27 94 15 55
6  59 13 64 11 24 89
5  51 65 78 11 82
3  38 74 44
6  77 47 58 83 11 25
3  93 44 74
6  58 29 80 16 41 44
2  65 32
1  16
6  81 27 79 20 64 52
4  62 28 11 20
1  22
3  58 15 87
2  1 45
4  80 61 1 23
6  66 55 91 81 52 72
1  30
6  71 82 55 33 10 66
4  20 88 96 78
1  82
1  2
2  70 82
6  71 5 73 36 60 64
1  11
3  24 41 26
6  22 81 27 31 47 79
4  34 74 28 36
4  38 81 7 19
5  78 24 40 13 83
1  30
6  38 53 35 63 48 56
3  75 87 90
4  38 24 27 66
4  82 3 97 63
1  16
2  86 40
5  99 22 73 29 16
1  82
3  74 29 6
1  3
6  7 56 30 83 95 90
4  97 87 27 6
1  57
6  42 26 91 64 99 19
5  9 100 29 82 35
6  32 27 4 87 57 34
5  51 24 33 48 10
4  54 12 16 46
4  42 36 17 40
4  96 48 55 25
2  83 59
2  14 86
2  1 42
4  70 93 88 3
3  98 62 94
1  78
3  63 19 75
5  58 29 75 6 83
6  34 66 59 61 79 44
6  79 86 56 48 44 51
2  41 12
1  50
6  52 12 7 27 91 65
4  66 70 38 65
1  3
2  64 82
4  55 60 52 11
1  31
4  58 49 95 70
4  45 59 13 57
4  39 47 30 94
1  100
2  77 3
3  100 67 16
4  22 76 18 32
5  48 86 42 97 81
1  58
2  70 71
5  35 9 28 65 3
3  64 34 16
4  68 16 33 84
5  54 59 98 86 42
3  72 83 42
4  94 99 76 63
5  56 98 78 84 62
5  23 25 14 39 92
5  54 24 65 34 78
2  32 63
4  77 34 48 18
6  42 17 61 4 86 1
4  100 62 43 23
6  57 61 79 38 14 2
1  48
5  26 80 42 91 57
5  39 74 61 80 91
2  84 76
3  84 38 46
5  60 33 37 21 11
5  34 13 77 82 92
1  61
2  94 17
1  33
6  70 12 81 91 95 57
2  79 95
4  24 75 27 57
1  47
4  85 80 79 62
4  70 65 22 3
4  39 11 90 29
5  2 10 71 97 66
6  75 60 66 99 35 93
4  45 39 22 30
2  100 92
5  70 56 2 72 14
3  83 4 69
4  5 78 34 1
3  33 76 4
6  74 38 91 29 83 50
1  48
3  4 27 19
4  28 91 73 68
5  76 36 37 81 14
5  81 58 3 57 61
1  30
6  92 58 81 21 7 94
5  57 97 95 75 23
4  29 90 39 5
2  75 85
3  44 66 97
3  22 58 48
4  56 39 9 37
4  16 30 28 72
2  22 47
5  44 12 34 50 16
4  25 100 99 69
4  96 15 87 53
4  37 8 1 46
3  61 74 88
2  100 9
5  83 53 90 94 87
3  10 46 64
1  45
2  75 40
3  61 92 8
6  100 9 43 44 69 4
1  56
3  17 65 14
6  17 3 93 4 42 2
3  5 11 94
3  85 33 82
3  25 90 42
2  98 85
5  67 88 84 22 23
1  86
3  99 3 38
6  6 80 93 55 85 3
3  21 88 81
1  32
1  92
5  30 90 59 98 56
3  81 78 69
5  63 4 80 66 42
5  71 22 64 25 6
4  73 26 53 54
2  85 60
2  59 89
1  18
6  65 63 67 42 32 49
1  36
2  70 77
6  41 99 63 66 4 28
3  29 81 92
4  66 52 76 25
3  85 42 26
3  5 93 92
3  42 97 71
5  67 48 69 7 46
2  72 50
4  11 78 39 2
3  5 53 11
2  93 95
5  19 45 76 12 36
1  53
2  82 23
6  30 91 6 76 21 78
2  79 88
1  18
6  37 23 43 47 52 35
3  22 54 86
6  66 22 8 19 54 90
3  53 19 31
4  94 52 35 18
2  22 20
3  11 57 71
4  3 23 88 44
3  42 30 41
1  51
3  25 5 38
4  57 96 14 50
3  48 68 78
5  88 26 80 45 97
2  47 19
2  91 63
4  20 3 67 70
4  92 75 89 57
2  45 53
3  95 100 92
4  78 61 51 4
3  95 100 72
3  18 92 32
5  52 51 84 19 21
3  10 95 24
4  26 69 19 63
2  61 26
6  22 77 99 61 71 33
1  17
2  44 97
5  94 80 15 14 4
1  38
5  34 6 89 3 69
1  64
6  3 85 70 1 46 41
6  79 53 15 2 96 12
5  89 91 71 3 5
5  12 42 44 46 47
2  49 15
3  12 9 41
6  79 41 42 19 40 20
5  55 22 67 66 100
4  56 70 58 61
3  70 2 87
1  49
2  64 57
5  73 97 51 38 14
5  77 34 41 31 56
1  96
4  62 52 25 20
1  69
6  14 56 5 62 74 69
2  30 45
6  27 17 49 64 31 18
3  65 59 71
2  65 66
5  27 18 100 46 29
5  36 42 23 40 4
6  9 29 26 53 27 70
5  16 100 93 56 65
4  27 85 16 93
4  42 10 59 88
3  26 23 79
3  63 83 44
5  12 70 24 38 22
6  13 38 93 6 57 19
3  72 11 100
1  20
4  2 58 83 25
3  31 88 19
5  58 30 43 82 68
4  74 81 2 67
6  94 23 43 13 64 14
2  63 28
3  20 30 1
1  54
3  33 41 57
1  99
6  50 81 54 14 35 15
2  20 9
3  63 22 6
5  46 69 4 89 88
2  90 91
6  27 24 28 84 31 70
5  7 23 94 61 57
1  81
5  17 23 39 29 15
6  97 19 73 85 52 62
5  38 89 98 66 72
2  92 41
1  98
4  1 58 21 9
3  97 26 61
3  65 89 51
3  85 69 20
5  20 82 44 58 71
3  23 43 70
1  83
5  12 47 78 70 67
6  8 64 13 68 99 77
4  49 25 42 18
3  11 37 26
4  95 96 17 38
4  31 21 42 43
5  20 12 34 7 97
2  87 96
6  43 45 19 84 62 63
6  99 89 48 94 84 43
1  22
1  41
3  49 84 9
5  96 43 75 15 40
6  1 35 88 44 80 7
2  42 70
2  40 58
5  33 42 12 43 64
2  84 6
5  67 15 37 62 57
1  76
6  4 77 31 92 21 10
6  49 51 68 70 91 26
3  24 67 51
4  30 70 50 35
3  16 49 75
5  6 86 54 2 89
2  32 81
4  41 79 99 91
3  69 82 71
1  5
3  58 70 68
2  20 2
4  36 51 40 13
4  25 67 58 14
6  89 94 47 30 72 46
2  18 14
1  89
2  6 26
5  76 93 7 95 72
2  46 12
3  3 37 9
4  51 6 49 44
4  78 16 98 34
1  99
2  32 4
3  11 79 40
1  74
3  89 3 81
6  46 83 37 55 42 87
4  90 30 12 68
3  10 65 79
2  63 100
4  67 47 62 46
6  79 19 22 67 2 66
5  84 2 22 26 88
5  16 18 93 83 64
1  47
3  23 10 43
5  77 90 37 23 76
1  41
6  81 63 100 46 31 84
3  52 9 36
2  25 54
2  7 18
2  54 60
4  64 2 25 40
6  61 62 67 75 3 64
4  66 63 1 96
3  49 48 55
6  81 79 38 7 86 55
3  40 14 85
1  16
1  43
1  70
1  73
3  8 36 99
5  99 100 69 45 48
1  100
2  98 79
5  4 65 24 38 23
1  53
2  49 59
1  54
2  45 61
4  44 34 66 43
1  10
6  19 9 22 16 88 91
2  52 14
4  55 51 79 61
1  11
1  62
1  63
6  57 24 59 100 43 34
2  77 43
4  92 30 45 11
5  58 67 36 9 46
6  13 57 7 75 68 70
5  24 93 26 23 49
3  66 8 83
6  84 26 52 76 55 96
6  36 54 53 72 62 99
5  75 55 49 22 44
1  45
3  41 68 86
6  33 93 73 31 76 98
5  51 53 78 37 89
2  89 61
6  87 29 67 41 3 15
4  47 30 8 83
5  75 69 61 8 33
3  37 31 21
6  84 98 24 72 29 13
2  21 100
4  88 40 63 3
1  10
2  10 93
1  85
4  63 92 21 96
2  57 27
4  44 10 48 68
5  76 80 13 97 79
5  84 19 36 87 21
3  19 31 37
2  15 98
6  7 19 80 37 75 6
6  19 16 35 86 97 11
4  9 7 43 82
6  62 17 77 82 95 12
6  16 27 96 100 33 14
5  70 89 85 56 7
1  91
6  97 1 57 6 7 100
6  98 61 4 74 43 65
5  55 63 85 82 58
6  14 72 64 84 60 49
3  66 49 29
4  45 29 15 50
3  15 37 33
5  40 7 18 4 75
5  66 60 54 24 43
5  95 6 51 55 90
2  3 19
5  47 48 93 97 83
1  33
1  82
5  23 100 76 97 73
3  57 27 66
6  94 61 5 45 15 59
3  35 62 52
1  9
6  5 82 12 38 98 94
1  20
6  85 17 66 27 73 92
6  72 86 52 77 30 67
3  63 1 97
1  13
1  14
2  10 96
2  47 94
2  57 14
1  42
2  80 68
1  71
4  75 57 12 52
6  78 88 49 85 64 90
6  78 7 99 73 35 46
4  57 2 80 71
3  11 50 14
2  70 88
5  81 40 63 59 27
1  36
1  75
2  100 52
2  99 25
5  44 92 24 45 71
6  88 82 44 98 95 65
5  83 42 48 22 4
1  48
1  42
4  89 68 59 41
1  57
4  68 100 56 92
3  27 86 32
1  30
2  3 94
6  85 35 43 6 39 49
4  53 91 12 42
4  71 83 59 27
3  27 26 4
2  70 31
1  1
3  33 29 40
2  24 60
5  30 99 16 83 51
1  95
6  65 76 23 92 49 17
2  67 87
4  70 87 94 2
1  34
2  40 58
6  7 87 85 22 70 36
2  65 29
6  30 4 14 21 26 63
3  52 29 24
1  98
1  1
6  26 34 65 91 13 71
5  98 93 48 33 21
1  62
1  42
4  26 63 91 88
6  42 17 23 49 15 33
3  14 59 82
3  24 73 52
6  51 50 87 98 83 7
1  44
2  52 9
3  14 100 32
1  41
3  37 90 63
5  38 76 28 20 15
4  93 67 45 43
1  31
3  99 38 50
3  56 2 51
6  15 50 31 28 90 79
4  79 41 33 17
1  61
3  31 11 28
6  56 71 14 87 11 12
2  61 54
5  62 4 78 77 53
1  4
3  87 68 22
2  1 38
3  62 74 72
1  72
2  72 85
1  82
6  38 43 51 16 4 54
6  80 7 2 84 49 88
4  71 14 52 9
4  13 82 30 85
5  1 12 55 86 26
3  83 63 79
2  79 83
6  73 62 93 74 45 42
4  96 12 75 48
2  32 61
1  61
3  85 62 57
3  47 83 76
2  45 54
4  24 36 47 96
6  40 69 43 81 30 39
6  5 86 13 36 47 14
6  91 98 58 48 37 5
2  12 33
5  66 94 98 2 41
6  99 80 62 41 60 91
5  53 96 65 32 11
5  28 2 76 85 50
1  89
5  24 22 54 89 15
4  91 55 44 89
3  5 30 95
6  9 47 91 74 11 22
6  88 49 87 64 34 36
5  23 15 99 44 69
6  59 20 78 14 63 66
3  67 96 43
4  4 89 52 77
6  73 61 87 22 47 50
4  83 25 78 98
2  22 66
1  81
6  88 95 47 54 43 13
3  85 75 53
5  26 29 72 99 90
4  21 37 8 76
2  33 54
1  56
5  82 67 56 54 50
1  8
6  26 56 77 100 9 50
2  37 22
2  27 80
3  64 87 20
5  20 73 99 76 48
5  42 4 47 96 54
4  3 46 85 59
2  85 67
5  10 4 93 34 30
5  78 94 59 98 76
5  71 75 54 18 56
6  22 2 90 75 61 92
2  46 51
3  30 17 13
3  20 5 73
3  77 51 43
3  48 19 13
2  93 66
3  48 60 57
3  50 32 10
3  51 56 92
6  85 8 5 24 27 9
6  77 85 46 19 20 93
3  32 11 30
6  46 78 57 3 28 6
3  38 47 85
6  38 76 77 45 81 100
5  89 96 48 74 41
4  94 34 4 25
3  34 22 90
1  78
6  39 84 27 76 30 11
5  67 87 44 12 84
4  39 31 30 79
6  23 13 1 47 57 34
5  46 45 47 39 83
2  65 58
4  76 25 26 62
5  38 28 13 21 84
4  52 13 30 49
3  43 49 82
6  83 50 44 27 97 9
2  47 67
6  22 92 10 84 61 48
1  73
5  95 24 20 7 53
5  42 95 18 24 94
6  74 38 27 70 20 35
6  67 2 79 88 93 89
5  53 37 83 25 5
5  49 24 84 1 93
2  96 10
3  89 9 23
2  35 92
3  70 87 12
5  65 100 64 54 71
1  90
4  41 94 30 89
2  14 90
1  40
6  20 89 75 29 11 1
4  2 46 33 88
4  4 53 57 68
1  27
5  96 80 25 90 10
1  8
2  3 18
4  89 37 51 63
4  61 63 29 9
4  51 66 3 22
2  9 49
1  5
2  41 94
3  54 2 61
4  19 23 45 56
5  7 21 35 70 50
6  79 11 47 44 77 50
4  9 59 14 25
4  42 66 57 79
2  58 39
5  77 62 19 33 36
2  54 70
6  3 67 74 14 18 90
4  83 99 22 96
2  84 37
6  41 16 7 99 55 81
5  17 100 8 52 25
4  22 20 64 88
6  78 1 11 67 64 93
4  86 88 90 70
2  78 10
3  85 8 95
4  84 11 65 91
4  89 52 84 9
1  71
1  92
5  12 59 35 4 25
2  92 14
6  17 92 99 57 76 7
4  42 90 62 6
5  24 95 32 7 4
3  78 5 39
3  16 98 84
2  22 4
1  36
6  28 27 91 85 2 98
3  43 88 98
3  68 22 44
6  29 47 46 7 51 85
4  67 83 38 87
1  42
6  39 34 26 65 25 11
5  22 47 10 9 45
4  77 66 2 76
6  48 22 1 98 6 56
4  88 94 51 92
3  49 31 69
5  95 93 84 62 15
2  72 23
5  30 99 40 31 75
3  78 96 36
5  1 91 41 89 85
6  80 19 39 10 87 13
1  80
6  67 94 26 38 16 100
5  15 40 98 89 74
5  84 10 51 85 1
6  73 85 82 53 4 20
4  90 32 67 70
2  33 63
4  70 78 52 37
6  91 34 82 65 9 66
5  60 50 74 23 59
2  75 62
4  37 52 83 3
2  10 36
5  63 6 61 15 43
4  6 77 35 71
6  100 44 50 18 94 72
5  24 47 38 75 84
6  57 87 9 67 22 91
2  28 52
3  70 5 49
3  39 19 31
3  63 74 88
5  68 60 56 91 7
6  66 90 82 22 76 91
6  98 81 18 25 33 61
6  37 10 40 76 28 70
1  91
3  2 71 11
4  27 2 68 20
4  58 1 89 34
6  77 31 72 94 56 5
4  50 41 64 89
1  92
4  30 82 2 32
4  12 93 79 13
4  98 80 19 99
5  52 90 45 83 62
3  39 66 93
6  7 56 77 23 48 36
4  29 37 84 81
3  76 59 62
3  57 41 55
4  9 7 45 53
6  6 92 27 71 84 15
5  40 92 99 87 27
4  16 63 34 96
1  10
4  73 46 11 13
1  66
2  7 10
5  96 15 65 23 86
3  37 63 88
2  62 75
4  12 91 18 46
6  29 55 40 1 51 14
1  16
3  8 25 9
1  40
5  25 26 22 62 88
1  90
3  85 44 61
5  61 7 90 62 1
6  62 51 5 63 67 40
5  91 48 73 31 22
6  56 44 60 54 49 93
3  93 53 13
4  60 73 43 21
5  34 82 24 38 45
6  77 15 81 25 87 11
3  85 67 90
3  10 43 93
1  81
6  55 94 39 14 66 82
3  39 16 62
4  60 52 30 74
2  55 61
3  2 46 9
6  90 19 34 82 20 15
5  75 8 6 88 74
6  22 13 3 38 75 56
6  26 86 71 58 41 32
6  42 77 9 33 66 27
4  48 47 81 15
2  89 21
1  63
1  30
5  11 67 49 64 75
4  35 32 92 66
2  34 42
3  66 8 33
4  12 14 70 32
1  90
3  65 98 70
3  8 37 88
5  100 62 26 34 94
2  99 25
4  41 64 17 49
2  49 4
3  62 73 64
4  12 28 60 82
4  67 18 54 41
1  16
4  51 9 84 50
2  35 90
6  52 39 25 1 42 65
4  15 37 26 77
3  54 36 30
2  3 47
5  44 64 89 10 14
6  94 63 30 28 53 26
5  92 50 80 33 15
3  48 52 68
2  100 21
4  30 41 63 77
1  7
3  4 16 54
1  10
1  31
3  70 56 17
4  5 96 93 20
3  41 71 5
4  71 26 24 100
4  87 77 81 93
1  84
1  70
6  18 87 15 55 56 70
5  16 75 67 9 94
1  49
4  8 13 35 33
3  35 99 23
1  80
1  27
4  23 97 48 40
5  62 95 39 32 66
4  6 33 64 100
3  12 64 45
2  98 78
4  33 77 83 44
4  98 70 19 20
5  66 60 50 28 55
6  59 20 44 64 53 7
4  89 19 27 33
3  24 11 4
4  87 100 42 84
5  61 3 37 27 63
6  54 17 75 12 36 19
5  89 25 38 77 44
4  10 87 88 21
6  45 7 76 44 49 60
1  9
4  50 35 24 36
6  41 10 100 77 29 75
4  53 13 42 96
5  52 82 65 72 10
5  48 53 27 7 66
3  69 15 70
6  51 58 33 61 9 89
2  73 42
3  15 37 23
4  19 88 37 91
6  15 38 50 41 45 16
5  13 31 46 6 81
1  38
3  62 46 29
6  19 70 40 33 7 63
6  26 51 35 17 47 49
4  97 90 99 13
4  12 43 17 24
1  54
4  78 100 94 72
2  64 12
4  71 75 49 96
2  84 13
5  33 67 68 23 65
5  89 77 23 1 93
3  17 47 10
6  46 3 66 64 67 78
1  37
4  64 32 77 48
3  48 80 11
1  2
5  96 90 52 18 44
4  7 90 74 100
3  77 66 100
3  44 14 79
6  78 11 72 25 55 20
1  65
3  6 41 31
6  92 48 86 35 11 25
6  92 60 61 58 59 3
1  73
5  97 51 92 69 76
3  88 80 11
2  86 51
4  81 43 1 67
5  12 58 2 96 50
4  56 8 20 58
1  93
3  5 43 30
5  18 76 61 98 87
5  83 37 64 79 30
4  48 88 58 44
3  19 99 44
3  57 52 31
6  57 74 25 29 92 1
6  89 87 73 71 24 9
3  3 46 64
4  94 51 16 37
6  34 35 31 72 92 83
1  86
3  76 11 68
4  11 57 55 98
2  26 21
3  59 23 83
2  81 76
5  97 12 60 30 47
6  2 38 73 4 24 11
5  35 79 45 46 99
3  64 24 1
5  86 84 5 67 60
5  63 72 36 93 18
2  94 56
6  97 80 9 75 14 87
2  59 21
2  2 85
3  65 86 24
4  69 28 18 5
5  100 40 73 17 66
4  73 63 52 71
3  65 58 57
2  79 74
2  63 15
6  48 39 40 17 67 58
3  71 38 44
1  10
4  76 33 39 84
1  76
3  67 32 72
3  5 97 7
2  86 55
4  26 71 25 83
1  95
2  58 6
2  18 81
1  50
2  44 33
2  20 81
6  51 52 39 56 49 46
5  34 100 59 70 58
3  85 53 62
3  58 92 60
3  98 9 58
3  42 86 61
2  80 12
5  18 68 23 63 44
4  63 77 15 32
3  56 17 86
2  59 44
1  18
5  7 27 39 49 68
2  10 90
1  21
4  21 89 87 83
2  42 45
1  57
5  42 13 93 28 30
4  71 40 69 53
3  95 91 63
1  4
4  17 25 38 13
1  20
3  45 65 52
1  42
6  13 35 21 43 86 92
5  55 44 29 49 35
2  12 49
2  64 66
3  80 3 63
5  23 7 27 88 58
2  29 52
3  64 72 83
3  63 65 4
1  94
4  41 16 64 89
3  27 54 91
1  57
4  89 79 60 16
4  18 43 95 69
5  59 40 66 8 3
2  11 10
2  63 50
3  27 39 81
4  93 71 61 49
2  50 28
5  65 94 1 8 89
5  90 47 9 56 55
1  87
4  21 10 28 71
3  55 9 30
1  2
1  68
3  25 17 78
1  82
5  9 89 60 77 79
1  86
3  61 97 21
2  18 30
4  89 80 8 98
1  16
6  9 84 49 33 100 26
3  82 97 49
5  56 26 49 62 11
5  23 8 2 48 26
2  1 14
1  9
1  20
2  10 28
1  58
4  7 83 1 89
5  50 58 35 75 6
6  86 88 19 94 90 66
2  22 67
2  33 76
3  52 99 53
5  6 11 40 13 93
3  1 72 90
4  7 65 64 3
4  52 22 44 41
6  63 62 54 96 94 29
3  45 28 93
2  33 3
4  46 96 3 67
6  4 74 58 68 76 8
2  97 52
4  84 15 21 38
1  15
4  50 60 94 42
6  27 44 47 72 40 50
2  6 42
2  80 99
6  55 7 6 52 58 66
3  73 87 83
1  39
2  61 32
5  45 59 18 91 30
4  40 47 63 82
4  42 80 55 97
6  60 49 45 26 84 17
1  57
6  12 96 32 73 28 6
2  86 24
1  15
5  47 62 43 28 85
1  82
5  94 42 30 39 67
1  56
5  70 55 90 66 87
4  93 92 80 78
1  87
6  96 33 54 39 61 82
2  69 64
1  63
1  35
1  73
3  56 51 18
1  41
5  97 3 75 89 83
4  4 69 45 99
1  99
3  63 81 61
2  44 65
6  50 100 94 22 47 73
4  60 13 48 56
1  23
3  98 75 48
4  20 46 68 19
5  31 99 44 61 43
1  54
6  8 48 14 54 97 87
2  56 99
4  12 15 88 56
1  63
1  79
5  49 47 100 31 77
6  74 38 41 82 91 33
6  38 47 43 35 33 61
6  32 27 2 46 14 57
4  76 59 37 58
1  84
4  38 60 57 12
6  97 94 88 30 83 26
5  26 60 9 87 50
3  13 51 85
2  8 43
1  67
5  61 73 63 18 11
2  74 23
2  71 16
1  1
6  34 76 24 94 84 10
3  23 94 8
3  2 51 68
2  11 41
6  29 51 15 3 73 34
5  89 42 74 87 75
3  11 68 33
2  11 56
3  4 64 90
1  14
3  72 44 52
1  36
5  63 50 83 36 84
4  25 30 11 99
5  22 67 12 41 77
5  83 80 31 73 85
3  13 57 88
4  69 23 46 31
5  29 67 56 85 91
5  14 2 79 92 23
3  3 64 22
5  46 2 1 18 86
3  31 43 33
6  11 56 41 42 28 69
1  84
4  99 64 67 1
3  58 23 88
4  86 9 30 32
1  30
3  96 74 79
3  7 74 48
4  15 89 84 97
5  36 96 35 2 77
4  18 64 20 4
5  49 36 83 78 84
5  52 63 15 58 37
4  19 51 52 8
3  49 79 70
3  14 72 39
6  31 57 54 50 60 27
6  96 9 77 79 86 29
3  1 86 78
4  5 29 16 13
4  64 91 32 7
1  3
3  94 34 2
3  84 62 74
5  57 83 58 35 69
6  76 70 72 54 33 77
5  48 89 43 11 80
5  18 84 77 63 78
1  64
2  94 25
6  76 81 82 34 16 50
2  92 19
6  45 52 69 26 100 57
5  11 37 43 28 20
2  91 97
2  54 22
2  79 21
6  60 3 34 75 52 53
4  71 45 11 22
1  37
2  70 6
2  6 49
4  26 68 49 22
6  3 44 23 81 65 22
3  67 55 16
2  8 82
6  52 93 11 64 29 32
2  35 62
3  83 21 64
3  70 86 49
5  29 71 53 94 93
6  60 47 8 78 55 90
4  6 82 77 70
1  8
1  45
5  41 28 90 5 77
4  90 26 31 19
6  83 12 88 76 72 35
6  49 89 73 15 95 55
6  65 66 98 67 11 8
3  57 13 15
1  2
3  46 21 35
2  32 23
1  4
4  88 52 46 61
4  40 15 58 4
5  55 71 91 22 79
2  79 91
3  94 92 83
3  13 18 68
3  40 72 48
6  59 100 42 20 66 82
3  23 86 15
5  56 6 100 34 78
2  77 72
1  59
1  29
5  78 73 16 50 20
1  9
2  55 28
6  36 62 8 21 77 85
5  82 85 11 16 62
3  93 33 51
4  44 80 28 22
4  44 71 72 56
5  92 10 8 76 46
5  84 66 46 69 43
2  53 54
3  15 88 35
3  39 86 91
2  13 12
5  57 83 43 12 62
2  22 69
1  67
3  92 33 84
4  75 11 13 28
4  27 16 87 74
4  73 64 86 76
3  42 58 85
4  20 18 75 89
2  41 26
2  73 10
5  48 20 91 76 72
2  92 59
6  46 31 55 19 17 61
4  89 46 11 8
4  85 96 91 25
2  9 98
2  88 45
3  78 21 22
6  12 81 87 58 42 76
2  72 37
6  60 82 95 68 46 79
4  36 3 85 45
1  15
2  46 65
1  66
6  5 78 67 91 35 32
1  5
1  47
6  64 29 83 31 74 62
6  10 65 77 54 92 85
1  57
6  76 43 99 54 9 90
6  86 22 98 90 25 44
5  88 72 62 19 46
2  11 55
6  88 9 52 80 94 62
3  88 38 78
6  91 87 76 79 72 97
5  62 22 20 40 10
6  1 28 37 24 39 92
1  26
1  62
1  94
2  41 82
4  19 68 51 5
3  30 77 40
1  38
4  24 78 71 16
5  99 52 2 37 44
1  63
3  73 68 38
6  9 19 57 28 86 8
2  29 37
1  69
3  47 31 65
2  2 81
1  100
2  4 37
5  16 99 20 88 67
4  84 76 75 41
1  61
3  35 90 84
3  59 25 91
6  90 16 70 18 2 22
2  78 37
2  97 25
6  53 9 67 28 49 69
6  97 4 78 80 48 36
1  39
2  95 54
1  65
5  5 66 93 30 44
2  55 40
4  46 93 62 12
2  10 80
1  7
6  87 86 32 22 91 70
3  85 23 62
3  94 66 16
6  95 59 16 50 99 69
6  91 30 6 12 40 86
2  46 70
1  32
1  28
2  70 75
1  93
3  57 87 1
5  73 96 30 88 45
2  56 39
2  86 44
2  26 30
3  72 99 56
1  99
5  26 69 58 34 61
6  90 47 93 62 19 88
6  7 32 20 63 71 39
3  15 69 74
3  19 46 43
5  49 41 57 75 9
1  8
5  6 98 17 59 36
6  50 42 18 69 4 88
1  52
1  76
2  45 94
5  88 68 20 28 24
6  37 3 7 43 100 23
3  58 26 8
6  43 77 3 31 84 55
2  60 81
5  53 52 64 20 72
6  43 66 29 80 69 35
2  68 57
4  26 15 89 34
1  32
1  17
4  94 72 53 52
5  5 4 34 25 76
2  68 42
4  48 10 88 70
5  45 32 3 59 21
3  72 52 46
6  13 39 60 6 91 12
5  96 16 9 21 91
2  88 32
6  35 41 74 4 18 36
2  76 56
4  48 8 2 37
2  40 96
2  31 8
1  27
2  10 47
1  43
3  46 29 69
6  2 73 4 20 9 24
6  65 80 43 72 81 79
6  21 75 17 52 83 78
1  27
2  19 69
4  65 98 26 51
6  99 55 19 7 79 14
5  58 56 42 39 35
2  60 10
3  11 92 65
6  98 92 12 17 60 69
5  57 95 31 56 93
6  75 99 63 88 69 21
3  11 60 79
3  19 88 91
2  80 56
2  77 47
2  93 6
6  73 63 92 4 19 84
6  93 83 52 81 51 72
2  61 32
1  4
4  90 94 80 69
3  97 45 95
2  37 1
2  10 64
1  13
5  97 1 75 79 52
4  30 24 79 91
4  81 94 5 70
6  85 38 36 81 83 30
1  19
2  26 29
6  39 41 75 35 42 50
1  94
1  43
2  84 34
5  64 28 77 34 14
4  72 49 41 54
5  46 73 9 72 1
1  10
3  77 45 83
2  59 76
2  2 93
1  35
4  77 62 41 10
5  2 81 25 43 34
1  88
1  11
4  7 13 70 49
6  14 32 72 8 44 73
6  57 8 65 33 70 6
3  45 7 23
5  49 57 72 37 63
5  96 70 95 65 18
5  79 50 97 51 57
3  24 57 97
2  21 29
6  26 71 45 32 93 13
5  49 84 18 12 66
1  82
4  79 100 43 57
3  40 8 5
5  31 61 76 62 82
1  62
1  75
1  39
5  18 20 17 2 37
2  67 51
1  27
2  8 70
6  57 9 92 61 88 23
2  64 84
1  68
3  9 43 50
3  11 68 67
2  69 4
4  36 54 64 63
5  72 32 67 28 41
4  88 29 82 10
6  65 12 60 10 21 3
4  69 13 27 35
3  95 39 94
2  93 57
6  75 28 24 42 55 65
1  43
6  82 52 85 46 64 44
4  85 47 14 53
4  40 88 98 35
2  91 65
2  48 57
6  76 81 34 30 45 73
3  16 25 21
4  89 65 16 73
1  30
2  70 69
1  68
1  38
4  67 56 6 24
3  81 4 82
1  49
1  84
6  30 8 6 91 97 71
1  69
5  36 94 51 5 6
2  7 43
5  74 98 81 45 62
1  26
5  50 41 55 35 71
4  40 62 59 10
5  28 91 4 21 41
1  26
4  15 68 34 89
4  15 86 10 76
6  36 48 77 3 70 47
4  9 24 19 76
4  9 80 72 50
6  98 8 2 66 42 90
2  56 75
3  32 61 76
5  97 53 81 66 99
3  75 8 69
6  83 20 2 63 92 52
3  89 60 50
4  1 40 84 56
1  24
6  75 100 65 71 52 46
3  51 91 11
4  60 4 41 80
1  3
5  57 52 59 16 2
1  16
3  97 72 55
2  58 29
2  23 100
5  69 35 23 60 46
5  19 49 22 99 54
2  69 10
5  28 26 79 41 42
2  37 13
5  57 71 3 77 93
1  49
4  37 72 21 82
4  40 30 74 38
5  98 6 93 75 34
2  53 74
4  72 11 46 67
3  48 44 35
3  92 97 87
4  17 68 15 56
6  89 93 81 87 99 74
4  33 92 13 7
4  84 17 23 30
5  65 77 27 99 19
6  13 82 12 81 96 67
5  85 60 59 71 32
2  91 23
3  97 74 28
1  96
4  97 60 34 23
4  60 41 54 72
2  65 52
2  32 30
1  91
6  73 49 19 4 40 42
3  36 15 75
3  10 31 45
5  64 68 28 24 9
5  95 30 46 47 48
5  76 50 68 64 23
1  82
2  56 24
5  91 38 47 40 48
5  85 17 41 53 45
4  61 25 59 91
5  6 38 47 82 88
1  45
1  31
2  36 86
3  8 77 88
4  17 35 31 1
4  72 53 96 36
1  21
6  4 91 1 42 38 82
2  52 27
3  82 53 74
5  3 81 44 90 35
4  25 66 61 77
3  14 73 74
2  93 69
2  84 69
5  21 51 1 73 77
3  55 30 12
2  32 93
4  22 28 25 47
6  86 23 31 99 95 5
2  88 73
4  71 42 27 92
6  27 64 69 65 18 98
5  39 30 70 4 51
6  29 98 90 14 20 21
1  15
2  38 3
6  94 73 38 20 64 30
3  28 98 12
3  96 88 84
2  57 88
5  54 17 73 43 31
6  64 43 7 88 81 9
6  74 82 22 94 46 52
3  73 49 51
2  44 39
1  69
6  90 44 49 6 16 92
3  7 55 79
1  42
4  22 26 33 4
3  26 49 100
4  22 49 16 39
6  55 41 61 50 30 4
6  36 19 90 71 26 45
3  39 87 8
4  13 41 64 61
4  12 60 32 33
1  48
5  100 2 13 60 51
3  63 49 78
5  39 49 6 84 98
3  70 6 5
5  46 69 43 12 81
1  44
1  9
6  86 9 92 98 68 43
3  31 92 17
1  31
4  18 14 63 62
5  68 67 65 14 36
1  26
1  9
5  29 18 60 15 26
4  12 94 52 25
6  68 36 16 33 53 29
6  15 12 64 82 77 17
6  3 32 92 71 61 10
2  75 35
5  86 29 75 37 53
4  5 88 76 38
3  4 34 56
1  97
3  93 74 53
5  76 84 69 47 45
5  76 19 13 57 5
3  31 42 93
6  46 81 66 84 22 70
1  77
6  14 13 78 87 65 54
4  49 22 8 93
6  84 12 40 16 52 71
4  45 61 3 26
2  86 47
6  3 24 80 16 36 58
1  1
1  64
3  34 72 43
2  55 54
3  95 69 96
4  26 41 28 66
4  14 13 47 16
3  27 32 72
6  34 73 95 97 22 28
5  65 61 23 18 4
2  87 100
5  12 40 9 6 60
4  19 7 69 55
2  100 27
1  34
6  11 30 21 39 98 85
6  21 2 3 39 89 100
3  30 40 48
6  92 66 95 61 20 28
4  46 44 94 45
4  24 66 93 22
3  92 42 52
6  80 40 96 1 38 30
5  85 19 71 51 14
2  71 41
6  17 84 85 61 38 8
2  31 29
5  22 70 27 15 50
5  11 51 7 48 81
6  33 100 56 83 13 86
4  54 77 70 38
4  31 76 69 57
1  97
2  27 67
4  42 17 26 52
5  32 100 48 17 47
5  15 60 58 68 14
3  38 51 96
5  27 64 24 32 60
4  59 26 14 100
3  39 52 9
5  51 57 87 83 3
4  98 63 16 66
5  51 3 27 46 71
4  9 95 85 69
3  43 94 64
3  36 3 93
3  73 44 1
4  27 4 18 24
4  34 89 42 84
6  68 29 62 21 37 56
1  5
1  48
6  69 90 35 72 83 80
3  26 81 4
4  85 21 75 50
4  64 92 37 55
4  66 17 80 3
5  85 8 78 32 6
3  21 41 18
1  21
4  29 1 65 80
6  85 55 35 39 19 26
5  74 85 41 90 64
3  62 49 51
3  80 57 86
1  97
1  4
2  65 32
2  29 12
1  14
4  39 52 86 65
2  59 49
5  48 13 11 10 61
4  50 41 18 36
3  15 39 45
2  4 77
3  33 88 54
3  55 92 98
3  56 25 98
1  93
3  18 4 56
5  65 6 19 83 41
4  97 80 5 28
5  81 78 15 69 31
4  23 59 63 78
5  61 83 76 6 100
5  62 78 45 67 97
2  8 57
2  87 61
4  70 42 29 85
1  59
3  33 81 3
6  59 86 55 41 62 61
3  41 22 18
6  89 14 13 96 70 35
5  31 86 52 72 14
3  82 73 81
1  53
5  9 12 69 63 52
2  24 92
5  46 9 57 34 22
5  30 92 4 12 22
6  63 93 2 99 75 79
6  27 62 96 39 30 59
6  60 83 82 31 28 90
6  62 12 56 91 3 59
1  24
3  66 17 50
4  91 24 42 79
4  3 75 89 33
3  78 93 16
4  24 44 49 11
1  60
4  97 63 25 99
6  72 64 3 22 27 94
3  69 73 95
5  48 83 5 81 61
6  97 20 21 41 69 31
3  28 97 42
6  22 40 77 94 4 80
1  30
5  59 98 46 53 70
6  36 74 97 70 16 90
1  84
2  56 12
2  97 2
3  37 78 32
3  58 46 70
2  4 68
5  57 37 68 93 10
3  89 80 11
1  69
2  88 90
5  100 7 73 2 45
1  80
5  50 37 21 19 67
2  86 42
5  22 10 73 32 51
4  11 61 66 80
5  54 69 58 53 75
2  54 19
3  33 94 89
5  15 8 36 39 94
5  19 16 86 92 47
3  54 57 97
2  36 79
5  5 36 25 79 66
5  97 5 11 91 94
5  5 2 15 43 95
6  62 10 78 54 56 14
1  13
1  26
3  89 98 52
2  22 31
6  100 28 95 10 18 88
6  23 89 5 66 83 97
2  93 74
5  48 88 60 99 13
1  87
1  60
1  32
6  1 31 18 95 41 36
5  30 58 71 35 23
4  31 51 47 5
2  94 93
2  54 91
2  62 78
3  22 89 73
1  89
1  29
5  43 64 65 73 22
3  7 45 90
3  95 36 43
2  29 35
3  83 26 75
3  4 16 66
6  88 77 81 90 5 63
2  69 28
1  90
4  12 34 53 50
2  88 92
4  17 27 96 99
4  70 44 55 86
1  47
5  86 27 63 91 89
6  59 17 100 49 80 12
5  32 61 10 19 52
4  35 79 58 34
2  28 77
6  13 86 31 71 57 48
4  46 43 20 62
3  68 41 54
3  72 14 59
6  66 21 25 44 79 59
5  7 35 58 19 20
6  5 91 45 52 51 90
6  70 52 37 38 92 90
6  64 4 45 54 69 66
5  13 44 36 86 50
5  44 69 91 32 73
5  76 25 32 65 19
1  16
4  39 8 46 25
5  49 70 25 18 36
1  31
5  39 16 29 9 60
6  100 91 71 80 66 95
1  31
1  13
3  70 52 54
1  76
2  64 46
3  81 51 11
4  89 27 98 86
6  97 76 57 77 42 51
6  72 65 1 18 34 52
5  49 28 95 12 73
3  93 54 3
1  82
2  2 79
1  88
5  92 44 52 33 95
3  4 60 40
2  94 91
6  42 18 86 53 91 29
3  45 21 48
4  3 78 59 81
6  47 56 85 90 8 17
6  47 21 44 86 42 37
5  33 79 94 19 32
6  47 77 29 68 25 86
5  2 44 51 95 91
1  80
5  14 97 65 61 17
1  46
4  46 22 92 24
1  10
4  99 57 32 27
2  56 12
6  58 56 45 53 46 52
2  26 66
2  91 26
3  100 72 3
3  93 94 69
1  4
2  5 61
4  32 85 11 43
5  69 99 24 21 45
5  52 70 42 80 61
5  24 60 39 26 4
2  20 73
3  24 96 42
6  51 74 70 62 16 48
2  15 72
3  59 48 2
2  89 81
6  56 4 49 95 30 53
2  50 25
4  74 21 4 59
5  77 28 33 93 76
4  7 47 12 65
6  13 93 83 94 82 39
6  30 33 28 82 57 78
1  19
4  27 22 10 98
6  37 30 90 12 92 96
4  3 61 53 16
4  35 10 74 7
4  6 35 46 63
1  52
5  63 78 3 72 76
6  8 6 90 19 97 86
5  100 46 29 16 99
4  25 33 37 32
6  43 66 42 6 77 93
6  40 71 89 11 47 19
4  78 37 49 64
1  49
1  43
4  8 6 89 41
3  21 37 86
6  78 91 64 71 77 3
3  65 13 89
4  31 40 68 89
6  82 37 4 24 2 11
2  90 51
5  11 87 58 97 65
3  60 36 25
4  78 90 75 66
3  6 73 74
6  67 55 31 70 79 32
5  9 22 31 82 33
2  40 29
5  88 89 19 12 50
6  1 25 61 43 31 66
1  4
4  83 59 90 53
3  22 33 46
3  64 27 75
5  66 4 65 54 92
5  65 42 78 66 67
3  9 97 4
2  100 63
1  58
4  60 95 74 92
3  17 56 68
6  37 34 96 2 87 88
6  52 29 62 18 95 100
2  91 4
4  91 67 58 49
2  17 44
6  8 84 11 63 52 2
6  85 98 1 72 23 13
3  40 8 46
4  99 50 17 90
1  74
3  36 90 81
2  97 65
3  60 16 41
4  100 38 61 72
2  45 94
3  90 34 42
3  100 41 85
1  30
1  89
5  36 78 48 64 75
1  3
3  28 43 94
2  80 55
6  2 99 93 36 89 26
5  24 25 19 9 41
3  9 29 15
3  7 63 8
5  76 10 16 3 53
1  31
2  64 29
3  62 21 70
3  47 74 72
4  82 12 13 91
3  28 34 47
6  42 27 66 52 69 4
4  99 36 14 28
5  76 49 39 26 95
6  99 66 51 81 78 64
5  18 92 4 64 82
3  91 48 97
2  16 100
5  15 36 98 42 5
5  90 43 98 85 28
6  50 78 77 28 42 47
3  33 51 9
1  96
6  62 92 32 78 15 93
2  12 35
2  85 24
5  82 8 1 78 58
5  55 86 20 1 30
4  51 39 67 47
3  29 38 69
1  30
5  99 56 95 33 87
5  57 60 61 65 39
2  39 93
1  59
6  38 11 44 76 77 90
1  6
2  82 12
4  65 11 13 59
3  100 38 59
6  64 19 38 86 58 31
6  16 24 31 26 68 6
1  57
2  8 85
6  20 42 64 30 55 23
5  54 61 73 13 60
3  32 97 23
6  28 16 5 51 47 31
2  53 34
5  71 42 60 61 2
3  91 56 58
4  10 19 37 23
5  73 55 75 95 44
1  11
3  53 57 80
5  9 13 46 80 54
1  51
1  7
6  6 63 42 69 73 61
1  96
3  78 50 13
5  94 14 83 42 67
3  21 37 49
3  83 28 88
6  78 2 95 63 7 57
1  76
2  65 81
2  2 58
5  14 30 68 28 12
1  94
4  31 100 64 14
2  52 1
1  53
6  68 60 53 72 36 82
3  16 6 38
5  80 52 2 48 79
1  57
5  66 87 4 65 51
1  93
1  18
6  55 13 65 15 37 50
3  73 65 53
1  38
2  62 40
5  41 53 37 13 18
2  17 83
5  33 75 51 73 29
4  38 43 28 74
6  75 46 57 27 56 95
4  17 34 39 58
6  75 70 4 98 87 71
2  62 45
5  34 74 33 72 16
4  45 8 35 91
4  62 46 59 21
4  93 60 20 79
3  90 83 32
5  70 2 95 31 47
4  65 20 97 36
3  57 81 44
6  71 8 53 17 67 73
5  59 32 100 38 66
6  20 98 65 89 99 60
2  46 24
6  66 20 1 77 44 68
5  52 20 88 18 92
4  77 24 66 15
6  55 34 86 19 23 85
5  42 31 3 26 96
2  46 97
6  46 40 66 16 92 85
1  10
5  70 86 100 35 89
6  34 75 8 56 59 86
6  90 88 23 85 10 69
5  9 14 21 74 30
1  59
2  21 35
1  7
3  37 7 23
2  40 97
2  96 56
2  93 45
1  16
2  16 84
1  25
6  31 99 27 42 57 59
4  92 61 69 26
6  75 48 22 15 44 54
1  100
5  3 44 78 19 73
6  3 83 18 100 13 17
2  55 73
6  17 64 45 85 89 41
4  37 62 73 81
1  83
5  87 86 24 65 4
6  59 6 79 77 92 93
2  46 65
1  62
2  60 47
2  1 5
4  62 78 34 77
4  13 64 46 37
2  49 33
6  55 12 63 60 3 91
3  20 6 11
3  65 57 66
4  62 19 27 39
4  4 99 66 68
3  2 96 93
3  82 47 45
3  7 48 100
6  96 19 2 6 67 63
2  32 24
4  58 62 3 61
5  29 5 70 25 97
1  7
3  48 51 50
6  50 47 90 69 48 96
3  15 58 68
3  81 19 4
3  22 65 4
6  94 8 59 19 5 62
2  48 9
5  98 3 26 44 93
6  92 88 30 6 46 98
4  27 16 55 69
3  20 72 26
1  80
6  32 84 46 56 31 54
2  29 57
4  72 49 51 63
3  80 68 83
5  19 9 93 73 78
2  92 50
4  5 29 40 36
1  85
6  43 39 22 71 96 78
3  45 28 5
5  8 73 64 85 91
5  77 64 50 7 55
6  61 60 27 1 95 39
6  86 82 24 8 52 19
6  95 63 14 99 44 22
5  7 6 63 79 83
2  28 89
5  26 50 40 53 35
6  35 21 72 58 29 24
5  15 18 39 28 17
5  49 89 55 51 67
3  76 94 27
4  20 77 97 72
2  32 63
4  52 35 19 81
4  95 77 33 23
6  15 72 81 3 27 32
5  64 8 63 90 83
4  61 54 92 17
4  44 52 71 24
1  65
2  86 98
3  79 13 60
1  39
6  85 2 98 48 92 62
2  58 23
6  49 14 1 58 52 72
5  61 37 100 46 35
3  25 47 53
5  63 91 74 47 93
5  95 84 34 24 41
4  8 90 70 91
2  59 62
1  20
6  7 66 32 48 90 79
6  73 42 91 47 88 83
2  83 66
4  7 14 96 76
2  86 3
5  48 10 100 45 17
4  77 64 54 56
4  27 97 54 73
6  36 91 67 1 42 74
1  49
6  3 25 9 89 27 36
3  89 81 53
4  57 17 8 13
5  34 10 33 6 94
5  97 61 69 39 34
5  88 21 79 13 29
4  40 18 2 76
1  82
2  60 39
3  67 51 24
6  61 56 6 54 23 2
1  91
3  48 67 28
5  45 40 98 11 79
1  13
4  21 94 83 81
2  27 47
6  50 46 44 5 52 98
2  54 12
2  94 60
6  22 28 29 62 25 40
3  40 52 95
4  46 77 40 78
1  87
4  53 33 5 58
6  2 85 37 13 3 31
5  87 53 100 16 14
2  55 54
4  7 48 23 52
2  63 30
2  49 91
5  81 96 37 65 98
2  2 10
2  32 83
1  84
5  26 97 6 80 51
5  86 98 91 38 22
4  67 48 2 58
2  83 53
4  47 50 84 48
4  8 79 42 17
4  24 43 60 29
2  10 96
1  8
6  45 29 40 12 77 41
5  4 23 22 67 69
5  51 16 32 58 95
5  75 58 97 17 18
2  38 27
2  46 35
1  90
4  46 2 39 86
5  42 9 92 77 64
4  93 95 16 88
5  90 45 64 6 62
6  44 89 9 23 15 79
6  61 81 25 47 51 67
4  43 75 32 6
2  25 100
3  12 68 38
4  31 44 19 88
1  27
5  30 42 55 16 3
3  40 49 86
1  3
2  80 35
2  13 59
2  61 71
6  99 27 31 42 46 49
2  53 76
1  83
2  60 98
2  95 37
5  80 42 71 8 22
1  41
3  64 73 95
3  73 93 62
1  34
1  52
4  59 27 68 41
3  27 39 64
2  75 31
1  17
1  9
3  7 49 72
5  21 67 5 94 59
4  96 93 72 47
4  31 74 22 72
2  49 10
5  70 85 13 71 1
1  79
3  21 27 12
6  48 78 96 42 36 61
3  28 33 84
5  64 58 4 35 75
4  44 56 22 28
5  92 29 82 71 69
1  98
5  93 46 57 89 87
6  49 23 20 82 7 2
3  64 6 79
3  58 23 95
5  51 63 71 80 45
3  48 47 39
2  40 84
6  28 71 77 94 97 59
6  98 3 64 4 82 2
4  5 96 40 56
4  11 35 2 52
5  49 90 11 88 74
6  16 45 71 92 38 67
3  38 65 53
1  68
3  2 29 39
6  68 94 55 78 29 57
2  12 5
2  22 93
6  16 8 37 87 100 75
4  49 12 18 2
1  86
3  14 75 11
5  68 66 60 97 23
6  8 28 7 30 20 99
3  28 36 32
2  10 85
5  22 2 77 33 88
1  47
1  87
4  83 55 23 42
4  46 30 59 73
3  88 93 35
2  21 71
4  47 81 48 23
1  50
6  35 37 12 81 38 98
3  21 53 61
4  4 7 91 62
5  27 50 72 62 83
6  33 47 39 13 94 61
1  44
4  48 81 71 29
2  69 66
3  21 27 100
2  33 91
6  12 18 35 83 80 17
5  12 63 13 25 57
5  38 1 33 86 81
1  14
6  71 80 37 92 7 15
3  27 100 51
3  35 34 24
4  8 35 15 21
4  71 94 97 72
2  82 52
2  96 51
6  75 88 91 82 24 6
2  51 5
5  95 40 4 18 91
1  53
1  33
1  76
2  8 47
4  89 98 80 85
3  80 60 36
5  41 60 76 61 10
5  31 4 20 35 21
1  47
5  14 79 84 89 5
6  36 56 80 33 35 64
5  14 23 17 84 63
5  59 24 86 39 55
6  58 90 10 68 36 83
5  15 66 70 19 57
1  74
3  38 9 100
2  23 36
1  86
1  65
