100 5000
280500
112000
196500
221500
142500
72000
281500
432000
447500
115000
2000
230000
88000
313000
472000
423000
4500
128500
20000
221500
87000
183000
29000
281000
66500
439000
284000
260500
103000
434000
385000
384000
46500
81500
106000
189000
154000
387500
121500
101500
3000
123500
332000
91000
436500
304500
14000
441500
433000
34500
163500
20000
218000
193000
301500
285000
132500
85500
45500
235500
20000
430500
120000
67000
12500
226000
256000
166500
114000
378000
268500
117000
1500
100500
208500
438500
405500
223000
380500
338500
258000
44000
359000
476000
237500
160500
261000
370000
246000
307000
106000
266500
238000
226000
333500
250500
452500
90000
417500
66500
6  38 37 95 58 79 82
3  24 58 7
5  67 79 71 15 11
2  89 60
6  10 13 32 55 80 82
3  98 66 59
6  3 96 86 60 75 68
6  98 26 5 73 92 83
3  7 94 65
6  53 49 5 66 80 60
3  62 5 43
2  64 35
2  59 20
6  33 87 88 30 12 93
1  4
5  45 10 69 9 5
2  58 9
6  37 68 32 99 73 75
2  36 9
4  94 29 43 27
1  30
4  27 22 59 31
6  3 41 65 12 45 86
5  54 73 6 22 5
1  94
5  28 29 89 82 23
1  24
3  32 54 6
4  75 64 89 72
4  29 37 78 74
2  46 28
6  51 49 100 54 42 79
5  71 67 63 93 83
6  42 15 40 47 73 11
4  87 77 91 23
4  64 45 99 91
3  49 40 39
1  81
2  84 51
5  47 44 67 34 86
5  74 32 54 88 43
1  74
2  5 97
5  69 41 70 60 80
2  99 19
2  80 35
1  31
2  51 75
6  85 60 65 58 91 18
3  34 33 20
4  38 16 23 7
4  93 67 37 11
4  55 31 45 90
3  76 8 87
3  92 71 9
4  28 100 75 74
2  7 93
6  45 9 7 51 65 99
1  1
1  82
4  40 27 45 75
1  52
4  51 44 31 60
6  59 74 32 92 81 25
5  25 33 82 75 97
5  92 98 88 73 53
2  100 97
1  1
3  63 52 92
6  11 91 52 70 65 84
4  45 8 36 69
3  17 44 37
6  36 34 84 9 86 11
1  83
1  8
2  75 60
2  68 70
1  19
3  78 2 1
2  10 37
6  49 53 34 86 50 70
2  33 78
1  44
6  88 57 93 18 31 52
3  99 22 53
2  61 30
2  62 52
2  98 42
5  51 76 63 100 45
5  32 22 86 76 7
5  33 99 91 63 50
2  62 71
5  79 32 13 98 93
4  26 91 6 3
3  82 65 40
2  46 72
3  32 48 54
1  80
4  94 43 2 25
1  73
1  83
1  21
5  98 85 6 88 90
1  28
5  74 67 97 20 39
3  51 86 98
4  65 50 49 8
4  73 11 24 80
6  28 100 74 25 85 80
1  75
6  39 46 62 6 42 82
3  86 32 30
5  87 95 33 35 2
5  7 13 86 6 34
6  80 58 70 59 44 46
1  89
1  14
2  90 58
1  22
6  100 8 83 33 42 84
1  48
6  22 34 3 56 20 82
1  89
3  83 33 86
6  22 94 4 53 83 62
5  4 49 69 11 31
1  52
1  17
6  12 38 34 14 94 53
6  7 42 35 89 74 21
5  95 14 82 48 97
3  16 100 92
6  11 23 85 63 37 1
4  48 39 95 62
2  48 57
3  89 92 26
4  13 4 57 27
6  4 23 28 20 33 42
6  95 78 89 57 26 27
4  88 59 99 45
6  87 37 22 49 25 6
5  10 99 38 30 21
4  33 54 98 21
3  76 9 5
1  36
4  88 94 55 33
6  42 69 11 91 18 36
6  93 46 6 91 83 35
1  39
5  65 37 88 13 12
6  17 13 32 73 1 26
2  33 16
5  2 27 60 19 62
4  11 7 61 1
6  95 12 28 63 76 65
3  88 77 46
1  90
5  78 90 4 5 23
2  74 24
3  33 42 7
6  53 13 49 54 2 43
4  30 5 41 95
4  29 71 1 34
4  79 11 50 82
1  72
1  90
6  46 22 38 52 10 90
4  58 43 67 1
1  97
1  48
6  60 77 62 61 10 22
3  20 71 36
3  21 25 39
4  46 76 18 56
4  83 13 8 49
1  16
3  19 64 37
5  40 98 39 49 20
5  69 91 97 4 34
1  28
5  83 74 48 100 29
1  82
3  21 31 55
3  77 74 99
1  52
3  11 90 87
2  67 56
2  63 59
4  80 87 25 62
4  72 62 90 85
3  31 5 75
6  41 51 59 40 63 11
5  74 1 65 3 67
2  23 30
5  76 10 65 100 71
2  72 33
1  56
5  46 60 51 31 100
1  90
3  64 100 17
3  100 81 40
4  1 62 96 79
3  6 44 37
5  69 9 83 64 85
2  23 35
4  23 36 48 63
6  48 79 35 47 60 75
1  60
3  9 39 73
1  83
1  90
4  18 98 35 82
5  63 5 17 21 28
4  69 90 51 16
5  86 62 28 60 75
6  96 83 27 69 97 9
5  86 60 96 84 94
5  67 56 82 84 77
1  36
3  98 86 61
4  71 22 94 31
6  81 26 80 7 95 76
1  73
4  76 69 46 12
2  27 95
1  35
2  46 33
1  6
6  87 28 91 17 24 72
3  4 79 37
5  94 9 41 69 77
6  38 22 98 63 49 93
4  83 23 10 16
3  16 13 24
3  4 41 67
5  83 70 54 20 49
3  28 89 16
1  75
4  26 72 15 74
4  79 57 86 88
5  24 3 85 48 46
6  89 13 64 71 83 17
6  31 64 18 20 79 22
6  32 47 66 21 29 25
5  15 12 50 39 35
6  60 23 74 73 86 45
4  3 35 86 66
4  5 45 73 99
5  20 64 22 41 93
3  18 8 58
5  46 72 2 32 31
2  6 3
1  51
4  13 85 43 79
3  48 23 9
3  99 29 10
2  70 2
4  88 10 24 55
4  96 56 87 27
5  92 30 90 42 87
1  26
2  81 63
5  4 71 23 3 100
2  23 69
3  89 56 44
1  11
6  8 66 85 34 46 76
4  36 17 50 39
3  79 19 6
4  23 76 78 25
5  11 48 45 37 100
6  50 10 86 57 76 70
6  22 45 54 58 62 4
6  5 82 15 10 38 37
6  15 62 26 10 6 70
3  6 57 95
1  43
4  91 12 43 13
4  97 70 19 100
4  24 82 79 34
2  16 20
3  78 81 59
6  87 28 33 92 85 7
2  80 98
3  23 10 96
2  79 15
2  44 38
6  22 72 18 38 91 52
1  72
1  3
4  38 36 49 23
4  56 50 43 53
6  65 62 85 83 40 99
1  83
3  1 5 8
2  43 99
5  58 70 80 61 27
2  96 76
3  59 31 90
1  83
5  65 44 63 48 84
4  50 66 98 71
1  69
1  5
3  71 74 19
2  1 36
2  77 76
6  8 66 86 90 44 50
3  6 98 18
5  47 84 66 97 54
5  66 67 76 4 38
3  23 69 51
4  95 27 34 79
3  99 64 24
3  14 58 48
1  75
1  59
4  81 56 11 52
2  78 27
2  15 76
3  83 27 5
5  53 38 56 87 37
2  11 79
3  68 27 46
3  42 4 99
2  59 10
5  80 87 99 4 2
5  50 84 1 55 60
4  92 16 41 29
3  51 7 69
2  33 14
4  74 18 59 95
5  69 67 56 66 59
4  41 9 40 42
4  100 95 55 15
3  83 51 86
6  19 4 22 33 64 95
3  23 90 26
6  57 81 46 23 40 2
4  49 42 4 12
3  99 66 56
2  49 6
2  38 25
2  59 57
6  54 7 9 44 33 100
6  13 45 22 53 47 85
1  89
6  12 29 87 78 85 20
2  91 39
4  15 61 22 72
3  76 78 56
2  11 55
2  23 100
3  76 47 26
5  35 13 89 64 99
4  48 19 92 38
4  55 53 18 77
2  65 53
1  21
5  12 75 90 35 31
1  22
4  87 57 69 75
2  68 41
5  86 33 5 43 87
4  60 64 81 24
1  83
3  87 94 19
5  29 94 8 39 16
4  26 72 32 100
6  100 41 59 86 73 63
2  60 21
6  23 1 12 38 84 56
2  78 75
1  6
5  8 45 84 71 70
4  3 70 47 10
1  88
5  68 16 42 88 4
4  89 15 1 72
5  25 49 45 26 54
1  34
6  97 4 68 53 7 37
6  9 47 3 97 29 71
1  70
4  16 33 47 31
3  18 1 59
4  46 85 20 59
2  18 56
2  86 8
2  22 6
3  69 9 34
6  80 46 66 38 62 99
6  92 33 1 93 91 67
3  75 87 97
6  5 52 14 90 60 42
1  66
5  80 75 12 77 54
4  43 92 18 41
5  10 73 76 2 64
3  40 39 29
3  31 34 89
3  23 48 86
3  14 64 15
6  75 91 42 31 33 49
5  8 58 46 83 60
1  25
6  48 54 35 79 88 24
2  10 71
1  45
6  71 59 72 46 49 14
5  81 46 24 54 53
5  100 36 41 9 61
3  57 15 75
3  2 98 58
1  69
4  56 53 37 15
2  82 63
3  57 44 83
5  98 36 63 97 72
1  6
2  44 63
3  18 98 48
1  55
4  85 21 15 37
4  29 61 39 91
6  96 35 80 77 32 16
3  29 87 42
3  19 86 97
4  4 95 12 19
3  71 3 70
6  40 27 13 100 65 4
6  60 39 77 36 71 93
5  99 79 16 34 98
1  31
4  5 25 74 23
5  44 26 43 28 65
5  41 65 33 44 61
6  82 38 28 52 30 2
4  9 17 85 6
2  15 68
2  39 41
3  12 85 71
4  12 35 23 53
6  56 96 61 48 78 98
5  30 28 76 81 37
6  65 43 11 79 10 33
2  51 77
2  35 47
5  46 82 5 98 81
4  94 41 8 72
3  82 2 66
4  82 2 50 46
3  60 25 54
6  42 4 69 70 38 16
4  84 97 57 82
5  17 76 19 24 48
4  6 49 23 63
2  25 12
5  69 72 100 22 64
3  26 32 12
4  47 63 48 44
2  29 21
3  5 40 60
4  97 65 100 19
2  30 44
3  6 12 10
1  34
5  47 59 5 58 23
4  21 70 95 41
6  16 76 3 55 36 52
1  55
5  27 84 13 66 90
2  76 95
4  49 41 17 53
6  39 4 19 9 99 59
1  14
3  9 69 71
4  20 71 18 90
6  2 3 63 91 28 38
6  86 26 2 39 24 41
3  43 50 41
1  56
4  36 65 24 7
2  44 77
3  33 74 47
3  37 63 74
2  48 60
3  50 98 70
6  40 13 80 14 95 35
3  60 58 56
6  1 32 33 34 6 79
5  42 16 32 15 37
5  75 84 29 72 54
2  12 66
4  92 79 54 26
2  14 84
5  1 84 15 33 18
2  12 87
4  28 19 77 65
6  51 48 27 22 2 46
2  67 5
2  46 58
3  74 72 33
4  72 17 5 34
6  17 21 53 44 39 29
1  37
5  57 63 1 58 9
3  25 13 59
5  71 8 44 42 41
1  14
4  73 19 91 65
3  11 18 79
3  47 87 26
3  49 27 1
4  61 25 71 19
6  41 26 39 83 67 40
6  23 13 15 14 77 49
2  94 27
5  40 14 60 66 56
1  92
4  66 52 81 36
5  76 77 96 15 60
4  55 56 85 67
5  98 44 19 22 38
3  96 77 59
4  43 15 64 34
5  30 85 53 66 55
2  43 51
3  2 13 97
4  97 64 28 95
1  47
1  44
6  12 21 52 66 63 67
2  96 38
4  81 90 25 36
2  67 87
4  69 99 57 27
6  20 55 90 26 2 6
5  94 17 90 45 83
4  12 13 49 72
2  39 96
4  56 63 51 16
2  50 72
4  46 91 12 36
2  13 41
6  6 58 77 51 41 29
4  53 77 11 24
1  50
2  71 5
5  22 20 13 71 92
5  17 83 81 52 99
6  92 86 100 50 62 90
6  12 42 67 23 66 72
5  85 42 77 66 63
6  78 34 88 47 50 70
2  2 69
2  93 54
2  43 16
5  32 5 82 74 71
1  39
3  76 24 85
4  89 48 49 67
5  37 14 31 6 41
2  75 62
2  29 82
5  44 51 99 49 32
5  20 36 12 62 35
3  65 24 94
1  90
5  49 3 6 55 43
3  30 5 62
4  86 29 1 36
2  50 68
1  69
1  12
2  16 47
5  80 70 93 59 44
3  61 50 96
1  86
2  8 48
5  94 77 83 30 5
2  97 5
1  1
1  32
1  63
1  96
2  78 88
6  22 29 51 71 24 55
4  48 63 4 30
4  80 13 85 45
5  89 46 82 5 77
6  67 84 94 99 61 82
6  82 10 39 53 34 93
1  82
4  12 11 92 24
6  76 68 77 65 14 58
5  90 56 36 73 50
3  34 31 23
1  41
4  68 74 54 77
4  9 89 66 19
5  89 14 57 90 21
5  48 90 60 4 25
2  53 59
4  84 81 82 24
3  50 97 95
2  52 4
1  17
2  94 6
3  50 63 26
5  33 74 60 92 77
6  24 30 43 90 13 71
3  65 20 33
4  45 84 63 59
1  86
4  6 21 1 69
3  71 1 20
2  93 97
1  17
2  56 6
3  79 77 74
3  96 7 3
3  91 66 99
6  51 97 72 65 18 22
4  38 52 59 34
4  75 59 21 81
6  100 57 71 44 53 78
3  94 68 12
6  58 62 42 54 33 93
2  51 15
6  88 66 43 21 31 18
5  52 98 77 51 55
3  95 7 25
3  100 92 51
6  50 13 33 3 45 26
2  95 40
1  83
1  49
1  36
4  83 87 63 60
3  18 7 32
2  31 72
2  23 15
5  35 48 75 79 74
6  74 13 2 57 19 50
4  54 16 43 41
5  2 79 96 9 10
2  39 82
3  62 4 57
2  38 5
1  17
5  3 90 91 4 47
1  54
1  63
5  48 3 47 50 82
3  58 91 61
6  72 3 58 76 60 90
1  64
6  29 42 99 19 32 3
4  41 56 70 3
2  18 6
5  68 87 13 26 78
5  22 50 76 80 25
3  70 37 99
4  66 41 65 84
5  67 49 13 23 19
1  47
3  22 18 4
1  31
2  86 5
4  36 80 31 61
1  100
6  15 66 63 55 30 47
2  96 95
3  19 14 54
4  50 76 83 54
5  14 83 70 18 34
1  98
4  65 13 63 62
2  28 25
5  58 71 7 54 66
3  72 79 100
3  29 75 19
5  58 33 64 27 50
6  32 48 60 97 61 23
4  87 51 83 68
1  53
5  62 19 21 33 98
2  69 26
6  88 7 52 20 71 79
5  67 11 18 27 7
5  50 65 100 47 33
1  100
1  69
2  28 2
1  48
5  41 42 57 47 93
5  17 72 46 84 82
4  11 89 41 60
4  5 60 100 37
5  99 44 36 17 72
3  32 19 7
5  60 64 19 53 40
3  25 86 19
1  49
2  95 89
6  48 94 47 31 14 46
5  50 62 46 87 93
4  94 65 25 57
5  77 97 18 2 82
3  8 31 64
1  20
4  49 13 98 95
3  12 40 18
4  2 64 48 95
2  41 59
4  97 42 30 93
4  31 75 94 38
1  58
3  25 9 88
3  7 83 81
2  23 99
5  25 63 26 19 92
4  78 44 63 19
5  56 78 4 30 72
3  35 29 81
4  38 69 97 44
4  77 61 74 76
3  98 39 65
1  30
2  94 73
6  13 47 49 91 51 79
4  92 14 91 73
5  28 41 69 71 92
3  32 66 21
5  63 59 36 79 88
4  73 61 60 86
1  9
5  57 87 37 49 100
2  22 72
4  62 41 25 54
6  57 19 6 28 82 65
4  61 53 29 33
1  89
2  20 97
6  77 83 30 26 57 47
4  11 9 95 35
4  80 92 81 86
2  63 51
5  23 3 11 56 16
6  74 36 95 66 12 78
6  38 60 52 84 15 62
6  9 97 54 89 88 35
5  7 98 25 88 20
2  99 76
3  97 49 78
6  14 90 69 10 27 29
4  11 43 22 3
4  19 57 41 6
6  15 13 88 40 1 8
4  99 83 9 95
2  87 86
3  76 55 54
1  83
1  13
2  37 15
5  55 71 17 61 62
2  73 50
5  73 58 39 72 40
3  66 71 34
4  16 10 6 70
1  89
6  24 14 21 39 90 75
1  7
3  71 39 8
2  11 81
5  49 52 17 96 18
6  30 69 4 39 75 73
3  64 57 74
5  77 12 67 52 21
5  87 92 13 94 12
2  74 89
5  26 6 68 43 94
6  12 97 35 87 70 85
3  27 59 26
1  71
6  55 92 66 41 83 79
3  95 2 8
5  73 33 89 40 76
5  37 87 79 71 73
3  56 22 75
1  48
5  84 40 32 76 6
5  58 84 7 52 85
1  35
4  47 23 98 22
1  34
1  83
1  82
2  60 4
1  74
4  82 58 91 14
2  97 86
6  81 92 43 66 6 77
2  53 100
2  75 5
4  83 88 57 64
2  17 67
2  90 18
1  48
1  18
5  5 4 71 85 96
1  51
1  89
5  53 89 93 28 46
1  80
1  74
6  19 41 20 9 59 25
4  67 43 36 71
3  6 56 41
2  7 42
1  80
6  95 72 22 88 18 32
5  20 5 65 39 46
6  48 4 9 70 51 39
3  96 45 97
3  63 3 78
5  82 72 65 54 94
4  71 25 19 91
2  83 29
5  68 77 79 76 80
3  27 19 89
2  63 85
4  26 87 37 95
5  8 60 21 2 11
6  26 30 82 56 13 11
2  80 87
1  55
4  56 81 84 44
1  47
2  62 73
1  98
5  83 6 27 4 7
3  95 33 67
5  88 79 87 18 58
5  25 13 40 81 94
2  24 97
5  52 58 43 67 56
1  49
4  37 52 67 74
3  100 40 22
6  19 9 4 76 83 29
6  22 9 82 45 33 78
1  85
3  58 51 91
5  99 51 4 50 18
5  96 17 18 4 35
2  7 11
1  35
6  30 44 80 74 76 58
6  61 93 45 11 84 12
1  34
1  59
4  93 54 68 10
5  71 45 97 78 55
1  13
4  34 56 33 7
2  91 95
6  83 40 2 66 52 11
6  67 69 52 60 22 19
5  93 90 13 89 68
5  93 80 20 26 35
4  32 67 43 27
4  26 66 60 92
2  70 92
6  39 43 60 62 11 53
4  24 41 19 91
2  99 11
4  34 63 90 100
1  16
4  32 82 17 24
6  86 16 82 24 58 25
6  20 36 71 59 77 90
3  9 89 60
4  22 57 21 28
5  78 60 54 94 84
4  80 99 34 4
4  58 88 76 93
2  47 52
6  37 1 8 25 60 75
3  82 31 67
1  3
3  69 56 39
4  8 19 51 41
2  7 99
1  82
6  32 28 43 31 65 44
3  89 3 14
3  84 44 1
6  47 46 62 2 84 14
1  2
4  51 24 70 49
2  52 40
4  80 83 95 44
2  33 32
2  47 66
1  90
4  5 36 12 67
3  96 80 48
6  44 98 20 14 46 52
4  86 15 44 69
1  88
6  42 20 23 89 85 35
5  52 40 14 63 6
4  59 86 99 55
2  96 75
3  42 27 8
2  41 52
6  50 39 90 92 58 13
5  43 47 58 94 87
5  57 92 23 15 78
2  70 8
2  45 50
4  71 57 86 12
1  81
4  47 71 54 4
5  34 47 30 92 41
1  63
6  8 86 12 85 7 82
6  24 26 42 82 97 99
4  9 7 47 70
4  18 23 57 100
4  3 29 48 43
3  11 40 51
6  52 36 2 33 28 25
4  70 7 56 68
5  64 75 20 33 27
3  56 84 37
1  87
4  60 30 9 70
5  60 66 21 95 67
4  23 92 13 99
5  60 71 31 34 91
4  61 28 20 44
4  32 30 29 92
4  37 62 29 97
2  49 91
6  2 14 86 5 84 82
4  55 12 97 45
5  58 72 95 1 36
2  31 64
2  90 1
5  18 97 6 67 88
6  68 1 84 82 6 63
5  22 74 67 66 50
2  38 45
2  73 71
4  36 89 45 37
5  62 34 74 28 21
5  96 22 57 77 27
2  39 97
3  13 63 11
4  86 48 7 10
2  78 64
4  67 8 93 35
5  26 8 98 46 80
6  68 37 70 95 60 8
6  5 21 53 15 83 39
4  89 48 83 67
1  38
2  19 30
5  89 55 75 86 1
4  79 68 91 48
4  51 56 53 55
5  6 70 58 44 32
3  92 14 3
4  46 21 82 13
1  37
6  95 38 42 74 6 33
2  68 83
5  21 37 52 26 6
1  70
3  56 61 51
5  63 3 15 84 28
6  21 15 88 58 57 61
4  89 82 30 71
4  50 8 9 75
1  18
3  51 74 4
1  43
4  4 58 50 87
6  42 7 100 30 65 57
6  27 45 72 56 16 29
1  24
3  80 37 54
2  87 27
2  88 69
6  91 27 43 78 11 85
6  11 15 49 67 5 75
1  76
2  28 5
3  51 41 15
6  95 39 74 21 66 61
6  60 52 16 3 30 27
6  15 38 2 63 4 6
3  16 82 69
3  86 4 93
2  19 80
2  58 53
3  24 14 32
5  65 48 86 95 75
5  9 12 74 72 16
5  9 31 62 78 74
3  81 67 74
6  46 95 57 99 37 80
1  69
4  77 16 48 71
6  20 79 2 94 50 17
5  59 48 35 37 22
5  17 88 57 34 52
5  33 88 53 44 57
1  21
5  63 91 62 83 70
4  76 20 81 50
5  28 84 15 50 67
2  37 23
3  71 74 21
1  62
5  47 18 89 67 90
4  58 51 33 27
1  9
3  95 58 25
2  42 39
5  8 71 30 19 78
1  39
5  65 13 27 82 1
6  71 51 50 22 84 77
3  92 23 30
3  47 52 90
6  23 97 57 31 27 75
1  30
1  89
6  26 16 76 8 47 77
4  69 60 34 4
4  56 34 99 3
6  89 9 85 45 39 12
2  48 41
2  37 35
4  52 11 82 59
4  59 16 25 18
3  29 69 5
4  68 7 48 56
6  57 41 39 95 52 58
3  93 89 79
2  45 30
3  27 89 94
6  5 19 3 54 48 71
4  10 38 65 57
6  60 13 34 98 8 86
4  51 79 44 29
1  88
4  43 15 48 36
6  52 55 2 5 73 63
1  11
2  68 4
6  81 38 85 89 24 39
3  2 83 68
1  71
2  49 85
5  85 27 40 87 32
3  59 94 52
5  21 20 74 7 100
1  91
6  35 30 28 37 13 96
3  83 22 92
5  97 77 52 23 16
3  54 57 97
3  8 66 68
2  39 75
2  50 66
1  85
6  43 21 8 38 64 90
4  55 57 56 32
1  79
3  46 32 3
3  79 11 8
3  38 47 20
4  96 86 80 81
5  23 1 88 60 64
5  20 19 34 76 50
3  54 97 87
6  100 29 63 10 37 8
3  83 28 12
5  14 92 59 94 60
5  74 24 58 93 43
6  68 93 32 21 89 19
1  88
3  68 98 84
5  46 67 4 58 45
1  49
1  10
4  63 91 36 87
3  28 29 39
6  21 71 17 10 89 22
6  37 89 95 21 65 41
6  68 98 32 85 47 36
6  9 98 84 45 85 32
5  13 70 68 33 40
6  42 29 6 39 65 95
3  86 59 74
5  27 72 4 11 18
3  4 27 37
6  71 21 19 43 33 88
1  66
2  94 8
4  100 47 20 94
5  5 52 55 77 78
2  81 89
3  19 92 70
4  80 40 76 98
5  9 86 92 75 13
6  82 68 85 29 87 79
1  92
2  63 69
1  89
3  97 32 68
6  1 23 67 41 98 65
2  7 50
1  81
4  100 63 30 85
6  17 64 100 8 94 63
5  2 51 25 98 82
6  86 82 14 53 23 12
1  45
2  67 59
6  29 59 61 58 44 52
5  7 52 82 100 14
4  2 64 82 99
3  73 84 27
6  36 49 98 53 94 15
2  52 13
3  11 74 6
4  25 80 61 76
4  60 90 19 62
4  100 60 98 73
3  25 59 80
5  56 33 67 71 52
2  83 99
2  57 4
5  81 83 42 57 44
1  47
4  63 99 61 23
6  34 67 21 92 46 94
3  78 60 17
2  78 100
2  6 56
2  88 37
1  30
6  57 31 40 19 94 39
5  17 35 13 83 56
1  28
3  51 6 9
5  35 86 67 62 92
2  93 79
4  6 9 53 63
3  93 81 33
2  61 49
4  73 32 22 77
4  70 28 65 79
6  99 64 62 60 56 84
4  35 43 58 96
2  82 88
1  14
2  62 63
6  35 94 6 11 53 76
3  18 54 33
1  18
6  76 74 78 28 8 20
6  50 15 5 32 3 6
3  22 68 8
1  2
1  12
1  55
6  50 73 41 82 88 59
5  64 32 53 91 40
5  76 90 87 81 21
6  87 66 11 54 74 16
4  76 28 67 31
1  17
1  56
6  91 15 74 54 47 26
3  86 97 21
5  84 2 96 73 88
4  83 42 35 99
6  10 27 64 40 41 81
3  96 79 32
1  52
6  57 77 31 43 74 51
2  57 52
1  30
3  74 13 82
1  12
5  18 38 42 58 79
2  100 75
1  32
6  52 17 41 29 48 83
1  98
6  59 50 13 89 86 1
5  94 13 48 11 50
6  69 28 12 68 2 100
6  63 17 27 92 64 10
6  61 10 52 11 22 41
6  7 42 69 1 54 17
1  4
1  80
2  18 48
2  29 47
2  92 64
3  83 27 56
5  88 65 28 98 86
5  97 93 9 66 63
5  4 66 89 83 97
1  31
2  34 77
3  26 40 95
1  67
3  84 54 14
1  52
6  80 49 92 89 14 85
4  96 88 17 84
5  13 89 1 43 23
5  92 48 18 86 56
6  35 40 38 49 51 90
3  30 38 40
2  51 24
5  47 12 85 31 82
6  20 82 40 42 60 31
6  77 16 45 61 51 84
6  100 35 88 48 64 25
6  82 76 11 50 22 34
4  4 31 71 86
5  13 45 1 2 22
1  47
5  67 31 80 65 14
2  92 1
1  67
1  60
6  34 94 40 37 25 11
2  95 23
5  95 25 88 11 71
5  78 1 50 44 66
1  58
6  7 59 5 74 71 64
4  4 57 1 41
5  12 63 76 35 30
5  59 18 81 30 87
4  31 36 3 96
4  60 90 59 19
6  32 89 58 93 92 15
6  33 96 5 71 39 25
3  98 43 21
2  30 79
4  65 81 53 17
3  43 75 59
3  7 48 95
6  40 9 93 72 5 97
5  75 36 93 15 33
3  36 59 64
1  16
2  95 69
3  36 12 20
6  48 27 42 43 26 81
4  18 53 56 14
2  31 49
1  45
5  47 80 40 11 94
4  39 89 24 84
2  35 4
2  83 30
4  25 56 41 77
5  94 32 87 13 62
3  25 7 17
5  87 56 82 81 12
2  69 35
1  94
5  7 12 52 37 72
5  92 13 53 65 6
6  51 19 46 86 44 53
1  15
3  58 96 19
5  16 88 4 19 81
5  26 93 25 63 64
1  54
5  54 19 82 38 69
6  83 55 44 35 57 58
5  15 54 92 84 69
5  87 88 60 14 52
5  76 16 84 30 92
3  48 74 75
1  74
4  71 17 93 27
5  66 41 27 58 24
6  37 10 84 97 69 48
4  73 64 37 2
4  74 50 29 48
4  2 5 35 18
6  62 92 63 2 19 20
2  14 56
3  98 52 4
6  100 56 66 64 92 68
2  65 17
3  13 82 49
2  17 66
1  78
4  76 80 95 4
6  51 39 87 3 42 81
1  98
3  66 89 14
6  54 31 66 12 79 83
2  45 97
1  2
5  85 77 67 88 66
2  27 53
2  68 33
2  65 80
6  54 93 71 7 23 2
5  35 80 55 62 24
4  67 25 23 51
1  90
3  68 7 66
2  27 33
4  48 98 32 35
4  25 6 59 48
1  31
5  87 86 43 10 36
1  35
4  61 36 48 100
1  55
4  23 81 98 76
2  95 7
4  47 32 69 5
5  76 35 60 62 21
1  72
4  12 6 15 73
3  62 72 45
1  36
5  96 34 43 24 29
3  87 75 81
4  79 60 30 14
2  92 34
2  63 90
2  68 4
1  10
4  77 54 82 13
2  78 46
4  2 74 13 88
3  94 43 27
4  73 41 72 64
5  92 26 65 25 94
5  30 3 34 6 57
1  19
5  93 64 41 94 38
4  82 86 47 24
1  100
6  53 71 60 27 63 86
6  87 79 60 17 82 93
2  38 8
3  15 1 4
4  94 42 9 75
2  56 99
3  56 95 92
2  54 19
6  39 10 75 18 69 91
6  61 13 36 69 53 51
5  57 7 63 98 16
3  25 72 36
4  27 30 54 52
6  72 40 23 81 14 49
1  38
1  17
5  79 70 25 48 26
2  10 24
3  48 49 18
5  11 44 13 65 96
6  37 35 18 17 49 58
4  53 95 76 69
5  55 39 94 2 65
2  12 88
5  59 36 89 42 47
2  54 11
2  50 47
4  68 64 10 25
2  63 20
1  31
6  60 70 82 62 34 6
5  22 77 33 58 66
5  4 98 28 15 25
5  62 87 44 26 97
5  55 59 87 60 90
5  20 59 57 81 92
4  54 13 39 86
5  4 60 74 1 87
6  26 64 50 12 8 75
1  75
2  67 62
6  56 37 9 15 93 90
1  55
3  19 94 30
6  98 89 63 99 76 51
2  40 1
3  47 75 44
2  5 10
5  94 66 20 3 81
1  92
6  68 36 6 62 65 94
4  53 57 58 29
1  81
5  7 17 14 82 60
3  87 70 18
5  36 38 83 16 51
5  2 18 10 7 80
5  1 39 28 57 96
4  64 76 24 71
6  37 53 52 72 39 21
6  19 56 28 2 71 78
5  73 96 86 79 75
4  79 13 87 35
1  43
6  84 66 69 76 3 21
2  74 59
3  64 78 5
6  79 76 69 55 48 64
3  26 39 1
1  51
6  39 59 31 37 43 96
1  19
6  25 46 72 84 94 36
4  98 26 41 73
6  96 20 58 36 46 37
3  47 25 88
1  55
2  48 50
2  66 48
4  11 20 37 4
4  98 2 81 38
5  74 33 95 31 69
3  27 6 89
5  30 77 78 84 1
2  34 29
6  81 83 100 1 19 4
4  17 5 35 55
5  9 88 74 40 57
1  66
4  2 38 92 79
1  75
5  40 9 8 29 89
6  28 90 9 32 44 26
3  79 81 15
6  68 89 27 25 1 92
6  3 30 77 81 45 52
4  84 60 68 13
3  58 40 38
4  71 82 92 7
4  72 22 46 40
1  72
4  11 64 50 14
6  27 94 39 78 54 23
3  21 35 87
5  75 24 44 46 5
3  53 64 7
5  10 47 84 82 11
6  46 60 8 39 87 1
5  65 55 99 2 75
2  88 53
1  12
6  53 16 32 5 80 39
5  90 85 62 71 95
4  17 55 63 41
4  32 5 19 31
1  94
4  95 46 72 6
3  25 22 74
2  2 12
1  91
6  70 62 91 26 78 46
6  33 87 53 64 92 71
6  99 64 59 93 10 30
6  52 54 20 25 83 21
3  90 11 33
4  72 24 85 50
5  74 82 56 26 45
3  96 39 45
4  97 38 70 27
3  22 80 55
3  63 76 83
4  87 16 12 59
3  97 8 70
6  63 96 34 10 92 73
4  51 70 93 21
6  28 42 76 83 88 38
4  71 91 45 86
1  3
2  99 10
2  68 98
6  63 32 5 54 4 59
1  73
4  26 69 79 67
3  61 55 82
2  25 72
4  11 73 66 35
5  75 66 39 73 60
1  4
4  56 7 23 61
5  74 86 48 53 91
1  7
5  32 44 95 42 16
4  77 88 35 42
2  7 2
2  11 66
6  17 89 44 97 63 30
3  15 82 35
2  89 6
4  20 49 55 62
4  15 39 52 49
5  79 56 83 6 66
3  90 82 37
3  78 100 63
2  15 45
4  43 33 62 2
4  11 57 15 75
5  54 27 19 34 5
5  16 11 40 64 1
2  1 34
6  1 97 21 15 42 76
4  75 37 59 28
3  15 42 22
6  96 49 4 29 54 78
3  64 17 8
4  38 9 98 37
1  95
4  23 36 32 79
1  69
3  37 15 52
5  36 74 84 40 3
3  18 47 1
3  54 65 72
4  63 9 71 57
4  93 92 98 72
1  66
1  38
5  60 17 15 95 91
6  35 93 52 39 36 86
6  100 58 54 62 67 24
2  32 17
1  29
6  12 94 96 50 73 55
4  88 50 56 86
6  49 21 36 87 56 79
4  79 33 18 45
4  36 76 73 47
1  61
4  98 56 7 71
1  73
4  60 29 44 78
4  79 64 21 100
3  76 78 75
6  23 32 29 99 4 75
1  64
2  100 20
3  71 30 13
2  90 41
5  33 18 37 12 82
4  11 24 33 89
6  26 11 30 55 9 34
2  11 98
4  11 17 1 82
3  13 10 37
4  82 69 72 19
5  54 75 90 77 7
5  76 32 89 6 86
6  39 15 8 37 76 19
4  77 1 90 10
3  43 92 5
1  10
6  68 85 75 44 91 53
2  23 41
2  9 38
4  24 46 1 100
4  54 76 65 75
6  8 67 95 22 76 79
6  60 53 33 51 5 74
3  77 83 84
3  6 30 41
1  94
6  81 59 48 46 34 37
4  100 31 75 76
1  64
3  62 96 86
4  49 60 12 25
3  96 66 48
2  7 53
2  1 34
5  48 79 10 85 33
1  15
1  84
2  71 19
6  67 5 52 15 64 40
1  59
1  53
5  12 5 100 38 77
4  16 86 43 49
6  58 56 79 82 26 98
5  93 2 19 7 66
5  46 71 40 51 23
2  62 27
2  74 64
6  33 80 84 75 28 79
2  83 57
1  9
4  82 1 56 100
1  21
5  53 92 21 4 14
3  66 40 65
3  4 63 71
5  47 46 11 25 79
6  82 93 2 36 74 92
5  9 13 55 62 4
5  65 17 18 30 57
5  69 60 45 40 43
6  85 53 15 63 46 97
4  47 33 30 49
2  4 57
3  58 18 40
2  83 57
4  13 14 33 81
5  77 20 16 67 5
5  82 68 14 78 23
4  10 53 8 34
4  65 70 13 82
1  46
4  67 97 77 80
2  57 53
1  77
5  71 82 36 52 49
3  30 72 9
3  24 17 73
5  81 43 92 63 52
3  27 18 34
1  97
4  61 50 67 37
2  37 18
4  89 67 3 19
3  12 58 61
2  31 40
1  73
2  72 24
5  99 42 3 2 39
4  62 88 31 98
1  67
1  59
4  82 61 74 20
5  31 80 100 62 20
1  34
4  80 58 19 78
6  22 79 37 86 40 25
1  38
2  83 54
6  38 36 49 12 55 20
3  35 20 4
4  28 37 4 7
6  23 84 93 45 63 29
2  2 54
3  40 83 28
6  70 65 29 19 77 84
3  19 18 57
2  72 85
4  76 91 53 99
5  45 43 37 74 72
3  27 17 79
1  44
5  79 9 100 97 86
5  35 4 1 92 26
5  76 85 48 66 37
3  41 82 88
5  55 60 16 82 76
6  90 20 65 69 29 66
1  48
6  18 48 92 44 20 67
2  68 33
4  13 73 47 100
3  2 60 65
5  35 59 73 55 23
3  83 87 7
6  35 7 14 83 98 57
1  65
6  69 98 50 82 71 96
5  20 97 41 85 79
5  43 51 30 66 92
1  53
6  9 87 5 23 69 2
5  71 67 64 40 14
2  34 9
1  54
1  43
3  85 18 82
3  47 28 60
6  26 68 86 30 91 54
2  70 25
6  34 64 62 47 85 96
4  87 50 61 29
6  46 70 81 93 16 8
4  15 33 20 1
4  10 55 94 80
5  92 13 43 54 60
2  49 15
1  99
5  43 86 21 89 56
1  81
5  8 32 87 41 51
6  3 61 41 97 40 20
6  52 63 41 11 90 26
1  88
1  47
5  22 35 29 23 15
6  31 47 86 71 98 73
5  58 14 69 98 33
4  50 96 98 61
6  87 86 89 75 35 49
1  70
5  31 84 77 61 63
2  28 35
1  86
3  73 83 82
2  32 77
2  93 62
1  78
4  88 65 85 36
5  55 13 3 38 90
4  69 52 93 96
6  97 82 35 69 64 17
6  96 93 25 88 54 38
4  5 26 30 89
4  3 44 74 5
5  63 67 50 15 60
3  2 57 26
3  25 90 53
2  86 45
3  74 99 85
3  3 10 70
6  71 72 35 45 76 16
1  43
4  22 3 10 23
4  36 59 84 26
1  7
1  57
4  85 55 38 24
4  48 94 50 18
4  85 62 41 100
5  83 65 91 86 75
1  44
1  72
2  35 83
2  46 39
6  30 94 24 54 52 71
3  1 89 12
6  51 53 85 20 36 50
1  21
2  22 64
2  94 90
5  77 23 13 15 8
3  9 32 97
4  2 44 61 91
4  46 41 8 31
4  43 80 69 63
1  91
2  36 84
1  4
4  38 16 75 46
4  84 77 55 44
5  98 4 69 53 50
1  60
5  69 2 60 37 65
4  28 91 99 12
1  2
5  44 17 46 90 76
2  67 30
5  45 28 76 13 81
2  22 40
1  91
3  65 27 6
2  55 97
2  66 2
2  37 46
3  82 35 18
1  1
3  83 46 76
4  59 56 84 81
6  90 71 38 54 98 44
5  52 40 5 17 42
2  53 87
5  35 22 91 46 23
3  28 68 15
6  26 70 71 6 66 60
5  3 13 73 46 93
2  85 98
3  27 28 94
1  1
2  34 92
5  56 31 2 24 45
6  49 15 58 55 80 18
2  82 31
1  28
2  28 13
2  69 39
3  62 51 49
6  85 41 64 71 65 16
4  13 30 10 68
1  27
6  91 57 1 18 80 28
2  100 96
5  48 58 20 96 4
3  11 45 7
5  9 22 27 21 51
3  88 60 64
6  50 21 86 68 1 14
6  1 10 66 48 67 86
3  15 90 80
2  34 87
6  42 9 27 63 60 64
3  19 28 35
5  49 21 36 35 33
3  44 99 97
1  84
3  25 73 20
3  7 50 48
1  77
1  74
3  60 92 68
6  61 16 96 65 50 29
1  93
2  10 4
1  50
2  84 70
5  90 76 27 37 91
1  47
4  43 6 56 10
1  17
2  16 12
6  65 41 2 58 68 12
4  78 61 88 62
2  65 51
1  92
6  98 94 34 61 36 40
2  45 40
2  70 55
3  59 19 85
4  76 52 72 37
2  33 25
6  64 89 41 70 80 29
4  74 62 28 9
1  45
4  42 78 24 96
2  83 15
1  43
6  58 14 27 87 47 51
5  10 40 19 79 20
3  46 93 9
5  2 10 18 56 52
6  80 47 17 62 23 4
4  80 18 79 67
4  30 45 74 70
4  53 89 9 98
5  18 72 84 28 89
3  79 83 19
2  99 80
6  22 84 38 2 17 68
4  47 13 40 16
5  92 5 84 90 87
1  61
5  28 49 10 6 32
2  31 9
1  52
6  55 53 94 72 21 59
2  33 98
2  8 90
3  91 79 24
6  40 95 19 88 4 25
2  32 55
4  40 72 3 32
2  55 25
6  76 84 15 9 81 48
1  71
6  7 49 9 99 88 3
2  76 7
3  96 38 46
5  68 48 9 93 3
3  90 79 17
1  87
6  52 3 68 36 10 17
3  8 5 47
2  80 53
4  75 91 62 21
5  29 68 78 22 71
1  12
3  28 16 36
2  67 39
6  2 48 10 47 56 14
6  81 94 46 47 69 37
1  89
1  37
4  82 59 27 93
5  75 20 85 10 45
4  48 38 53 96
3  99 52 60
6  32 53 38 78 22 74
6  10 79 23 66 61 81
6  54 50 67 74 34 77
2  84 24
4  36 20 3 35
5  63 26 3 16 81
3  37 66 46
1  88
1  77
5  4 30 18 70 3
4  46 21 35 70
5  71 90 79 5 60
3  30 63 57
6  43 93 30 9 38 45
6  49 22 64 52 51 82
2  54 32
5  75 66 37 51 27
2  41 86
5  71 49 27 64 91
2  93 99
4  38 95 5 59
4  57 10 40 79
4  72 46 38 83
6  74 9 17 15 95 87
6  43 13 48 34 32 41
2  88 78
2  93 37
6  50 46 26 28 9 98
5  46 36 56 33 9
4  50 24 60 37
1  2
3  56 36 81
6  68 73 95 60 9 81
1  55
1  37
4  4 10 8 40
4  41 48 31 91
5  90 28 79 92 77
3  27 57 29
6  25 2 89 84 11 70
6  65 76 29 28 80 38
3  19 4 76
4  34 67 38 23
6  16 15 71 50 41 27
5  35 51 81 24 91
6  27 55 68 56 82 47
6  18 65 97 93 31 30
4  68 53 54 84
4  24 34 8 50
1  42
1  92
4  36 82 57 62
3  25 18 19
5  10 36 7 29 67
3  89 35 42
2  55 65
4  62 15 63 4
1  55
5  51 37 25 13 73
3  30 92 21
3  28 56 46
4  23 82 45 57
5  86 75 24 51 25
6  65 88 89 80 42 57
2  79 82
3  52 31 73
3  51 12 71
1  58
2  29 39
5  86 8 57 60 32
1  85
1  72
5  5 51 14 61 82
6  42 25 43 72 97 86
2  9 56
2  66 82
4  5 53 43 12
1  3
3  15 87 60
6  58 64 37 72 25 19
4  66 43 6 38
3  91 61 48
3  90 14 28
3  19 81 91
2  89 93
5  3 79 32 89 37
6  26 8 20 44 71 86
6  77 24 26 68 84 73
1  74
6  42 21 5 22 11 35
1  3
1  14
5  40 2 18 35 28
2  55 71
6  41 57 72 65 82 40
3  55 54 22
3  95 43 47
1  53
5  27 56 89 40 38
2  42 55
4  69 80 18 40
5  58 97 47 22 78
6  70 33 40 92 74 35
2  20 51
6  1 78 42 89 18 79
1  59
2  79 28
1  97
5  88 54 63 35 76
3  21 46 73
4  37 47 95 70
4  45 56 68 23
6  56 40 77 73 99 10
4  26 23 48 93
1  2
4  45 77 96 66
2  69 26
4  16 20 28 82
4  84 49 88 81
1  27
4  78 25 67 29
3  90 76 43
6  77 98 45 54 94 10
5  62 36 34 77 55
4  59 20 45 8
1  25
1  33
5  90 58 50 18 8
3  93 50 38
5  47 82 24 41 92
6  2 27 32 79 82 94
3  1 38 45
1  63
4  41 45 47 98
6  64 6 32 57 55 70
2  2 52
3  42 43 49
3  70 81 23
4  74 61 52 11
1  59
5  63 100 17 9 98
1  72
1  43
2  58 12
4  60 64 5 2
1  53
3  76 33 68
2  6 29
5  16 34 37 89 96
3  6 4 34
1  76
3  58 4 94
5  59 53 33 63 55
3  16 100 14
3  68 40 53
6  18 69 29 54 58 24
6  63 27 23 78 3 59
3  6 52 5
4  5 37 27 59
5  42 58 90 26 30
3  21 47 11
3  1 69 72
6  31 99 13 9 1 72
3  7 23 49
5  28 86 98 61 40
3  51 29 69
5  71 89 26 82 38
2  50 10
1  81
1  29
6  9 100 33 16 23 81
6  50 66 84 36 27 23
5  77 52 48 56 22
3  82 4 75
1  53
6  24 34 92 53 22 1
4  54 17 75 35
1  24
6  86 60 27 9 39 3
4  86 59 82 23
3  85 97 49
3  81 73 71
5  25 93 73 77 46
6  51 81 91 74 80 77
2  7 86
5  10 45 58 68 26
5  9 11 77 57 48
4  29 19 53 11
1  30
4  90 80 37 81
4  17 57 87 23
3  58 33 87
1  100
1  95
1  24
5  66 72 27 94 90
4  47 1 56 76
4  45 55 94 26
1  11
5  95 34 24 52 66
1  67
4  24 61 74 47
2  40 18
4  33 7 14 80
1  69
4  65 14 10 59
3  18 70 21
1  3
3  64 69 56
2  35 79
6  9 25 22 48 42 80
5  49 93 60 57 62
1  22
5  25 80 15 43 49
3  55 52 80
2  21 35
3  55 14 40
4  38 62 10 80
3  90 29 35
3  86 97 64
1  72
6  87 86 30 35 21 85
6  1 3 8 36 52 62
3  91 25 87
4  34 67 94 24
6  28 73 81 24 36 87
6  23 73 81 53 8 2
3  95 2 39
1  38
6  63 86 81 87 72 33
2  38 26
3  33 53 17
1  77
4  99 72 75 53
2  79 54
4  73 56 3 74
6  92 37 78 73 24 50
1  45
6  30 89 20 83 6 32
4  58 31 32 2
5  59 80 37 22 53
6  24 27 85 16 64 63
6  87 12 93 32 99 23
2  18 5
2  50 64
5  80 94 15 82 77
5  62 13 95 15 4
2  41 89
3  4 51 23
6  63 15 23 61 37 43
5  42 69 29 6 51
1  99
4  90 75 38 52
6  33 66 91 52 7 79
6  10 30 9 1 92 23
2  53 60
4  32 2 34 61
1  85
5  6 50 59 81 88
1  68
2  76 58
5  82 37 57 92 67
4  92 58 89 15
1  48
5  43 50 15 3 56
6  71 62 48 30 42 36
3  9 56 16
4  27 97 4 84
6  70 49 80 28 37 95
3  85 76 81
3  90 83 88
4  51 36 83 92
5  23 1 26 38 67
4  34 71 36 22
3  84 2 68
2  97 6
1  72
6  38 61 68 27 49 22
5  85 4 69 55 27
5  81 64 36 33 98
1  68
2  45 52
2  12 72
2  18 76
6  3 13 51 71 40 99
6  17 83 96 85 38 22
4  18 86 89 50
6  94 18 4 39 69 25
4  40 43 68 15
2  70 28
5  40 68 81 31 84
4  27 68 100 48
2  18 34
1  68
1  3
6  20 41 53 44 92 93
6  59 7 18 29 35 99
5  2 79 99 85 42
2  53 42
5  74 59 6 83 26
2  86 11
3  27 64 86
2  56 72
5  62 90 5 96 88
5  98 67 71 82 8
6  35 50 69 9 75 91
3  97 77 45
3  3 8 24
2  63 96
6  25 85 1 20 73 18
3  44 100 47
3  34 97 9
3  5 83 33
3  79 10 83
1  12
6  41 33 52 36 29 77
2  30 96
6  3 14 32 47 13 79
6  46 75 94 88 79 76
2  17 55
2  100 71
3  89 12 74
3  47 2 17
5  32 13 60 34 26
6  80 39 70 66 85 45
4  72 23 36 92
3  90 21 39
4  62 28 72 35
5  19 37 85 86 69
6  46 2 24 37 82 62
1  47
3  51 7 18
5  42 10 13 31 30
4  91 92 79 63
2  47 81
4  32 67 29 12
3  53 49 16
1  55
4  60 5 68 77
5  10 86 91 40 16
3  31 8 21
6  34 67 73 98 99 39
2  28 51
4  80 99 78 94
4  40 53 58 8
2  36 17
1  27
4  32 69 87 39
6  79 73 57 52 70 55
6  99 82 42 62 61 40
3  54 93 79
1  51
6  36 87 3 52 13 60
5  82 46 21 71 25
6  27 77 64 82 68 63
4  9 24 48 63
5  40 42 84 91 28
2  77 31
5  90 91 53 71 36
5  42 61 67 69 37
2  50 4
6  12 13 16 35 60 78
1  100
2  96 90
3  15 67 79
6  56 69 38 26 5 11
5  65 78 35 2 7
6  6 99 96 18 14 31
5  92 43 77 11 38
4  59 53 33 38
3  88 6 74
1  11
6  81 75 62 16 77 68
6  82 67 96 100 80 27
5  71 69 54 82 7
2  40 60
4  77 96 40 83
5  54 93 55 34 68
1  49
3  84 49 27
3  44 26 29
5  3 100 39 56 82
3  76 21 5
2  98 1
5  81 71 21 74 25
4  41 3 86 24
4  12 74 94 37
1  64
3  2 3 95
5  48 70 4 53 97
1  53
4  83 24 84 56
3  38 97 88
3  82 12 90
6  85 84 30 87 47 68
6  49 62 72 97 32 76
3  28 77 2
6  60 25 75 15 73 12
1  61
4  93 72 41 86
4  24 15 43 71
5  32 19 45 3 16
5  78 65 3 55 66
6  15 91 68 29 64 80
3  24 30 33
6  70 18 51 94 33 64
1  25
5  59 28 98 35 6
4  37 61 29 31
5  19 98 4 83 77
3  6 7 76
1  77
6  52 70 26 46 34 41
5  16 100 98 14 34
1  76
5  64 5 1 38 23
6  41 6 75 84 11 82
4  12 58 54 63
2  80 8
4  20 79 77 19
5  91 53 79 67 23
3  71 23 80
6  21 99 95 5 10 77
4  21 34 18 84
4  97 92 23 17
5  100 35 45 90 87
2  57 9
4  28 32 46 21
4  66 20 47 71
2  23 34
3  57 52 33
2  48 24
3  64 93 40
6  37 29 86 61 95 27
1  26
5  34 77 38 53 23
1  81
3  42 30 2
6  62 20 41 85 60 5
5  99 3 14 28 88
5  13 83 1 25 8
5  59 85 10 11 8
2  91 53
4  21 55 52 83
5  92 67 33 96 44
2  99 58
4  87 32 70 69
2  95 77
1  53
4  14 64 69 31
4  21 89 75 41
4  48 33 24 81
2  67 11
2  24 68
1  55
3  82 87 33
4  90 86 19 3
3  87 34 3
1  23
5  83 63 34 31 96
4  11 24 21 51
3  89 64 3
2  46 89
4  4 79 45 23
5  93 10 15 96 17
3  73 99 100
1  30
6  64 40 18 88 61 69
3  49 32 38
5  78 26 35 82 5
5  4 86 72 13 100
4  30 37 40 29
3  46 58 30
1  97
3  97 58 16
2  7 48
5  82 25 95 16 6
6  95 10 84 66 23 32
4  20 71 81 55
1  38
6  26 35 31 23 92 47
4  98 94 23 80
2  18 95
2  16 89
2  100 55
4  83 86 8 3
4  88 57 74 25
3  100 60 71
2  51 17
5  49 11 99 28 29
1  23
4  32 12 86 67
3  15 53 48
1  10
3  73 83 60
1  82
2  84 4
5  1 79 18 11 78
3  39 94 69
6  25 81 76 57 47 17
5  99 64 87 8 60
6  58 73 72 76 56 75
3  57 54 63
5  31 9 6 24 77
6  49 58 72 6 4 89
5  3 52 63 11 51
2  1 8
6  73 84 49 48 29 6
1  91
5  32 99 78 56 76
5  5 33 47 10 37
3  86 40 87
3  51 37 69
4  44 63 24 28
1  71
4  17 72 47 89
1  45
4  60 21 41 65
4  87 74 90 21
4  30 7 80 43
5  31 87 38 54 15
3  25 70 65
6  16 53 1 61 20 60
5  60 24 35 46 98
2  66 57
4  73 64 33 16
3  63 3 77
1  17
2  42 87
6  38 3 43 63 62 97
3  21 79 67
2  3 33
5  56 5 39 89 20
5  52 22 54 68 39
5  9 25 68 47 27
1  84
6  72 81 34 93 2 12
4  20 14 91 95
5  95 34 59 15 11
1  37
4  78 75 44 87
6  12 33 26 22 17 16
6  97 49 86 99 60 44
2  74 35
1  44
2  45 2
3  56 12 81
2  89 56
4  76 55 75 8
5  96 24 89 21 44
5  20 4 18 37 78
4  49 22 81 94
2  24 49
3  5 69 24
4  32 99 14 6
1  95
1  30
6  90 51 33 63 70 37
5  7 14 32 55 35
1  48
4  35 97 92 40
4  15 99 98 13
1  4
2  7 5
3  96 94 99
2  57 69
4  37 75 79 68
2  14 79
5  72 14 74 63 54
3  78 52 37
6  65 40 10 71 44 58
4  38 57 96 95
2  61 32
6  39 100 28 53 79 4
2  93 78
6  46 17 64 97 53 55
4  92 64 32 36
2  98 74
5  93 69 3 53 100
1  92
6  28 44 77 32 67 70
1  53
1  26
1  11
5  72 70 36 3 5
4  1 79 35 93
3  37 46 47
3  37 45 65
5  22 97 48 91 6
6  6 31 17 16 9 88
6  78 23 90 83 80 62
1  83
1  50
2  54 87
4  99 52 46 21
3  93 12 55
6  17 86 9 33 94 96
2  72 19
1  55
6  100 16 12 83 24 62
1  78
3  76 77 100
2  97 49
1  9
1  6
2  89 15
4  82 11 78 54
2  88 8
2  87 24
3  69 47 99
5  24 47 55 100 75
6  96 89 5 99 94 31
6  9 89 69 19 67 22
3  54 30 74
3  53 11 10
6  10 89 22 57 43 3
2  18 98
1  22
6  100 53 83 8 41 51
2  7 73
5  61 2 46 54 57
1  53
4  99 75 23 42
6  26 59 13 24 64 35
2  63 87
1  71
2  53 96
3  25 69 95
2  15 97
5  72 7 33 38 6
1  61
3  3 86 5
1  9
5  49 28 32 36 30
1  63
5  98 7 67 92 33
5  88 13 52 95 46
6  100 52 50 46 54 35
4  69 44 19 18
5  50 53 1 52 16
5  49 13 89 16 5
2  96 93
3  48 88 79
3  87 31 33
6  22 83 53 66 2 71
3  52 24 37
1  39
2  52 8
5  57 29 63 49 62
1  37
3  48 23 71
3  56 55 39
1  21
3  78 57 92
1  94
6  40 13 47 92 21 14
3  49 77 97
1  87
2  51 34
4  22 68 11 77
2  50 84
3  90 62 1
5  63 95 76 3 7
2  94 28
3  42 76 12
3  86 98 71
3  32 26 58
6  37 34 22 86 18 66
5  80 66 56 43 60
2  46 67
4  40 94 89 81
5  100 19 56 98 90
6  29 16 50 28 52 84
3  38 2 15
1  81
5  69 24 40 100 7
4  8 1 41 89
5  41 8 25 39 97
1  68
1  67
6  64 50 44 2 51 59
1  32
3  83 55 79
5  24 86 34 32 75
2  56 15
2  80 53
2  97 20
3  63 15 100
1  59
1  63
2  15 94
4  97 49 35 79
5  20 13 5 6 87
2  61 1
4  41 54 77 37
5  12 99 89 11 47
1  74
4  28 67 20 25
1  55
1  89
5  15 93 80 1 17
3  2 69 80
4  45 16 29 57
1  17
5  26 64 81 99 28
1  66
3  32 82 1
3  70 75 49
4  54 50 80 94
4  49 73 7 93
6  36 50 4 53 18 29
1  99
2  44 6
6  90 38 75 91 72 45
4  20 8 70 87
1  21
3  86 27 28
5  62 77 78 14 95
1  30
6  34 73 100 28 63 37
1  54
1  47
2  28 54
3  98 41 52
2  75 37
3  2 11 7
5  88 21 74 94 50
5  28 23 66 55 85
1  57
3  11 4 58
3  58 96 35
6  48 53 73 84 97 75
6  3 54 82 23 27 76
5  94 3 95 60 58
5  62 15 18 72 19
5  10 76 72 45 74
2  97 47
1  94
2  97 75
5  20 1 53 92 95
4  87 54 14 67
1  28
6  87 46 60 96 22 31
3  96 49 37
3  51 30 63
3  27 38 24
3  38 77 32
2  24 86
3  91 100 73
5  86 19 34 82 40
4  21 35 12 58
5  63 87 40 9 14
5  33 59 15 10 96
3  42 20 32
6  10 32 60 85 18 78
2  99 18
5  20 53 93 77 29
4  64 69 77 45
6  36 60 6 32 48 52
3  35 61 69
6  46 87 73 63 86 90
3  5 42 37
5  71 92 46 39 56
2  84 52
4  44 57 89 49
1  40
6  39 1 56 33 46 42
1  9
2  95 52
2  36 89
1  7
5  58 46 35 80 30
6  38 73 43 26 22 47
4  8 85 67 63
2  13 4
2  21 31
1  73
4  51 62 74 58
3  32 3 76
1  33
4  49 5 4 74
2  50 40
3  35 7 97
4  19 1 72 40
2  88 13
6  39 74 66 96 15 98
6  90 9 31 51 57 35
4  31 61 4 71
6  38 77 91 89 96 61
3  21 48 47
1  86
2  79 82
3  76 80 24
6  10 75 41 45 29 72
1  33
3  100 70 19
6  59 14 81 20 48 2
5  95 14 53 16 93
3  50 69 14
5  53 24 48 94 69
5  65 75 9 7 74
5  25 65 37 38 45
4  86 46 24 81
4  76 97 53 11
3  21 24 20
5  48 68 66 17 44
2  91 52
3  65 31 61
2  68 99
5  24 85 19 47 66
5  23 62 31 33 8
4  57 27 24 4
6  90 21 38 19 11 56
5  20 16 3 88 15
5  11 100 94 57 65
5  79 27 4 11 35
4  67 61 79 71
4  68 91 93 87
1  83
3  76 3 58
5  90 73 54 100 72
3  56 37 20
3  63 24 46
6  78 12 58 56 83 13
2  73 6
1  74
6  51 50 91 8 27 80
5  80 79 52 28 35
6  47 69 51 70 15 48
3  26 6 4
1  19
2  82 25
3  56 13 87
1  3
6  32 82 75 12 61 26
3  95 14 85
4  64 55 78 12
1  4
2  6 12
3  33 94 61
5  49 73 55 53 75
3  85 57 24
6  17 49 34 11 63 19
5  27 74 52 38 76
4  55 82 67 91
1  61
4  82 9 24 36
4  99 85 46 55
1  42
5  57 75 82 19 94
4  45 67 7 83
3  62 38 24
2  29 37
6  80 19 97 3 54 59
1  39
1  56
3  46 26 3
2  7 22
1  62
4  81 69 50 23
2  87 46
4  16 83 47 95
1  44
6  55 2 99 93 6 40
4  80 43 71 87
4  84 49 31 65
2  80 87
3  67 33 6
5  15 52 77 16 96
5  70 98 73 63 4
2  2 55
1  44
2  93 8
1  41
3  74 58 18
4  5 85 92 10
4  7 62 42 22
4  16 92 55 89
4  58 15 56 13
2  100 38
1  8
3  55 46 20
1  64
5  17 48 71 27 14
5  88 56 98 45 71
6  99 59 43 57 74 69
6  98 6 8 5 52 62
4  72 75 14 50
6  62 20 17 75 97 5
2  95 50
1  84
3  60 27 5
2  25 74
2  22 79
3  27 31 97
5  2 71 91 52 62
4  72 79 27 68
5  57 63 32 46 80
1  72
6  50 96 58 77 18 36
1  45
4  8 21 69 79
1  20
3  63 91 19
6  59 2 46 21 34 3
4  14 19 38 98
5  34 55 45 52 91
4  96 58 65 16
2  43 28
3  83 91 36
1  80
6  3 26 15 37 28 81
3  47 18 15
4  2 60 3 92
1  98
3  80 14 75
2  41 19
1  31
4  8 11 49 36
4  47 64 43 96
1  61
3  25 13 44
6  15 36 1 13 85 81
2  59 4
5  78 9 98 32 17
1  80
2  44 43
5  7 85 69 17 46
1  42
4  55 27 73 90
2  85 75
1  11
2  11 78
1  20
5  43 36 83 23 62
2  65 35
3  49 3 51
6  14 92 53 68 18 25
4  45 10 32 52
2  65 62
6  75 81 72 18 17 55
3  78 82 4
1  15
4  16 65 47 29
4  99 97 74 24
4  19 33 86 70
4  51 32 50 25
1  21
3  29 76 81
1  57
6  19 72 37 35 36 84
4  92 82 60 66
1  14
6  38 100 54 90 50 86
3  75 98 60
1  26
3  98 33 92
5  52 63 18 86 99
1  49
6  84 8 56 89 22 41
2  22 94
1  71
5  56 46 77 15 62
1  50
4  35 42 41 86
1  59
5  3 60 20 93 43
2  49 31
3  89 58 71
5  74 41 62 29 87
3  43 48 41
6  7 75 35 47 61 38
1  32
3  65 52 33
1  79
5  38 29 69 96 99
4  69 40 12 97
2  50 40
5  90 33 80 65 67
2  26 5
2  58 44
6  9 77 4 88 57 42
1  25
3  15 76 5
4  88 2 80 38
3  53 28 73
2  92 40
4  18 44 92 75
6  88 84 64 92 72 20
2  88 45
5  3 21 75 57 8
5  36 46 18 89 73
6  21 65 30 80 82 73
5  57 60 59 41 23
4  13 43 84 1
6  54 3 8 29 59 16
1  95
4  22 84 33 12
1  97
3  85 78 14
4  35 73 14 75
6  64 87 39 48 26 1
6  34 29 49 44 9 55
2  42 67
2  38 8
1  16
2  70 51
6  84 25 90 48 12 28
6  99 54 96 88 87 24
3  35 57 80
3  12 6 85
5  36 23 86 51 38
1  20
6  100 4 13 89 51 25
1  46
2  70 41
1  56
4  47 91 22 26
3  33 31 19
1  67
3  96 17 79
1  37
4  1 40 79 90
6  4 6 37 26 76 78
3  32 42 82
2  64 8
4  96 38 74 7
1  14
1  21
6  4 58 59 5 97 38
6  88 41 100 25 67 75
1  2
1  44
5  28 7 91 84 3
2  57 9
2  71 11
4  63 15 10 22
2  7 59
1  95
6  12 19 66 87 21 68
6  64 51 20 71 41 3
5  69 60 83 1 30
6  54 93 8 64 14 26
5  73 38 65 50 84
3  36 4 6
2  68 56
3  39 97 51
1  66
1  94
4  40 87 20 32
6  84 46 20 53 19 58
2  92 7
1  30
3  5 35 69
5  91 17 10 88 67
2  53 77
1  20
1  2
3  48 95 23
6  15 76 13 73 93 4
5  94 33 21 98 68
6  69 59 6 79 46 72
6  99 48 15 18 64 16
4  11 80 4 25
4  16 98 48 20
5  41 52 96 38 20
6  7 78 90 85 23 62
6  21 9 99 39 72 15
6  83 25 75 87 50 30
1  47
5  22 23 18 74 56
6  3 62 71 92 47 93
4  32 14 62 30
4  34 44 48 17
5  23 3 18 53 5
4  30 27 87 48
6  4 3 93 7 64 63
6  11 56 52 42 69 13
5  21 47 16 69 63
6  91 66 2 44 71 73
6  53 20 97 57 23 89
4  87 51 61 97
1  12
3  75 25 10
6  71 25 64 34 9 55
6  10 98 70 76 71 66
2  91 62
6  13 51 46 99 1 6
6  7 18 34 82 42 43
5  13 68 40 46 76
6  45 86 92 15 61 63
5  89 53 42 73 65
6  18 64 93 24 59 100
3  93 81 83
3  58 95 3
6  41 78 92 86 63 84
6  24 46 80 13 98 21
6  63 13 3 26 5 27
6  5 68 77 85 50 12
3  45 14 40
6  92 31 71 55 14 70
5  60 49 91 57 70
5  20 82 77 46 87
1  30
6  70 7 76 20 18 64
2  58 49
2  88 19
5  2 89 55 61 38
3  18 7 20
3  89 96 83
5  99 12 66 68 19
3  88 37 60
4  68 17 100 91
1  19
5  7 23 67 44 68
6  51 87 22 40 82 4
1  80
1  81
3  35 23 71
5  86 39 99 29 3
1  97
1  10
2  76 54
6  61 5 73 83 45 55
6  59 35 3 40 83 37
4  18 7 45 3
3  43 89 75
3  92 71 55
1  90
2  55 76
6  60 49 73 4 3 63
3  62 3 20
6  65 37 5 9 40 50
4  28 24 98 19
6  52 21 84 82 76 60
5  35 8 45 39 11
1  1
3  65 3 67
4  68 3 67 77
3  16 29 70
3  26 89 33
5  9 17 58 84 76
2  19 83
5  57 94 78 58 41
3  60 7 5
2  10 71
1  52
6  32 21 26 57 10 59
2  18 75
6  2 51 21 20 34 94
5  27 71 34 67 13
6  74 18 21 83 88 25
3  75 57 56
6  14 65 58 47 83 33
3  85 83 58
1  16
4  81 42 22 15
1  35
1  82
4  29 65 40 53
6  14 9 55 23 20 72
5  2 4 6 87 63
6  3 14 71 44 36 85
4  71 93 35 23
2  100 62
5  99 76 82 54 89
1  73
4  73 75 64 79
4  50 42 51 52
4  22 96 91 7
3  62 100 83
6  20 83 46 93 81 22
5  34 11 78 7 71
4  81 34 29 42
6  70 93 36 25 15 32
1  22
5  77 21 63 61 40
3  7 32 26
2  6 60
3  84 66 9
3  47 43 62
6  27 32 81 63 56 95
6  71 16 75 48 36 38
1  76
5  15 7 8 43 13
5  82 96 33 91 30
5  34 92 67 61 23
3  23 78 42
2  49 57
6  96 93 29 5 68 12
2  75 19
4  87 44 83 20
3  13 99 67
1  66
2  26 13
3  4 54 67
4  11 59 48 3
6  52 70 99 71 44 18
2  31 4
5  14 23 9 26 21
5  29 87 3 55 99
4  58 52 19 10
4  78 58 65 10
3  63 81 79
5  13 10 84 88 23
1  97
3  27 73 77
1  75
2  12 27
6  64 46 99 26 23 57
6  87 66 25 50 47 4
2  59 13
1  47
3  20 44 83
3  16 60 90
6  71 16 81 35 61 80
4  84 36 51 70
1  75
2  48 79
3  7 91 62
4  26 81 97 8
2  12 68
6  2 59 57 17 40 91
5  19 51 61 55 1
2  57 76
3  5 54 99
1  44
4  64 69 42 61
5  69 72 45 55 73
1  12
6  43 3 68 62 53 29
1  54
4  72 29 9 76
5  7 87 26 67 51
6  8 11 72 76 83 17
2  56 20
3  46 62 44
1  24
6  41 39 49 99 10 78
1  86
4  14 73 86 81
2  81 88
2  53 64
1  69
6  72 88 35 17 50 79
2  73 74
5  12 23 69 22 1
5  7 60 89 79 46
5  2 26 57 35 78
2  50 47
1  22
3  49 38 84
2  67 57
1  36
5  24 4 89 79 96
5  68 74 29 37 75
4  94 10 33 14
4  79 28 80 13
5  18 97 3 84 53
1  19
2  26 23
1  49
1  4
2  69 78
4  5 53 16 98
4  48 11 21 27
3  1 39 14
2  35 16
1  88
2  21 8
3  43 17 93
3  20 25 12
6  86 16 51 2 14 13
3  24 33 76
4  34 15 75 52
3  91 54 37
1  74
3  52 17 61
3  60 80 69
5  78 54 87 28 55
1  41
1  24
5  80 86 7 94 61
4  43 51 12 80
4  86 24 11 2
5  54 61 64 22 32
3  76 19 69
2  19 9
3  43 82 14
2  88 7
6  46 50 40 58 29 99
3  52 9 44
3  62 5 98
6  37 39 60 56 7 90
5  16 24 17 97 37
3  85 44 34
2  93 74
6  22 72 31 74 80 8
3  79 6 25
1  44
6  70 51 74 44 67 98
4  63 35 6 48
5  39 78 71 13 66
6  84 96 66 63 69 74
1  48
5  29 62 23 13 32
5  87 76 40 84 36
1  19
3  50 97 80
2  68 92
6  60 75 88 25 38 56
6  42 3 77 70 65 100
5  97 74 70 72 13
4  7 16 72 47
4  68 26 92 35
2  84 95
6  71 20 30 27 18 94
3  95 94 24
6  67 93 62 80 46 68
6  17 15 60 84 41 52
2  58 35
1  49
1  32
5  33 49 62 43 89
4  36 12 47 3
1  8
5  50 76 77 66 90
3  50 31 88
5  88 23 80 37 28
1  15
4  59 63 22 2
4  78 37 64 24
3  68 32 22
2  8 99
5  97 35 33 27 23
6  15 45 79 51 73 90
4  33 49 28 54
3  80 32 87
3  56 26 11
6  48 28 95 46 11 92
5  43 19 3 42 33
3  21 83 20
1  48
4  59 75 6 9
4  38 95 97 93
2  7 80
5  34 74 13 45 66
6  87 84 96 29 16 43
3  99 63 60
3  15 19 21
2  27 75
4  21 71 51 41
5  31 8 12 5 21
4  70 14 42 53
1  71
5  53 20 66 15 80
1  30
6  32 50 25 6 8 45
5  58 86 54 88 94
4  93 15 20 62
2  62 14
3  33 82 90
4  48 5 31 59
3  29 90 83
4  96 90 98 72
3  84 26 36
5  90 28 92 10 89
2  72 3
4  4 84 47 56
2  52 87
6  85 15 80 68 75 58
4  47 5 49 72
3  26 62 67
2  72 56
3  44 58 94
3  42 41 2
5  92 88 63 76 3
3  44 70 17
1  35
4  5 84 36 44
1  97
1  26
5  66 62 12 24 56
4  66 96 60 39
6  48 1 63 51 43 6
2  59 6
4  23 11 39 58
4  47 55 65 73
2  31 34
3  55 90 93
2  85 53
4  72 100 59 34
4  2 40 71 61
3  26 83 56
4  40 10 11 94
5  83 17 6 51 60
1  44
5  91 96 38 62 95
6  96 45 98 36 16 59
5  41 37 5 81 47
1  75
2  98 91
2  14 42
6  20 85 66 11 80 4
5  75 1 68 20 98
1  35
4  85 76 97 21
5  78 68 95 52 90
6  42 16 6 84 2 25
5  68 35 49 71 7
2  72 75
3  69 78 26
4  53 22 83 33
6  50 27 51 39 18 93
4  24 76 57 48
3  25 83 93
6  90 16 67 65 59 36
3  36 61 3
6  83 86 22 82 36 48
2  75 66
2  29 89
6  86 37 44 10 20 6
1  53
5  74 11 7 15 47
5  18 36 50 3 57
2  38 5
4  13 70 88 41
4  87 27 96 31
3  15 68 42
2  20 13
6  30 20 12 76 88 11
3  33 68 69
5  72 32 83 42 20
2  100 6
3  95 37 87
1  5
2  34 24
3  31 54 61
3  30 48 72
3  85 5 8
4  76 80 86 58
2  5 82
2  11 32
1  47
2  25 52
3  58 75 86
6  29 46 30 58 93 2
6  78 6 31 81 85 16
3  6 20 21
2  30 52
3  77 70 65
2  14 23
1  100
1  31
3  40 89 38
3  87 15 47
6  45 28 77 61 67 82
5  87 7 10 38 48
6  7 12 14 21 35 16
2  45 47
4  84 35 3 25
2  17 71
1  62
6  89 22 64 70 2 51
5  11 88 24 97 95
3  10 16 70
2  36 14
5  1 98 7 3 22
2  19 92
3  81 90 29
1  53
6  5 4 75 16 91 99
1  86
3  22 2 4
3  37 18 20
3  15 26 40
3  54 59 28
6  39 17 23 42 70 21
3  73 96 61
4  95 73 49 28
6  51 32 42 87 49 61
2  64 87
4  99 40 22 26
2  61 43
4  3 12 77 49
6  72 9 48 67 82 97
6  77 47 26 18 34 75
5  58 38 65 22 36
1  44
4  38 4 5 94
1  17
5  55 1 42 64 49
1  45
3  2 21 92
2  39 25
1  17
5  39 82 5 75 86
3  37 24 52
3  17 58 57
6  12 58 28 75 6 36
2  50 37
3  41 64 80
4  65 96 49 3
5  53 77 64 100 14
6  51 54 4 9 11 90
2  68 18
6  73 53 14 22 90 55
4  53 34 29 18
2  78 21
1  30
6  70 30 11 57 81 64
4  89 74 51 9
3  68 3 14
2  17 36
1  72
6  63 5 27 80 35 100
3  35 97 11
4  7 68 45 71
2  34 45
5  42 86 46 45 99
4  61 34 76 32
2  38 37
4  18 71 63 12
6  15 23 61 22 91 5
6  18 39 36 96 80 22
3  24 20 7
6  54 83 17 86 20 53
3  38 24 7
4  35 4 69 58
4  90 48 70 82
4  8 18 62 87
3  3 11 59
1  95
1  92
1  98
1  64
3  49 88 50
1  23
4  72 80 18 61
2  87 42
6  94 59 54 81 98 56
6  56 65 86 68 97 66
4  61 8 15 48
4  18 70 11 89
3  28 49 76
1  91
5  8 50 21 88 47
5  78 2 41 64 70
6  61 36 64 21 44 78
5  1 95 39 11 84
6  39 32 64 52 23 60
5  52 47 19 29 25
2  69 88
6  66 49 25 29 69 68
1  38
5  1 76 79 85 64
2  16 27
5  39 59 29 11 10
5  29 38 100 49 7
6  39 72 35 63 1 4
2  7 42
6  8 17 79 92 81 96
1  8
4  46 66 93 56
5  67 85 14 66 33
2  53 71
6  88 34 92 65 98 33
4  5 50 43 96
2  38 3
3  2 49 94
1  78
4  89 91 27 21
1  79
6  2 67 25 94 58 90
6  91 54 96 40 92 69
2  95 6
3  43 8 29
3  85 89 36
5  16 56 85 94 48
6  61 73 81 19 62 72
1  16
5  48 11 59 17 44
4  22 78 97 30
1  44
1  95
5  89 10 35 73 4
5  60 65 54 40 83
1  11
6  32 78 40 42 37 57
6  90 79 64 86 8 70
2  21 64
1  9
5  41 82 78 23 42
3  77 81 25
6  92 17 24 69 56 66
1  12
4  95 90 14 80
6  83 8 18 47 15 27
2  56 8
6  78 49 40 55 30 64
3  21 80 70
6  36 35 94 47 86 88
3  99 68 34
5  75 51 27 90 77
3  45 85 23
2  84 77
4  48 24 83 28
6  72 63 28 66 10 14
4  46 12 21 79
6  96 30 20 86 7 67
2  91 11
4  24 94 29 87
3  52 70 69
3  42 32 73
1  41
6  61 87 98 82 66 90
5  96 9 63 2 75
6  93 86 45 17 80 73
1  21
2  73 90
5  14 21 43 62 29
5  49 26 63 15 41
1  24
1  11
6  95 3 84 39 19 63
1  22
5  37 94 72 6 7
6  49 28 55 77 9 3
1  72
1  17
1  26
3  15 37 39
1  40
2  48 58
6  60 80 67 96 73 39
1  80
2  50 7
6  26 16 88 28 87 4
3  99 30 84
1  67
2  21 6
3  69 64 27
2  43 93
2  16 31
2  95 62
5  2 47 17 34 29
1  38
5  2 68 57 14 34
5  35 39 22 4 2
3  32 45 41
4  60 72 82 54
3  57 56 81
4  73 15 88 76
4  60 78 20 17
6  54 95 26 93 17 29
6  64 61 39 5 16 98
5  98 52 10 55 7
6  13 79 5 100 55 56
4  32 76 23 29
5  49 21 87 78 15
4  38 54 56 51
2  51 3
3  5 9 32
2  88 36
2  43 92
5  74 68 53 97 96
2  45 17
1  22
2  61 59
6  16 13 36 48 64 38
6  69 47 21 86 35 57
1  77
3  79 51 16
2  48 12
4  92 28 64 13
4  24 72 45 40
6  81 87 48 19 76 16
4  97 2 100 53
1  77
1  82
2  16 13
5  27 67 66 55 31
5  14 54 51 59 94
3  39 80 83
4  56 99 22 52
6  21 4 3 98 85 25
2  98 99
3  64 65 100
6  44 14 48 94 72 41
2  11 20
1  68
5  9 89 27 10 30
1  7
2  96 32
4  93 31 98 56
6  97 50 39 11 32 83
3  61 93 58
5  60 33 80 49 59
6  58 88 99 65 21 94
6  73 86 27 70 42 22
4  91 60 77 88
6  60 25 52 82 23 12
1  3
4  72 91 18 59
6  83 80 79 52 69 6
2  10 28
6  1 88 66 79 25 12
2  77 93
4  89 6 55 49
5  45 67 37 34 49
1  17
2  68 85
2  89 95
4  77 95 48 43
5  27 67 93 57 43
6  10 32 92 64 80 69
1  46
1  43
6  20 60 22 88 44 55
5  38 16 53 33 64
6  14 90 62 7 47 5
6  56 36 84 20 15 52
2  61 57
5  55 77 31 76 64
5  31 40 12 47 93
3  10 88 58
6  49 65 46 54 57 2
6  40 22 4 92 50 64
3  21 18 24
4  94 87 25 26
3  71 19 81
5  6 39 80 55 3
2  8 59
2  97 98
3  1 89 97
4  36 18 82 60
5  76 46 94 100 72
2  70 90
1  50
6  48 29 50 51 54 58
1  81
4  7 28 55 95
2  19 31
3  1 90 11
5  36 4 76 8 34
3  98 44 95
6  92 24 43 42 78 1
3  58 56 86
1  51
1  30
5  53 30 72 64 6
1  67
5  15 1 27 12 44
2  5 35
3  48 76 22
3  26 80 4
5  65 15 32 75 44
1  28
5  84 91 80 57 61
1  58
6  18 1 8 22 36 52
5  12 74 18 38 54
2  19 36
4  93 80 63 20
4  47 11 33 38
5  94 43 25 80 60
2  88 82
4  39 52 73 13
5  10 66 91 29 84
2  79 77
1  42
6  60 89 7 92 26 74
6  69 99 65 29 24 52
1  85
6  62 57 3 31 67 69
2  96 53
3  74 30 55
1  27
1  4
2  6 30
1  91
6  5 56 27 28 7 37
1  98
6  70 1 29 36 50 31
2  98 5
4  53 20 78 66
2  11 72
4  17 63 51 22
2  78 50
2  15 62
2  13 31
2  41 67
6  91 98 14 89 2 65
3  22 42 7
3  53 78 97
5  41 48 91 58 25
3  83 39 1
1  51
2  27 92
6  19 82 95 32 71 96
6  11 18 38 17 62 90
6  59 35 6 49 93 31
6  75 69 89 79 20 6
1  17
2  93 11
4  63 7 51 74
2  89 90
6  79 84 45 37 19 50
6  11 81 74 85 49 63
4  69 82 79 99
6  72 10 47 35 16 97
1  41
6  98 26 63 82 71 100
6  21 86 10 1 59 95
3  21 58 18
1  26
6  1 18 68 10 64 3
2  61 10
4  46 7 92 8
6  63 8 88 83 93 97
5  52 92 32 73 49
3  76 75 45
5  92 13 86 56 15
1  16
2  78 61
2  70 69
2  32 77
1  15
5  4 97 21 95 28
6  44 76 69 18 21 45
1  34
2  66 48
3  82 73 21
3  4 90 11
2  22 88
2  36 57
2  33 78
2  60 71
5  36 39 88 57 84
6  90 14 63 38 56 44
1  76
6  14 66 97 37 88 85
4  24 41 99 56
2  26 16
6  97 52 27 85 8 10
5  97 24 45 35 79
6  44 55 74 58 21 71
6  9 55 59 32 96 58
6  13 84 4 1 80 55
2  64 63
3  46 60 59
6  94 38 78 93 52 95
1  23
6  21 78 47 53 73 4
3  85 87 44
6  67 99 12 31 61 48
5  20 7 66 13 44
3  50 37 95
3  49 18 32
5  95 78 22 67 81
4  52 68 6 37
3  5 48 64
4  96 40 85 2
1  97
3  48 47 82
3  91 31 60
2  100 55
6  22 21 81 84 73 49
6  10 82 94 57 46 58
4  86 42 54 90
3  99 38 86
5  80 77 11 40 100
1  94
6  32 15 80 16 88 28
1  97
1  99
4  56 57 6 41
6  59 31 38 58 68 23
3  48 100 87
6  58 81 98 90 95 77
1  82
1  9
5  14 8 32 70 64
3  10 62 95
3  99 53 8
2  90 55
2  38 42
2  95 22
2  84 16
6  88 98 99 97 76 12
1  7
5  68 43 91 29 38
2  27 90
3  49 80 92
5  17 33 89 12 55
1  96
5  100 84 68 98 81
3  10 84 50
6  52 93 81 80 30 11
1  20
3  55 100 40
2  16 73
1  28
2  18 23
6  17 6 65 14 86 8
2  70 58
1  21
3  94 100 80
1  7
6  52 61 99 92 84 15
4  96 42 92 13
4  89 29 69 54
3  55 62 66
2  19 79
3  69 72 44
3  76 50 48
2  10 47
2  94 61
6  89 2 76 66 65 31
3  18 73 88
5  39 12 98 17 56
4  89 99 15 65
3  63 92 59
1  11
4  69 95 41 71
5  42 36 34 72 70
4  44 58 31 83
5  28 100 24 94 88
2  9 52
5  71 43 29 79 54
5  48 21 18 17 62
4  51 33 23 2
5  80 32 59 49 60
4  73 54 46 96
4  97 66 32 40
6  11 94 76 58 41 96
5  58 29 9 90 52
1  67
2  42 26
5  1 84 53 54 29
3  16 26 14
3  66 8 57
4  83 15 100 79
6  58 36 19 66 26 70
5  92 1 17 18 81
2  1 33
5  30 80 87 56 93
3  22 1 91
5  84 5 80 62 95
3  98 13 4
2  83 79
1  83
6  32 64 13 33 96 85
4  76 72 18 68
1  39
5  96 19 52 1 99
1  96
3  11 8 40
2  91 18
3  73 13 79
3  26 12 32
1  74
1  82
6  75 87 30 43 82 49
6  83 47 8 78 18 86
2  51 76
3  98 49 53
5  85 78 88 17 61
2  70 52
6  56 82 41 37 30 35
2  77 43
6  60 61 83 82 11 59
2  8 74
6  92 52 72 9 39 33
2  8 85
2  64 66
5  1 96 4 20 73
3  17 32 7
6  14 17 58 35 25 65
1  9
4  59 80 65 98
1  96
1  96
2  69 61
6  69 57 97 88 29 43
1  61
3  4 74 66
4  8 91 26 16
6  82 74 78 46 72 89
3  77 85 65
3  46 58 14
1  55
1  31
6  6 91 47 9 65 13
5  73 3 95 88 2
5  61 79 22 32 68
4  9 53 28 54
6  86 67 99 40 68 30
3  73 21 84
5  85 96 52 57 99
3  44 100 22
1  79
3  37 47 7
3  99 34 96
2  65 95
4  32 25 95 5
3  79 87 29
5  38 86 73 83 29
5  5 34 51 49 71
6  55 16 96 89 14 92
1  79
6  66 11 61 15 55 39
1  84
1  39
5  85 22 98 56 26
2  7 75
1  4
2  18 99
2  32 90
2  10 76
6  20 87 51 35 41 89
3  24 2 74
6  86 95 90 42 21 20
3  95 22 51
2  39 49
3  70 39 65
5  15 55 99 1 5
2  42 94
5  65 95 41 57 80
3  46 22 55
4  69 49 88 19
5  26 68 13 96 6
5  75 21 31 73 36
1  62
2  72 27
2  12 84
1  47
2  25 2
6  93 50 83 12 22 8
5  34 3 85 11 77
1  42
3  26 77 54
6  6 26 15 30 38 99
2  84 28
4  85 23 51 35
1  62
4  13 41 91 16
2  2 93
2  43 42
4  19 96 45 25
2  60 54
4  58 87 43 86
3  28 9 95
4  14 57 20 27
6  11 43 24 12 35 55
4  77 11 73 56
6  94 15 52 53 73 39
6  59 83 23 67 78 86
5  35 5 7 33 15
3  56 27 84
1  80
4  21 53 34 77
4  27 92 2 80
4  40 75 22 23
6  89 1 83 69 35 87
5  67 2 25 23 28
1  33
1  70
4  60 3 30 11
2  21 12
1  85
4  83 7 74 80
6  75 62 64 9 49 40
5  50 64 98 78 73
2  85 42
5  45 44 13 55 74
2  67 82
2  18 65
2  92 45
2  66 7
5  75 56 21 50 5
6  47 82 57 77 67 99
4  11 43 73 66
1  5
2  97 22
3  62 45 41
1  63
1  13
3  80 68 65
2  73 49
5  55 6 54 21 4
1  32
3  85 97 61
6  28 58 12 77 19 57
2  25 19
2  37 63
1  5
2  33 77
5  9 31 81 62 51
6  75 82 31 59 78 92
3  6 49 60
5  68 16 100 92 35
2  29 97
2  33 23
4  9 98 66 39
5  27 90 63 1 71
6  60 49 84 9 55 33
5  37 100 84 36 92
2  58 21
1  83
4  37 40 62 34
1  1
1  32
6  75 32 61 67 92 10
4  100 64 83 68
1  82
4  36 74 70 93
6  84 76 47 20 15 8
4  19 9 66 50
6  40 82 59 7 73 68
4  73 32 39 40
2  21 91
5  94 60 88 44 36
3  63 50 42
1  69
3  82 19 47
2  100 6
2  73 84
3  4 22 85
3  43 76 3
3  36 62 24
5  98 57 42 47 58
1  47
3  33 94 62
2  99 89
1  72
5  50 76 95 35 11
3  10 13 73
3  75 96 24
5  52 65 19 50 23
2  96 63
4  90 24 98 89
1  3
4  85 52 35 79
6  46 16 96 58 88 41
2  83 65
1  35
2  23 84
4  56 80 15 21
5  39 19 58 51 21
1  36
5  52 14 59 97 29
4  55 17 96 87
6  60 92 34 89 14 18
3  69 97 56
6  66 94 8 23 44 29
3  79 1 91
6  60 88 22 15 42 38
1  29
3  70 20 71
4  33 88 99 2
6  54 91 51 47 98 73
6  26 13 70 27 4 63
6  91 84 1 32 22 11
4  59 80 29 38
1  16
3  14 1 90
1  51
3  2 24 28
2  36 97
4  39 60 41 29
3  42 61 65
4  21 23 32 100
4  70 13 67 6
2  67 95
2  17 32
2  41 59
4  76 56 13 15
1  53
3  58 95 4
2  47 24
3  78 24 95
3  36 61 52
4  28 47 91 45
5  21 85 37 79 61
6  92 75 7 44 17 64
3  21 86 85
3  30 63 67
2  10 3
6  62 64 13 8 54 57
6  75 42 23 54 2 14
3  76 21 89
6  85 27 13 70 12 57
6  74 24 23 83 26 7
3  89 19 53
3  76 38 17
2  61 70
2  75 15
6  95 3 88 79 30 1
3  41 58 47
1  81
5  98 6 76 42 95
6  94 37 71 32 54 88
6  24 7 66 39 2 61
3  89 39 71
6  88 12 47 35 26 28
1  24
3  80 65 29
5  59 65 45 91 19
2  82 42
3  48 80 39
1  21
2  47 92
2  35 3
4  69 29 92 73
4  26 52 17 54
2  76 19
5  66 37 1 48 79
3  96 59 78
1  80
1  51
5  23 85 75 88 53
1  80
2  55 5
5  72 59 2 47 77
5  13 14 72 60 93
1  55
4  87 58 31 93
1  2
1  93
5  3 46 79 82 71
3  87 47 5
3  48 52 22
2  64 36
6  24 28 100 78 79 86
3  9 79 44
1  94
3  86 96 81
4  78 51 98 65
6  3 10 46 55 31 64
2  66 54
3  93 53 19
5  39 54 80 17 97
6  10 33 76 6 13 41
5  64 39 47 61 41
4  6 96 87 70
1  53
2  54 46
5  72 17 14 26 97
2  23 87
3  55 62 45
5  3 28 31 41 75
6  82 30 97 77 17 67
6  70 90 43 15 65 32
5  40 28 10 63 14
3  17 76 95
6  78 22 14 19 96 5
6  26 2 77 43 69 66
1  58
1  26
2  23 57
1  63
6  11 25 98 60 41 73
4  25 51 76 39
5  72 44 69 97 46
3  40 14 10
4  71 18 77 93
3  34 94 2
2  5 27
1  64
5  89 18 92 39 93
2  8 65
5  76 62 19 21 1
2  31 51
1  49
2  95 88
4  89 90 79 93
1  94
4  83 82 74 75
2  67 5
2  32 78
1  93
6  25 93 27 55 44 29
1  71
2  91 32
1  81
1  5
6  5 61 80 86 35 54
1  2
4  34 33 36 38
2  31 62
2  58 17
4  87 20 32 11
1  64
2  91 75
2  88 79
6  67 65 23 21 71 25
5  5 58 14 42 83
3  4 100 2
2  61 89
3  93 99 51
4  21 42 31 47
2  10 34
6  74 57 17 44 81 95
3  38 8 91
2  52 95
2  54 15
5  42 56 73 40 6
2  60 48
4  7 77 70 41
5  43 97 90 87 77
6  35 14 92 25 34 43
2  53 96
3  33 38 89
1  77
6  34 37 43 94 20 63
5  92 5 79 82 56
4  27 70 57 52
1  99
5  55 95 4 87 32
6  92 9 88 25 45 30
2  88 49
5  70 41 85 49 22
5  4 87 3 73 43
4  75 42 25 30
3  29 17 69
2  8 77
1  32
2  38 50
1  87
2  79 27
1  27
3  90 31 36
6  3 78 47 20 71 8
4  99 24 20 31
6  28 62 22 66 11 31
4  40 9 79 54
3  28 44 66
4  36 69 41 83
3  60 53 16
4  76 39 71 7
3  99 68 61
4  79 91 16 19
6  95 72 34 22 15 100
6  51 68 25 33 14 85
6  67 100 37 43 39 7
3  78 6 16
3  69 95 28
6  13 26 79 85 60 100
6  60 85 50 28 9 82
3  94 67 8
6  3 50 32 10 98 9
1  14
3  84 9 74
5  21 100 47 5 59
3  4 19 31
4  46 40 35 87
2  2 94
2  5 43
4  15 41 67 30
4  13 14 62 86
5  83 85 29 88 44
5  91 62 6 44 8
3  79 94 78
5  87 4 86 29 61
6  69 28 30 23 40 43
6  25 68 10 53 55 28
3  15 33 90
2  77 69
1  55
3  1 58 34
2  19 34
6  46 63 22 86 5 6
1  30
5  20 82 28 73 9
5  87 42 62 8 19
2  23 73
5  24 30 12 53 48
3  52 94 8
5  79 13 78 89 42
4  9 24 78 81
2  51 67
5  12 75 92 42 98
4  21 94 32 74
3  78 25 35
6  97 14 98 75 2 40
2  11 63
1  91
6  54 58 68 66 33 60
1  30
2  28 51
1  60
2  58 37
3  92 22 46
1  19
2  7 58
3  17 21 50
1  15
1  66
5  69 99 42 77 29
4  4 79 82 63
1  39
6  52 31 21 97 36 40
2  43 98
4  60 18 14 67
2  17 33
1  86
2  56 62
4  21 65 38 2
2  40 41
2  91 72
3  88 7 87
1  49
6  69 8 2 82 75 33
6  8 48 84 38 4 45
6  24 10 34 26 38 74
4  65 38 13 52
3  100 58 93
5  26 1 85 8 76
2  6 83
4  89 21 68 34
2  92 44
4  18 81 25 84
3  89 21 58
3  65 57 98
4  40 24 57 25
2  33 42
3  15 7 26
3  75 59 53
4  2 4 83 29
4  28 17 87 85
4  51 42 56 8
5  79 65 7 10 97
3  46 12 55
5  48 29 30 1 94
2  4 77
1  33
3  42 49 29
2  7 80
5  62 87 50 41 52
4  50 48 4 96
4  59 67 7 87
6  7 81 28 11 57 42
3  99 83 92
2  10 98
1  78
4  95 28 100 46
6  49 94 88 44 53 46
1  59
2  6 65
1  33
5  69 75 17 68 57
1  95
4  6 3 44 65
6  72 65 43 55 13 36
3  57 88 67
3  19 72 11
2  5 86
6  79 3 67 36 11 62
1  16
4  46 81 61 17
3  3 72 58
3  14 25 1
5  71 20 52 81 50
4  67 49 36 69
1  72
5  77 74 95 40 20
5  100 37 21 3 8
5  40 21 92 65 72
3  40 24 16
6  81 82 39 16 50 54
6  29 30 61 23 70 80
6  70 17 18 72 24 96
1  45
6  76 66 58 10 5 82
2  95 62
1  34
5  57 87 65 85 17
2  7 86
1  5
4  21 23 27 45
2  38 89
1  13
4  62 23 59 43
3  53 5 54
6  82 11 73 46 95 89
5  2 74 75 6 29
6  28 56 40 46 93 29
3  5 82 11
2  41 54
5  94 58 29 79 39
3  52 85 33
3  55 34 14
2  40 43
2  67 98
4  13 90 94 61
6  76 72 22 16 25 96
1  83
2  88 21
4  39 5 95 79
4  28 93 89 68
3  14 35 33
5  47 22 73 7 17
3  79 38 63
1  34
5  85 57 59 6 19
6  11 13 76 70 41 69
4  8 3 72 42
3  51 88 57
2  95 74
5  73 11 33 76 44
1  61
1  63
4  19 61 77 32
3  47 72 5
1  79
1  77
2  42 28
1  99
3  3 72 21
5  83 53 51 27 58
1  28
2  78 46
5  55 78 17 1 49
2  6 28
2  82 48
5  9 56 69 59 58
3  79 33 23
2  84 50
6  95 77 9 73 23 89
2  100 6
2  49 26
2  76 54
1  24
2  23 79
6  81 36 32 60 69 54
6  52 4 81 47 90 19
1  79
3  3 84 71
4  9 3 27 63
1  50
6  38 29 76 19 64 8
5  33 62 71 84 65
4  31 45 41 49
3  19 94 51
1  65
1  11
5  29 73 83 79 58
2  7 34
3  70 41 19
1  2
6  87 66 41 17 11 81
4  59 99 9 1
2  11 91
3  84 74 17
3  94 23 75
3  93 15 52
6  17 41 81 83 98 93
4  63 51 60 22
4  61 45 70 72
3  8 55 9
2  96 2
3  71 36 40
6  88 35 2 29 16 84
1  13
5  71 76 27 31 97
6  91 42 56 63 77 64
2  85 88
1  87
3  84 22 75
5  9 71 38 25 54
3  37 30 17
1  57
3  9 44 38
3  99 1 27
4  18 11 50 31
6  85 14 19 59 83 28
5  53 65 92 6 11
2  36 28
3  93 75 49
3  13 99 35
1  26
6  30 37 46 60 34 31
5  52 90 56 80 57
1  44
3  14 55 78
3  83 18 42
4  67 77 70 66
1  82
6  7 12 27 53 72 60
5  45 12 72 100 91
2  8 35
5  21 89 55 70 71
5  11 28 39 87 97
1  98
5  94 4 90 21 57
4  80 39 5 91
1  5
5  39 12 16 17 33
1  71
1  76
3  12 4 81
6  100 84 96 79 78 68
6  56 29 77 94 34 68
1  38
3  44 50 66
4  83 70 30 84
3  73 96 50
4  94 49 36 90
2  14 89
6  11 44 23 88 38 57
4  43 94 4 86
3  69 45 26
3  75 10 85
3  5 34 100
6  83 36 89 10 49 77
1  59
2  28 46
4  84 1 78 4
6  21 73 32 47 12 6
4  97 53 60 30
4  59 12 87 47
2  35 24
2  94 45
4  39 4 37 14
3  91 34 16
2  81 28
2  36 24
5  96 53 33 55 65
2  1 86
4  25 12 48 69
4  86 72 100 25
5  14 68 66 47 83
6  28 10 15 63 33 96
4  86 28 13 50
3  13 36 1
3  47 48 6
1  34
5  10 59 53 23 26
2  70 8
1  97
2  22 60
4  17 18 36 44
2  86 90
3  21 90 80
5  38 86 77 72 63
6  30 16 10 55 35 80
4  41 77 81 62
3  31 78 54
4  21 84 52 11
2  73 1
1  40
3  91 17 10
4  3 39 69 13
6  3 92 57 43 68 37
1  4
5  82 58 34 3 41
6  13 67 58 14 72 97
4  63 13 61 16
1  100
5  28 94 86 20 50
2  88 86
2  91 52
1  48
6  16 89 71 29 55 28
3  27 25 93
6  38 54 4 87 82 47
5  1 96 88 81 33
5  33 46 27 18 62
1  88
6  70 16 32 96 40 25
6  78 79 88 31 32 75
1  78
3  12 73 48
6  54 80 78 86 26 5
1  87
2  91 77
6  6 9 84 46 33 68
2  12 56
4  43 30 64 21
5  76 94 24 75 47
1  53
2  29 57
3  16 77 26
6  65 32 1 49 77 34
1  100
3  72 52 87
1  16
1  77
6  1 100 66 47 3 18
5  32 75 15 47 51
3  39 16 72
3  64 49 73
5  48 18 51 100 5
4  15 12 28 5
1  28
5  58 31 88 37 62
4  51 9 13 92
3  28 63 87
6  12 60 71 59 78 22
4  82 72 73 93
6  78 4 27 48 62 57
3  99 19 98
3  27 10 41
5  38 4 61 30 15
2  100 74
6  21 32 79 93 5 72
6  82 76 19 29 38 64
3  94 61 86
2  71 27
6  9 30 56 38 44 76
3  18 74 59
3  53 52 24
3  35 99 62
4  36 37 27 72
2  87 58
4  58 84 46 66
1  1
1  57
5  41 74 50 100 23
1  51
5  26 94 10 25 55
5  61 92 100 32 23
6  90 74 44 73 20 9
6  21 13 42 97 54 16
3  53 39 49
1  15
5  96 25 99 50 98
4  42 97 91 64
5  80 38 26 52 57
3  38 77 47
5  74 100 95 20 52
2  69 55
3  43 50 72
3  100 69 99
3  66 90 5
3  69 43 73
2  99 7
4  76 54 37 49
4  32 69 6 65
3  60 13 80
1  84
2  8 53
2  49 18
1  54
4  78 96 38 99
6  45 57 70 99 94 19
4  25 88 57 90
2  16 2
1  25
6  25 33 38 44 82 56
4  35 21 29 31
4  27 25 3 84
6  1 77 14 53 9 90
2  25 92
2  50 77
4  83 15 98 64
5  49 99 92 78 29
3  5 54 53
6  48 54 64 61 6 65
4  15 55 88 40
3  18 90 23
5  72 37 69 35 7
2  33 99
6  62 48 99 15 100 87
4  54 51 23 59
1  85
5  70 73 13 15 90
1  37
4  74 29 8 81
3  41 79 2
2  39 17
2  26 79
5  76 1 38 91 86
1  60
4  24 75 48 26
1  9
6  86 38 7 66 83 48
3  23 50 70
4  66 96 88 44
5  64 45 13 54 31
2  14 89
3  89 36 73
6  45 71 85 82 77 51
4  24 95 88 73
4  50 39 60 37
5  35 100 27 48 54
4  71 68 45 18
4  81 90 56 25
4  41 7 37 91
5  61 85 58 34 49
1  72
1  44
4  43 44 80 90
6  36 61 65 81 78 21
4  67 76 86 27
1  93
4  6 63 24 91
2  58 39
2  29 47
5  83 90 15 62 80
1  98
3  77 78 18
6  39 85 72 25 11 88
2  74 94
5  98 84 100 55 22
2  84 69
6  66 58 13 28 38 25
2  77 1
1  94
6  41 79 69 66 89 57
5  63 50 62 61 34
4  15 56 89 99
2  88 65
5  100 92 19 25 16
6  25 18 90 22 59 68
6  24 56 48 6 19 98
5  79 31 29 94 87
2  93 11
1  57
6  4 48 11 29 64 6
4  81 95 76 40
4  66 63 18 14
5  37 11 35 16 42
4  10 28 80 2
3  84 58 30
6  6 40 17 69 45 70
3  40 45 89
1  11
4  20 24 19 57
3  54 72 76
1  81
1  97
5  41 80 40 70 68
3  10 84 14
4  53 63 94 98
4  96 8 3 16
2  21 72
4  75 43 41 92
2  44 88
1  85
5  45 54 35 90 64
2  3 18
5  66 12 69 17 7
5  19 22 8 40 93
5  15 36 13 6 59
4  94 64 41 61
1  95
6  98 58 14 1 75 85
4  86 54 83 92
2  2 14
3  42 7 10
4  42 22 62 100
5  55 63 19 16 71
1  11
5  70 24 68 44 9
2  30 63
1  22
6  18 35 29 59 42 38
1  83
4  77 83 38 31
3  56 47 15
5  57 83 38 81 50
5  89 83 11 51 99
2  43 17
5  71 76 9 90 91
5  67 73 5 98 18
4  44 33 29 100
1  66
5  64 48 69 47 58
2  46 91
4  63 58 34 38
4  42 28 57 9
6  30 14 91 47 75 35
5  3 34 94 69 14
4  16 82 5 74
1  51
4  64 13 21 97
3  87 38 77
3  47 71 73
4  62 20 35 96
6  37 29 93 5 42 51
2  24 55
6  25 5 57 88 17 78
6  67 65 22 44 8 68
1  81
2  75 100
4  71 99 100 92
1  41
3  25 65 97
2  89 1
5  77 18 52 60 85
1  81
2  23 49
3  3 77 16
1  39
6  2 38 86 93 42 26
3  67 90 31
6  79 32 58 55 49 10
1  33
2  96 61
3  44 2 51
2  18 54
4  4 55 97 89
3  39 15 83
1  5
1  88
5  44 46 38 93 55
4  26 80 47 86
2  91 88
5  11 5 31 69 8
6  65 97 33 4 11 16
1  16
2  96 98
5  41 36 65 96 87
6  75 34 76 2 25 63
5  35 68 10 4 76
6  69 72 28 83 43 79
6  71 74 96 42 14 31
1  9
2  96 84
4  72 85 76 35
4  11 2 73 14
5  68 82 49 95 53
2  38 31
2  8 5
2  50 19
4  56 28 73 52
1  24
2  96 100
4  59 10 58 31
2  35 98
1  83
6  57 14 31 88 43 38
6  67 88 11 21 43 38
6  94 49 16 44 73 3
2  30 34
3  65 32 51
3  24 8 61
4  95 3 92 87
5  79 97 90 22 35
5  15 83 98 31 27
1  4
2  38 34
4  84 98 93 35
3  17 42 5
5  37 7 62 23 76
3  19 65 62
4  47 77 36 44
1  63
4  11 91 94 44
4  78 41 46 13
6  62 54 89 33 91 96
6  13 72 35 32 36 96
6  83 73 21 27 80 91
5  77 34 26 54 75
5  66 60 33 20 49
4  10 45 59 23
1  94
4  52 90 39 34
4  59 60 42 43
2  15 19
4  41 73 12 39
6  44 59 48 9 69 93
5  91 8 61 45 59
3  84 93 12
3  53 84 95
6  98 14 51 38 86 92
3  25 91 93
5  39 2 52 31 70
3  39 31 87
6  81 70 90 92 12 43
3  95 37 30
6  51 81 30 37 72 79
4  63 72 44 1
5  95 32 43 37 71
5  24 68 53 94 58
3  6 100 90
1  37
2  93 87
6  23 71 1 84 33 73
2  33 45
2  65 87
4  35 60 82 3
1  75
4  57 81 59 46
5  95 65 73 81 64
6  4 34 97 87 66 69
1  99
1  35
4  100 93 99 60
5  1 72 49 60 28
2  19 74
1  13
3  83 94 2
5  98 36 74 84 2
3  97 100 55
2  64 55
2  62 14
6  62 85 45 22 13 74
3  87 84 53
2  66 47
2  43 44
4  17 28 64 58
2  63 13
4  26 67 78 88
5  75 49 66 20 71
5  93 11 65 76 63
6  42 10 16 84 54 78
1  81
3  58 5 4
5  60 30 38 17 18
1  66
5  31 36 62 24 46
2  100 9
1  41
2  31 24
5  9 24 53 50 82
4  54 53 18 84
6  55 100 8 67 66 92
6  1 53 21 47 78 20
4  93 60 74 23
5  46 32 8 98 81
6  56 35 42 73 18 32
2  18 40
6  83 31 91 11 30 61
2  85 53
6  58 76 73 3 7 80
1  88
5  56 22 11 29 40
3  57 82 51
3  12 42 22
6  52 55 82 36 7 72
6  82 44 96 89 24 76
6  52 98 3 81 37 45
3  94 27 88
2  39 29
4  33 81 6 87
4  41 94 34 33
5  78 28 64 1 24
3  93 75 37
6  55 73 41 92 67 80
6  6 9 53 38 90 58
2  52 99
2  86 32
6  63 60 57 64 83 96
4  58 32 52 12
1  92
1  72
4  84 70 64 92
2  2 81
5  26 33 79 45 18
1  38
5  69 95 44 52 90
6  9 22 51 21 27 43
2  98 1
1  67
4  99 90 67 79
5  93 11 48 37 29
4  74 9 27 68
4  78 58 51 86
5  1 6 43 30 3
3  36 70 9
3  59 75 13
2  67 24
5  3 52 34 76 61
4  44 13 37 1
4  23 80 64 28
6  7 57 87 51 93 56
4  27 15 33 40
3  99 64 19
1  15
4  77 76 12 20
6  49 20 51 71 99 14
6  84 21 56 70 71 48
2  29 75
3  61 15 83
4  78 2 60 93
4  37 68 66 56
4  14 76 6 85
5  20 84 58 40 39
2  10 87
4  39 62 93 100
5  76 59 53 77 19
3  30 56 12
6  11 67 9 87 72 94
