100 5000
458000
66500
95500
130000
107000
180000
209500
327000
97000
154500
253000
57000
285000
335000
463500
148500
341000
5000
361500
47500
116500
79000
374000
458500
174000
171500
129500
349500
140500
330000
432000
99000
397000
28000
229000
4000
208000
439000
331000
305000
93500
84500
362500
379000
419500
326000
27500
261000
331000
389500
308500
448000
469000
183000
407000
143500
354500
36500
493000
495500
367000
425500
94500
264000
453500
323500
268500
161500
262500
100000
467000
356500
184500
329500
236000
104500
156000
264000
365500
487500
153500
174500
435500
123000
357500
342500
266500
212500
379500
259500
208000
246500
185000
302500
10500
139000
126500
279000
300500
389500
5  54 50 13 20 97
3  51 50 7
3  81 42 36
1  14
1  59
4  80 11 98 30
3  59 32 75
6  88 36 62 64 89 11
5  9 8 10 60 57
2  8 37
4  43 42 73 47
6  29 27 10 26 56 57
6  88 32 68 75 67 30
3  56 40 14
4  48 24 23 4
3  31 41 99
5  83 72 20 82 100
3  92 26 3
3  10 90 80
5  65 47 6 3 46
1  66
6  40 89 97 80 19 38
5  92 20 50 12 2
3  58 93 75
4  41 84 51 21
4  15 68 66 17
5  11 33 36 4 72
2  100 52
3  37 31 34
4  81 46 58 30
1  50
1  64
6  87 14 12 47 29 80
1  46
3  23 78 84
2  50 8
2  2 50
4  32 84 20 12
2  77 41
2  27 45
6  18 31 10 29 77 38
1  89
5  57 12 61 41 38
1  48
4  13 98 27 44
5  46 56 10 22 97
3  49 41 37
4  72 46 95 48
6  3 37 67 60 48 27
6  86 38 48 49 50 45
5  94 26 20 49 36
3  46 77 90
6  14 56 57 60 51 5
3  53 42 9
1  89
3  12 75 74
4  23 5 97 17
2  17 65
4  58 11 43 48
6  57 4 53 16 54 59
1  98
5  19 87 3 31 61
5  90 84 100 95 80
1  25
6  81 91 55 33 2 86
6  5 38 59 95 63 65
6  30 83 79 33 13 40
1  3
2  8 97
1  23
2  99 3
1  53
6  44 54 79 33 59 17
3  17 11 100
5  3 30 64 82 62
5  21 71 79 43 76
3  2 97 44
1  8
6  98 52 50 76 85 9
6  22 25 3 21 6 51
5  87 12 46 8 83
2  50 61
6  96 63 39 67 4 34
4  55 84 41 39
6  33 60 17 35 81 23
3  31 92 27
3  37 34 25
4  84 86 61 79
3  56 17 15
4  51 80 14 34
2  53 26
4  13 42 86 93
4  26 24 56 53
4  93 86 91 53
5  77 14 49 25 69
4  40 29 16 19
3  50 38 95
5  90 7 17 75 100
5  1 23 36 54 89
2  40 80
5  9 57 94 82 63
2  22 91
3  41 32 87
5  27 61 67 33 77
3  32 57 43
4  92 97 44 20
3  24 100 45
5  93 2 62 55 23
5  46 60 23 78 1
1  7
5  36 83 10 68 40
4  23 32 49 66
4  84 89 51 29
5  44 30 98 52 12
3  12 35 21
4  35 24 64 3
4  47 12 27 86
4  49 18 13 15
5  96 3 19 24 72
4  53 1 60 5
1  3
1  48
2  74 82
3  37 85 6
5  96 32 69 60 81
6  72 95 55 68 98 74
6  69 36 45 70 96 50
5  99 66 30 22 39
1  68
5  96 73 58 91 4
2  51 84
1  23
5  67 90 75 40 82
3  76 26 13
5  76 95 69 41 24
6  79 35 57 54 30 11
2  33 36
5  17 48 94 95 14
5  69 54 65 13 29
6  25 100 66 19 68 7
3  58 85 77
1  38
1  44
3  27 76 84
6  93 31 92 87 45 75
4  98 40 68 26
2  93 26
6  11 93 2 53 51 87
2  65 24
3  8 72 62
6  55 60 76 85 51 63
2  25 18
2  65 86
4  94 78 90 89
5  91 41 21 77 71
6  1 6 93 72 68 76
2  28 52
1  78
1  40
1  32
4  67 17 18 61
6  95 51 83 65 41 24
6  18 94 70 100 62 90
5  38 15 95 90 26
5  4 65 76 36 30
3  53 48 3
3  42 53 29
1  94
4  92 12 46 62
2  45 24
2  12 62
2  7 51
4  79 55 23 54
6  53 96 43 1 99 90
3  52 19 49
3  71 41 57
1  2
6  61 25 4 73 86 37
5  36 95 57 91 18
1  81
5  6 24 71 4 13
1  55
2  62 100
1  2
4  17 3 41 78
2  44 50
1  81
2  48 75
6  39 93 94 19 63 99
3  34 3 55
3  57 86 8
4  87 9 12 4
1  53
5  38 97 30 50 77
4  98 52 42 36
3  36 55 7
3  97 40 37
4  86 94 38 93
3  25 2 62
2  13 14
1  51
1  38
6  87 96 98 38 37 33
5  73 88 7 85 28
3  36 13 37
5  6 86 98 8 48
2  21 61
2  71 58
4  68 96 3 100
5  76 88 64 82 72
6  25 7 5 61 81 11
3  78 18 94
1  38
4  35 8 25 6
5  83 72 46 78 75
3  54 50 33
2  32 4
1  56
1  14
1  90
2  62 68
3  55 70 79
1  5
6  34 10 65 16 82 93
4  55 47 7 87
4  38 90 73 94
6  87 9 90 10 71 58
4  26 27 29 35
2  16 68
3  80 84 23
6  77 79 44 24 86 31
6  23 21 61 16 20 47
2  10 56
6  67 6 22 94 35 56
2  50 24
4  30 8 87 19
6  66 63 7 51 93 94
5  13 54 90 33 1
1  43
4  10 62 31 3
6  87 26 46 10 91 75
2  78 93
1  43
4  8 94 48 1
5  61 55 57 94 71
3  11 81 46
5  12 48 68 98 74
1  8
4  88 25 41 80
2  84 35
2  77 83
2  44 43
6  1 37 43 71 73 54
4  18 26 62 65
6  60 38 6 68 2 94
6  42 73 18 26 8 50
1  90
5  46 33 71 69 14
1  41
5  67 59 93 29 23
6  89 61 92 56 63 85
3  5 58 65
2  65 14
2  55 97
5  88 67 23 56 81
3  97 48 6
4  40 35 78 26
2  39 17
5  1 2 27 5 60
6  34 25 5 66 79 2
3  66 69 65
2  49 3
2  96 9
5  36 44 51 62 66
6  78 45 90 80 71 94
3  62 28 63
4  93 42 68 35
1  36
6  30 84 2 48 80 11
2  16 54
5  77 20 61 55 65
3  34 35 44
5  97 72 36 63 65
5  30 100 85 65 99
1  49
1  61
2  11 81
3  65 53 20
6  13 74 48 63 8 83
1  81
5  79 16 41 43 93
5  42 77 35 41 90
5  41 50 12 52 31
4  16 84 74 99
6  48 47 59 56 29 65
3  7 43 51
3  86 44 18
2  20 53
5  9 37 59 48 60
6  2 75 73 76 74 69
2  20 27
5  49 92 14 56 35
4  4 20 8 21
3  27 74 16
3  10 24 95
4  84 59 57 34
2  26 57
4  52 35 1 44
3  56 78 13
4  98 21 80 45
3  54 60 84
4  84 78 20 67
4  79 25 19 13
4  44 69 9 96
1  9
3  53 64 17
4  22 14 86 2
4  33 55 19 16
2  3 94
3  69 55 16
6  73 28 50 17 97 58
1  1
4  50 54 30 67
2  52 81
1  53
3  37 8 58
4  25 60 47 62
2  1 78
2  74 6
5  90 3 29 2 95
4  56 24 18 75
5  98 79 28 37 15
3  95 68 60
4  14 22 83 15
6  5 89 4 76 79 6
1  80
1  99
2  65 23
3  39 98 46
2  25 83
2  60 77
6  19 31 14 40 28 39
2  17 43
6  95 48 97 74 57 96
1  22
2  53 61
1  99
5  40 81 9 100 57
1  19
6  22 59 2 50 97 19
4  39 12 60 87
1  34
3  4 39 65
2  92 25
3  90 2 75
5  11 74 27 20 92
1  41
3  16 91 46
3  56 85 47
1  71
4  50 15 59 88
5  79 3 14 68 5
6  38 16 62 64 35 54
5  75 4 94 65 50
2  21 34
5  36 5 29 85 19
6  73 98 66 51 1 80
2  5 69
4  20 30 55 84
6  30 87 91 95 36 19
1  70
6  51 74 22 35 93 8
1  90
5  58 90 54 77 95
2  33 15
4  52 69 35 49
6  22 40 92 58 6 27
3  56 1 71
6  93 79 98 83 53 56
5  6 33 66 28 65
5  79 16 49 14 65
3  35 4 37
6  61 43 19 11 98 82
6  12 61 87 94 13 42
4  19 74 32 46
3  12 25 55
4  38 19 5 73
2  41 65
5  83 94 81 2 75
5  13 35 56 6 48
6  71 66 2 12 9 13
3  63 72 74
5  77 46 4 18 11
6  1 93 79 81 94 54
3  6 88 5
1  35
1  82
1  72
6  12 81 97 47 44 69
2  26 45
4  29 62 76 15
4  69 94 43 63
3  93 68 34
6  80 69 99 62 71 46
5  52 42 27 95 10
3  21 55 13
3  17 89 63
5  57 56 21 19 2
1  87
3  11 67 4
1  28
5  80 73 53 31 15
5  26 24 27 46 79
3  94 95 28
4  74 85 12 95
1  14
1  90
3  18 57 53
2  84 26
1  57
5  36 71 58 61 95
6  7 73 24 100 68 51
4  41 36 68 35
3  81 43 28
2  60 84
5  87 68 8 92 24
6  28 94 44 88 89 61
4  94 29 2 50
5  37 17 5 75 98
3  3 27 7
6  9 93 54 17 85 78
1  12
5  45 100 60 73 94
2  23 88
3  25 37 19
4  53 23 35 50
5  38 77 76 24 85
5  78 1 53 55 3
4  27 48 64 86
2  57 6
3  44 55 67
5  73 27 34 96 62
5  65 99 60 40 23
3  8 100 46
4  54 48 25 81
6  88 66 15 45 72 58
6  27 24 69 99 51 2
6  13 85 59 11 44 98
2  88 6
2  34 66
6  81 90 67 76 78 32
6  22 4 48 11 30 72
5  29 23 81 35 66
5  46 10 79 98 84
1  31
3  98 11 39
4  87 16 96 78
3  100 26 48
2  97 27
4  20 8 80 54
5  61 100 82 39 79
5  23 90 10 72 88
2  10 51
1  26
3  85 63 47
1  11
5  7 38 33 26 45
1  80
2  74 80
6  12 58 79 35 47 88
1  34
1  15
6  15 41 32 99 4 79
1  14
4  15 52 86 41
6  99 20 14 72 13 84
4  92 18 4 80
2  37 88
3  22 3 78
4  1 81 32 10
6  85 24 46 71 64 42
5  84 56 41 83 69
2  39 60
3  42 40 64
5  27 2 1 29 80
4  30 61 86 39
4  71 63 1 42
2  43 11
1  99
4  92 67 74 30
2  15 71
4  79 50 93 80
3  22 59 4
4  19 90 74 60
4  75 2 78 17
1  88
1  62
5  82 36 9 8 51
5  74 29 67 9 79
6  67 82 39 86 71 29
4  31 81 34 32
4  50 44 46 65
1  25
3  41 33 55
6  12 29 19 40 95 27
2  82 94
6  21 79 71 49 38 2
2  72 34
6  22 77 34 86 82 58
2  22 90
6  12 1 15 31 40 10
4  58 91 51 57
1  30
2  61 68
2  90 39
4  77 60 38 10
3  19 67 78
3  57 65 52
4  79 82 97 88
3  54 79 89
1  91
2  38 51
6  66 40 23 27 17 82
4  27 83 94 5
2  50 69
5  6 48 55 2 36
6  56 14 81 66 4 99
1  55
5  68 94 6 95 11
6  59 37 14 41 30 19
4  79 87 37 85
3  92 86 70
6  41 83 65 6 87 64
1  42
3  76 35 51
5  45 39 28 82 52
5  11 71 32 90 58
5  74 92 60 61 44
6  44 9 6 31 72 15
5  18 90 7 69 60
4  7 88 33 59
4  43 29 88 33
6  57 6 78 17 65 39
4  65 82 69 71
1  41
6  84 58 74 90 27 34
3  33 21 74
6  77 17 21 64 49 7
2  54 84
3  19 22 97
5  4 66 53 16 6
3  100 64 11
6  90 44 31 23 65 4
1  41
2  35 5
5  41 25 23 61 47
4  24 50 23 77
4  28 13 65 92
2  54 81
5  84 4 32 87 18
5  8 53 76 94 1
6  18 61 40 64 63 14
3  39 79 68
4  43 59 75 97
3  43 80 44
5  67 61 45 74 14
2  49 7
2  48 24
5  87 88 100 49 2
3  88 80 7
3  23 65 14
2  5 56
6  48 29 65 9 74 38
2  95 87
2  15 34
4  97 20 40 96
5  41 35 56 21 94
3  6 7 62
1  63
4  58 91 25 66
4  62 87 59 49
1  73
5  66 70 2 5 65
5  46 99 26 66 40
2  9 45
2  71 55
6  30 13 80 55 78 44
1  65
1  65
5  75 47 45 44 49
3  9 19 95
1  45
4  46 65 69 91
6  39 46 80 69 58 60
2  35 3
3  100 5 3
5  80 50 23 98 72
2  17 66
3  62 26 84
2  94 74
2  32 20
6  100 77 56 23 12 59
4  11 63 64 89
3  13 11 65
1  82
6  27 48 33 89 74 17
1  68
6  31 99 10 28 87 83
2  98 41
5  9 4 45 97 57
1  10
5  89 5 95 37 38
5  10 54 97 77 44
2  76 54
4  75 40 38 96
3  79 77 46
5  22 43 27 79 49
3  46 38 41
3  74 79 23
5  33 19 60 77 47
3  30 2 10
5  39 5 7 18 82
4  99 4 94 26
5  43 62 28 81 3
5  54 81 90 37 14
1  97
6  55 32 20 56 41 89
6  46 95 12 28 47 11
2  41 37
1  83
6  41 63 100 8 17 81
6  54 94 6 50 83 60
5  2 16 22 90 10
5  85 22 95 31 32
2  72 68
3  54 66 79
2  65 87
2  45 84
6  39 89 37 21 49 17
2  64 39
1  73
1  97
6  1 28 26 27 99 94
4  53 60 44 70
2  31 3
5  14 90 7 3 26
2  51 43
3  14 81 62
6  87 59 82 8 14 86
1  79
3  61 22 8
6  52 10 54 66 100 61
5  25 88 18 67 38
2  48 100
2  34 58
6  21 45 7 35 30 8
1  68
5  34 75 53 86 85
1  51
6  66 19 9 53 36 76
6  68 23 90 87 57 48
6  78 92 94 12 21 2
2  88 70
4  63 22 44 47
2  94 31
6  12 39 45 48 14 35
1  36
2  2 93
5  89 70 63 82 84
5  5 72 52 63 34
5  6 81 100 11 92
1  49
3  59 63 71
5  99 95 76 91 67
4  61 30 46 42
1  29
3  85 81 10
2  54 15
6  54 14 9 45 25 58
5  84 20 53 58 19
3  34 9 14
6  69 43 11 56 71 57
3  51 66 58
1  81
4  58 95 66 3
2  23 84
1  43
3  60 61 83
6  70 97 90 39 33 49
6  4 6 34 54 72 92
4  52 48 16 47
1  19
4  36 2 68 78
3  28 39 21
2  8 17
1  46
4  43 95 50 46
6  84 100 71 75 58 23
2  74 69
3  92 35 70
6  3 48 31 87 51 95
5  62 40 23 4 34
5  50 34 55 5 29
1  27
4  82 96 86 73
2  56 66
2  4 97
4  90 47 13 84
1  74
2  37 78
4  8 28 91 63
5  95 92 85 22 43
4  17 28 39 47
6  5 80 87 1 42 77
3  55 61 62
2  84 98
1  42
1  34
2  68 11
2  59 96
3  2 62 65
2  100 12
1  5
6  100 5 33 76 53 87
3  14 15 21
1  21
4  17 55 93 85
4  20 44 61 67
3  23 32 74
2  43 86
2  34 85
2  66 61
6  52 97 98 67 17 9
6  78 26 41 71 10 6
6  53 67 57 98 89 71
1  31
4  38 65 41 69
2  2 52
5  99 50 47 15 58
3  93 84 75
4  93 81 54 46
3  11 43 36
6  13 47 30 69 84 94
1  52
2  12 4
1  10
4  51 25 11 85
2  94 59
5  86 40 35 32 87
3  74 22 45
6  68 75 56 51 66 3
6  77 6 96 86 58 47
1  68
2  27 62
6  8 48 29 43 79 15
6  53 37 32 39 5 6
6  55 74 60 57 65 36
4  60 22 20 6
2  88 37
4  49 26 67 97
4  9 75 70 96
2  7 28
4  11 34 61 65
1  20
2  72 56
6  32 78 4 38 10 92
5  68 40 100 34 37
4  42 11 24 38
3  30 65 4
3  98 64 5
1  84
2  76 39
1  8
1  14
3  26 5 18
6  45 17 27 81 71 68
6  95 6 29 25 70 32
4  68 96 69 72
5  95 48 18 5 55
3  18 99 60
2  17 52
4  34 79 46 5
3  37 99 52
4  23 21 98 87
6  93 56 61 72 50 8
6  55 63 23 72 62 82
6  79 34 60 12 6 16
4  42 15 9 8
3  30 5 24
2  98 80
5  69 30 86 58 84
3  80 55 10
4  49 89 95 8
6  6 13 16 63 55 30
5  62 67 1 91 19
4  70 97 32 99
5  89 82 31 69 37
3  30 85 29
2  93 29
2  5 44
6  59 73 63 21 40 64
6  30 82 51 100 79 98
4  71 80 91 40
1  32
5  1 61 92 94 89
2  98 32
1  57
1  76
5  44 39 65 74 21
1  73
6  97 70 60 67 50 51
1  66
5  75 67 42 60 31
6  58 62 100 15 67 75
6  10 14 57 84 34 71
4  33 67 26 92
3  75 43 40
3  24 15 7
4  81 66 96 68
2  58 68
3  24 42 30
3  55 86 18
6  56 73 22 23 99 13
4  74 55 96 14
5  10 20 45 91 86
3  59 9 98
2  47 22
5  76 56 23 62 73
1  18
3  32 40 45
3  95 18 100
6  32 79 100 51 24 91
3  64 49 46
4  74 92 84 42
5  39 64 30 12 75
3  58 7 86
1  52
5  20 51 71 30 2
4  61 38 16 10
6  78 84 76 61 25 44
6  88 73 11 62 19 69
5  4 71 20 85 90
5  55 40 100 25 41
4  86 79 69 95
4  46 78 38 6
1  81
1  90
4  16 52 72 85
2  76 55
3  60 44 10
1  83
1  39
2  62 25
1  30
2  65 75
6  2 81 100 83 85 90
3  1 41 8
6  61 84 39 100 43 82
1  57
4  18 96 89 79
2  91 8
3  56 83 37
4  63 36 40 48
2  76 48
4  84 32 26 67
5  26 9 53 35 66
2  52 61
1  31
5  96 38 20 52 21
4  9 83 92 49
2  16 24
5  81 8 9 7 74
5  32 83 67 48 49
2  9 54
3  90 50 86
1  1
1  66
1  89
4  57 18 72 81
6  53 89 4 59 62 83
6  45 15 57 93 63 75
1  17
2  91 67
1  100
5  14 65 76 2 21
2  20 92
1  14
3  2 18 3
4  1 93 8 15
3  100 78 24
1  95
3  91 61 53
6  28 67 54 3 68 74
3  87 66 49
1  10
3  19 13 14
2  5 21
3  54 20 12
5  20 6 22 11 66
5  100 93 41 54 96
1  27
2  96 93
5  96 3 30 14 15
3  33 20 63
4  73 83 78 50
1  83
5  13 49 47 42 87
4  38 96 93 69
6  85 48 86 88 78 100
1  20
2  21 83
6  94 66 77 43 69 60
1  82
1  61
6  50 48 60 88 43 52
4  34 37 4 19
2  81 19
2  1 52
3  83 50 40
3  26 82 17
6  97 99 93 58 92 43
1  52
2  49 3
6  82 40 89 1 64 69
2  89 69
5  35 52 20 74 1
3  56 17 31
4  15 24 10 7
4  15 59 96 63
4  81 45 1 69
3  65 38 64
4  6 34 88 58
4  62 58 99 17
5  30 69 90 53 79
6  19 94 55 14 57 16
6  1 17 62 45 81 99
1  35
1  42
2  63 95
5  21 94 100 95 24
5  85 76 48 82 95
3  36 8 98
4  2 98 69 64
3  50 62 51
6  67 93 6 30 88 89
3  82 89 45
1  58
2  81 6
1  75
3  46 83 43
6  84 41 67 47 16 9
3  100 76 27
1  5
1  94
4  95 83 98 100
3  27 80 46
3  55 91 82
3  34 80 21
5  46 68 58 62 76
6  62 51 18 67 56 32
4  9 27 43 6
2  83 32
1  28
5  61 18 50 98 52
2  18 26
5  86 84 37 62 75
6  13 93 65 68 24 76
3  66 82 76
3  14 82 76
5  42 94 32 39 45
4  57 71 36 42
4  73 3 29 71
1  21
3  83 45 59
4  95 25 40 70
5  53 52 48 35 93
3  66 31 86
2  88 57
4  29 11 35 32
3  6 47 61
3  30 5 99
6  99 23 27 69 96 80
2  44 14
1  84
5  43 70 6 30 26
5  59 36 3 91 76
1  38
3  48 67 40
3  54 39 70
5  8 65 60 28 74
3  92 53 82
4  59 12 87 27
5  23 29 62 98 37
6  33 85 65 73 32 19
1  1
6  18 66 58 45 73 31
6  65 84 66 26 43 78
1  69
3  35 98 10
2  34 8
4  19 73 37 50
6  47 50 89 65 15 46
1  88
5  93 53 61 59 78
1  36
6  71 84 25 68 93 56
1  1
2  20 73
4  70 63 4 19
4  69 34 97 78
2  74 70
5  34 29 52 37 65
3  7 48 66
5  41 22 76 42 96
1  99
4  76 2 84 27
5  17 23 47 39 96
2  12 30
3  63 66 10
1  73
4  69 48 98 91
2  39 32
2  52 30
5  27 32 67 53 1
6  76 48 22 72 65 34
1  10
6  67 19 1 40 76 70
6  73 60 10 12 91 28
4  21 12 90 52
5  43 53 62 19 1
5  90 65 17 91 75
1  58
6  14 97 68 83 84 41
3  93 53 34
2  15 54
2  5 6
1  48
4  71 66 58 54
4  23 70 47 97
5  4 89 97 1 57
5  84 98 22 77 50
4  97 65 9 29
5  14 38 17 71 9
5  29 62 38 51 32
6  48 15 88 36 11 93
6  72 90 12 48 40 67
3  4 76 73
5  89 11 90 60 19
5  89 81 10 40 13
6  87 27 82 23 38 69
1  28
3  5 40 88
3  6 32 47
5  5 20 70 15 9
2  34 81
2  15 91
4  27 85 43 53
4  65 91 35 80
2  75 84
4  62 28 63 93
5  44 98 94 14 12
1  43
3  84 60 74
1  87
4  59 40 24 23
2  58 2
3  32 86 5
6  13 68 87 12 84 81
2  96 83
5  42 66 27 2 40
3  88 98 1
2  21 23
4  79 25 4 10
1  8
1  24
5  90 11 86 74 91
1  70
5  77 11 40 4 12
5  46 100 76 26 96
5  82 74 94 85 84
1  92
6  28 67 78 38 52 51
2  62 21
1  39
2  41 42
3  19 88 42
6  33 68 90 2 49 64
6  33 48 99 25 35 27
6  13 64 43 92 4 84
6  43 15 33 84 57 52
5  99 46 4 66 35
1  15
6  1 48 46 100 72 81
2  62 93
6  4 56 81 8 40 73
3  54 6 34
1  57
1  9
1  9
5  37 14 90 35 81
1  8
4  39 70 54 28
5  10 8 81 49 31
1  86
4  13 42 68 22
3  76 96 80
6  85 15 3 21 95 16
2  56 54
6  10 81 71 19 88 52
5  69 82 70 54 46
5  96 14 3 39 89
6  18 79 83 32 81 4
2  97 33
5  50 30 92 31 1
1  19
4  78 87 35 47
3  80 28 35
6  30 74 82 29 92 60
1  23
3  15 50 37
3  32 87 78
2  18 79
2  36 31
1  22
4  56 62 45 84
6  37 14 70 19 42 61
5  53 84 19 68 34
4  15 65 43 92
6  60 71 19 95 1 29
1  66
6  78 10 68 75 47 81
3  65 23 5
3  76 89 61
3  23 16 58
6  58 50 74 17 20 92
1  20
2  28 86
1  6
6  73 80 41 54 24 5
5  29 47 51 18 8
6  40 23 51 26 81 1
6  98 20 91 9 40 11
3  25 16 42
2  88 21
4  41 44 65 17
5  11 67 90 19 61
2  41 12
4  22 12 53 20
2  43 28
5  54 64 95 69 6
1  57
2  73 98
5  37 14 42 48 81
2  66 41
4  7 52 13 29
4  65 48 94 8
5  63 62 39 57 30
3  70 87 71
3  84 40 79
6  82 27 77 13 92 18
5  99 70 85 27 32
3  74 26 58
3  88 19 45
3  32 15 35
1  57
2  42 36
1  24
4  92 37 54 9
1  52
5  94 78 10 44 52
3  1 100 23
2  88 68
5  19 83 3 21 40
2  63 75
3  86 37 27
2  90 36
2  41 14
2  19 24
5  70 58 69 81 88
4  49 56 76 32
4  97 71 79 59
3  14 45 83
3  68 72 75
6  13 88 22 32 11 90
1  69
4  72 50 46 29
6  1 4 30 59 37 60
3  50 5 29
6  72 1 65 70 13 52
6  45 63 81 46 32 39
1  82
6  45 80 84 49 10 43
3  11 79 9
4  29 14 85 19
6  85 83 55 98 34 46
3  97 27 88
2  66 5
1  49
3  89 33 98
6  76 47 9 55 56 65
5  69 50 1 54 35
5  8 33 17 54 75
1  81
4  42 46 66 51
6  15 40 28 12 38 3
4  47 57 14 11
3  82 61 40
3  96 23 43
2  40 97
1  53
5  64 95 23 30 45
2  45 85
3  57 23 47
1  69
1  29
5  42 10 40 82 45
3  5 88 63
3  84 65 97
4  29 92 83 58
3  100 2 21
3  59 43 90
5  11 93 1 90 35
1  30
1  56
4  21 43 27 65
2  92 61
6  20 53 70 77 89 79
1  13
3  51 3 10
4  95 11 51 29
2  81 45
5  45 65 20 72 29
3  63 90 33
5  42 3 59 30 72
3  38 85 75
6  87 84 50 82 95 1
1  15
5  55 92 26 19 11
6  48 57 60 37 90 41
5  92 100 8 64 37
3  48 11 34
3  95 84 16
6  84 26 4 65 80 95
6  98 5 88 45 62 47
5  51 88 60 43 87
5  6 24 13 54 34
3  89 28 30
1  16
1  29
2  78 8
1  68
1  18
4  50 79 2 31
2  90 72
5  57 78 100 69 32
2  15 20
4  45 23 77 58
4  96 36 59 9
1  64
2  59 14
1  60
3  35 49 34
1  26
6  84 25 60 16 58 75
3  18 19 58
6  76 9 90 11 68 99
1  32
2  72 46
2  32 90
4  81 24 73 6
1  57
2  73 72
6  47 7 5 66 64 99
3  73 89 51
3  88 64 73
1  36
2  44 67
1  10
3  30 82 53
3  38 82 17
1  69
4  15 73 29 79
5  69 52 61 19 92
3  83 64 62
2  81 5
6  88 14 32 17 96 84
4  33 66 76 42
3  40 57 7
5  35 79 36 87 39
4  78 87 38 42
3  56 23 53
3  10 67 73
2  62 56
6  95 22 63 36 55 2
6  62 69 27 40 4 13
5  59 91 65 96 32
1  52
4  66 92 64 32
4  90 94 20 76
6  41 38 24 96 40 16
4  8 42 97 11
4  75 70 45 40
4  77 52 17 31
2  8 95
3  72 85 43
6  61 31 33 99 55 28
3  70 85 45
1  81
4  66 56 25 11
6  90 88 46 6 19 64
1  14
1  85
6  56 77 58 87 9 57
3  37 94 11
2  39 22
1  94
6  57 19 99 52 8 87
6  13 5 61 27 18 74
1  16
2  87 73
1  96
2  57 32
2  67 53
4  89 55 77 12
5  75 63 81 61 60
6  66 21 20 83 94 31
6  23 18 71 39 13 1
6  45 23 62 97 84 51
4  39 27 63 12
1  26
6  62 86 87 27 6 10
6  37 8 21 55 79 60
5  80 55 12 2 16
1  86
4  60 25 93 23
3  94 48 29
4  33 15 82 39
2  92 37
4  100 58 12 79
2  79 58
5  91 60 87 99 45
4  59 70 45 81
1  38
2  35 93
4  50 74 100 71
4  37 29 65 94
3  43 11 19
6  82 10 59 69 8 4
2  67 73
4  47 79 3 76
1  96
3  63 69 38
3  34 75 62
6  68 2 40 79 21 61
2  98 29
3  1 49 4
5  14 51 53 17 27
4  12 64 29 81
1  63
1  76
2  12 44
2  52 22
3  91 83 76
6  11 13 90 59 16 64
5  66 16 90 92 81
1  56
1  82
4  72 96 33 7
5  21 59 98 67 49
5  42 38 91 55 27
3  70 90 22
3  6 11 28
6  12 84 96 93 41 68
6  74 63 95 50 84 53
3  51 2 27
6  39 18 47 66 67 17
4  88 52 61 99
5  48 10 64 43 3
1  11
6  77 74 85 26 57 38
5  8 39 100 99 78
2  46 43
5  62 99 71 13 60
5  93 7 79 56 50
5  60 72 37 33 57
4  90 94 35 97
2  35 96
1  52
3  53 35 2
4  5 15 10 74
1  17
4  63 66 34 22
2  6 59
4  62 21 47 56
4  44 88 90 40
6  41 80 49 75 82 100
5  97 9 53 4 25
1  67
6  39 89 15 45 47 73
1  67
2  61 22
4  49 11 2 45
4  82 93 27 64
6  7 60 1 63 26 65
2  16 4
2  31 48
4  3 53 31 22
1  52
6  62 63 87 7 14 68
6  41 31 91 47 92 6
4  18 71 83 33
5  100 64 21 66 74
6  88 45 72 49 7 59
4  21 26 55 62
4  46 9 47 37
1  1
4  85 83 87 58
5  50 78 46 16 52
3  3 39 85
5  87 92 34 43 12
4  97 74 16 42
5  63 79 96 33 80
3  20 38 28
5  16 74 85 67 13
6  5 97 63 92 88 96
3  100 55 31
5  71 73 55 33 51
3  96 84 30
3  4 68 69
5  83 43 58 49 55
3  54 52 9
3  40 4 79
3  59 9 13
2  81 67
4  32 17 58 16
3  99 19 14
4  92 97 9 50
3  64 95 99
1  4
3  56 8 22
6  66 31 8 95 11 75
4  43 92 13 58
3  11 77 52
5  68 48 87 17 93
3  12 92 66
1  35
2  22 57
1  88
6  23 82 98 38 40 89
3  97 27 61
5  78 39 41 26 25
4  19 75 70 11
3  84 45 61
1  1
5  94 87 99 75 84
6  12 24 85 62 21 23
6  90 61 34 15 86 91
3  60 44 100
3  89 60 50
6  36 43 76 35 17 60
2  29 84
1  91
1  27
1  96
1  74
2  31 59
2  65 19
5  8 18 24 97 78
5  86 13 15 61 48
2  21 79
4  4 94 51 8
2  64 4
3  37 33 67
6  53 31 14 32 39 56
3  8 28 21
2  43 82
5  75 2 47 35 6
3  85 13 61
3  16 97 85
3  64 80 1
6  93 33 34 24 88 69
2  16 89
4  58 70 20 32
5  66 78 7 51 91
5  99 6 65 84 55
2  63 55
2  56 88
4  79 75 25 10
6  13 61 48 83 81 79
4  47 45 32 53
6  22 20 94 28 84 78
5  12 41 36 35 96
2  91 75
6  15 84 88 28 45 35
1  25
1  64
5  57 96 24 53 17
3  47 44 28
2  25 39
4  61 73 59 84
4  33 82 78 17
5  6 61 3 16 86
1  80
4  72 75 80 24
6  24 70 35 51 94 59
6  57 20 62 16 4 25
3  85 3 65
4  8 25 55 23
1  70
1  67
3  76 46 65
4  70 35 100 20
2  59 9
6  79 71 99 82 95 47
4  97 11 19 4
3  73 27 45
3  28 11 83
1  57
3  69 26 82
5  46 9 28 54 93
1  24
6  88 19 38 54 15 48
5  19 84 45 46 29
6  73 40 70 76 96 17
3  22 98 13
5  6 40 21 99 46
3  89 34 63
2  88 78
5  60 97 58 5 42
6  91 14 25 60 90 21
5  33 43 74 46 10
5  86 31 78 75 67
4  38 93 52 15
5  12 11 25 16 53
1  7
4  35 67 56 42
6  99 16 34 8 95 20
3  72 50 13
3  15 50 30
4  65 97 78 76
2  93 28
2  99 94
4  65 50 22 7
3  21 22 72
2  17 91
4  88 41 79 26
4  29 56 22 94
4  99 69 74 92
6  5 90 71 55 39 93
4  76 13 84 47
3  100 38 7
6  78 86 13 33 15 68
4  8 20 52 76
6  43 72 97 33 61 68
6  99 61 49 74 32 21
1  31
4  21 18 36 7
2  68 22
6  21 29 17 73 5 9
1  76
1  48
3  74 35 34
3  83 8 15
2  22 46
6  43 63 22 49 93 89
5  90 10 100 6 82
1  15
6  80 20 45 15 93 49
2  62 57
2  77 85
4  22 71 97 85
6  46 77 81 16 67 91
1  73
5  19 87 70 98 7
1  13
6  94 61 26 55 18 59
2  2 13
4  73 10 37 65
4  13 46 71 80
3  86 53 9
1  39
5  1 46 93 13 45
6  74 70 40 91 29 71
6  42 23 65 51 59 30
1  72
5  76 52 11 61 4
2  65 43
6  65 88 90 78 33 75
4  2 15 41 31
6  34 72 9 98 22 68
2  28 39
1  4
6  13 65 94 33 29 37
2  93 24
2  71 57
6  21 58 9 62 89 94
6  60 2 93 82 70 20
1  8
2  12 99
3  76 92 67
1  28
6  98 52 16 68 8 10
6  66 19 50 54 13 45
1  15
3  95 84 56
1  92
5  15 90 11 91 81
5  95 9 75 92 60
6  60 68 100 48 34 19
6  88 31 41 1 45 78
6  28 33 97 19 10 12
1  21
1  89
6  96 97 72 88 57 62
3  25 62 95
4  81 91 45 11
2  46 56
1  40
5  42 37 2 51 48
1  71
3  98 69 45
6  41 33 52 3 80 76
4  74 34 45 65
5  55 96 24 10 5
4  93 46 99 94
6  47 3 67 95 1 35
3  95 76 73
3  78 52 22
3  25 55 86
6  34 41 85 57 50 89
2  43 35
2  37 31
4  39 97 59 40
2  99 34
1  71
5  84 23 1 26 47
4  11 36 89 52
2  45 2
1  64
3  44 82 80
5  46 19 71 5 58
1  3
6  9 74 72 93 96 18
3  28 29 78
1  80
6  61 81 7 25 24 50
1  4
2  52 22
6  56 80 95 59 72 3
2  43 95
2  14 13
5  42 41 48 57 21
3  18 1 52
3  25 2 48
2  25 99
3  18 55 30
1  13
1  16
3  43 11 73
4  23 43 98 64
6  55 84 37 72 85 88
1  9
6  61 37 15 60 86 32
1  15
3  27 16 60
5  58 70 45 15 93
6  12 57 79 67 40 15
3  24 3 52
2  92 12
5  6 72 54 38 85
5  82 12 84 42 83
3  12 28 56
1  16
5  60 94 34 100 9
5  24 11 23 56 2
3  24 8 6
5  46 91 28 2 29
5  85 70 80 12 25
6  28 92 44 21 26 43
2  97 67
3  20 22 42
4  45 49 60 21
6  50 67 22 52 95 91
3  65 71 48
6  54 75 81 98 96 7
3  25 4 7
4  23 28 6 77
5  55 37 93 49 87
4  70 38 54 60
5  18 31 20 7 84
6  88 82 91 94 22 15
6  28 79 20 56 84 97
2  38 34
2  87 20
5  56 57 31 16 30
3  46 50 55
2  45 42
1  35
3  33 50 32
4  28 52 15 12
3  42 50 83
4  36 2 39 92
4  70 7 89 18
4  38 72 83 13
6  17 48 26 66 80 86
6  32 1 5 81 42 55
4  3 90 65 41
5  23 10 88 12 28
3  50 99 23
2  12 17
3  60 42 14
3  27 8 71
2  13 51
5  67 14 72 56 78
1  37
1  22
2  12 49
4  61 48 88 92
4  4 40 18 46
4  57 72 61 27
6  73 78 68 39 91 95
5  51 31 69 73 55
5  22 19 41 70 7
2  28 10
5  46 55 26 2 27
6  29 26 59 7 94 97
6  32 92 66 83 22 35
4  77 15 96 55
3  2 87 74
1  59
2  66 85
2  93 71
3  19 29 57
1  26
4  43 17 20 26
3  55 81 15
5  58 10 23 4 12
1  77
2  69 96
6  53 17 82 23 67 100
4  23 11 77 78
4  94 98 79 32
4  59 47 20 17
4  43 20 68 52
6  91 20 93 80 73 9
4  96 76 60 48
6  71 25 76 24 18 73
1  50
2  61 96
3  78 52 85
6  20 37 93 11 57 85
6  30 94 51 26 69 10
5  67 80 97 42 4
1  15
1  63
3  66 59 81
3  11 66 40
2  3 33
3  59 17 30
6  11 80 14 90 86 46
5  82 88 73 96 3
5  59 40 44 17 21
6  27 87 26 57 89 58
6  47 75 27 35 85 6
3  64 96 34
1  65
1  98
3  10 100 15
5  40 59 85 60 45
1  46
5  68 34 27 64 81
1  90
1  86
6  64 50 91 97 59 56
1  56
6  22 56 8 90 95 66
5  54 10 85 100 80
4  33 6 15 14
1  5
2  93 100
6  42 90 89 1 45 100
4  38 21 12 45
1  7
1  84
4  20 68 60 99
2  93 5
2  6 12
3  35 4 37
2  46 26
1  47
5  16 3 8 36 15
4  46 21 62 29
5  82 97 40 80 15
2  85 48
3  97 85 72
1  21
6  46 14 93 17 29 95
2  65 10
5  11 31 37 40 19
3  51 98 50
5  83 97 20 79 81
6  79 2 91 25 48 5
1  64
2  12 88
6  21 63 9 52 100 48
4  18 83 14 16
2  96 98
2  16 77
1  8
4  12 98 80 59
1  96
2  35 8
1  33
2  73 42
5  72 89 42 90 55
1  5
4  3 34 66 80
3  74 35 56
5  14 15 73 10 38
1  17
3  41 45 20
5  25 92 71 66 81
3  21 85 47
5  88 81 37 67 25
1  1
5  81 15 96 54 24
2  61 41
5  2 85 99 83 9
6  54 75 71 96 56 42
4  43 22 3 10
3  13 11 27
6  25 22 47 48 55 8
6  34 9 73 33 92 82
2  45 56
6  40 52 49 81 17 92
1  20
1  49
2  12 76
2  36 97
5  84 51 79 72 85
6  44 17 78 25 40 23
5  33 62 32 82 43
3  74 45 69
5  94 1 86 69 26
2  66 97
1  16
5  76 1 62 20 18
3  44 57 62
2  90 23
4  71 65 6 44
1  74
2  3 74
1  72
6  25 37 96 29 53 70
1  53
2  24 70
5  68 27 32 92 16
4  49 87 20 55
2  29 28
3  32 2 52
1  1
5  39 96 5 92 65
1  44
6  33 14 67 100 40 99
6  56 54 40 43 73 94
5  1 22 21 33 24
5  35 24 49 74 19
4  66 84 63 10
5  96 23 47 95 63
3  86 18 99
2  61 71
2  33 72
3  54 4 65
2  39 88
5  13 6 29 78 90
6  87 70 10 16 82 72
4  68 90 59 93
3  30 13 83
1  54
3  5 18 63
3  6 38 57
1  67
3  1 59 21
5  46 30 86 27 2
3  94 92 6
6  42 35 100 24 36 53
4  41 71 22 85
5  60 41 87 26 75
6  84 95 58 29 25 44
4  27 90 49 18
6  36 59 30 35 83 66
6  43 7 58 65 91 34
2  31 20
3  5 8 33
6  66 62 25 9 17 51
6  65 68 93 1 27 23
3  10 88 22
4  94 79 16 85
1  40
1  32
6  20 40 22 5 83 44
1  99
6  12 64 62 4 88 27
6  98 15 20 49 8 99
4  93 11 5 7
3  93 27 82
1  46
6  97 89 100 95 83 11
4  44 15 22 32
3  20 29 55
3  78 63 38
3  55 49 47
4  91 40 89 72
4  35 58 50 24
4  45 6 67 3
3  81 25 22
3  10 77 84
6  39 22 30 94 70 77
4  60 17 44 32
5  78 90 20 1 46
4  6 13 67 55
6  92 36 16 45 19 32
2  41 61
2  10 37
5  70 53 23 2 100
6  43 1 37 7 49 74
4  43 65 97 58
6  42 50 19 73 80 59
2  3 69
5  82 38 23 4 39
3  3 30 89
1  66
6  9 15 69 70 58 34
4  15 34 8 65
4  80 44 11 13
3  79 83 27
2  6 30
4  52 33 86 40
3  51 36 45
4  4 14 23 38
5  38 72 88 2 24
5  45 34 81 90 13
4  17 30 69 47
6  21 79 71 61 14 22
6  59 87 100 72 9 38
4  46 9 40 47
2  8 92
4  88 82 79 51
6  8 20 45 94 40 23
4  1 37 85 97
6  72 97 67 80 34 20
2  43 59
5  74 66 64 40 54
3  18 4 43
2  23 87
2  63 10
5  64 47 68 60 42
3  56 9 19
6  28 44 32 87 16 6
4  79 45 6 23
4  9 66 88 32
4  7 94 62 89
4  8 57 17 50
6  73 58 13 63 86 57
6  72 100 25 50 45 30
5  7 38 95 70 90
1  64
4  90 21 60 47
3  9 42 11
4  54 73 52 11
5  24 82 67 48 31
1  77
1  18
1  42
1  85
2  13 48
5  3 69 41 50 6
3  91 16 45
6  68 55 56 92 36 22
3  67 33 16
5  50 31 11 62 15
3  75 63 24
5  31 65 27 37 15
2  53 31
4  41 98 16 97
6  51 18 28 43 87 100
5  98 62 89 40 37
4  64 14 81 29
3  17 43 58
5  73 19 10 70 34
1  59
6  24 86 2 74 29 89
5  3 87 36 91 26
5  41 90 86 22 18
2  38 60
5  7 33 1 16 3
3  22 61 20
3  47 22 19
5  10 93 78 97 28
5  23 100 8 12 85
2  30 10
4  89 93 73 21
6  89 23 28 10 84 48
4  30 69 74 5
5  66 82 75 94 49
6  93 57 9 77 85 38
6  51 27 79 24 48 72
1  71
6  22 54 47 77 84 16
3  89 94 15
5  68 8 19 65 1
5  73 77 61 11 63
1  37
3  35 84 14
3  54 14 68
1  61
3  91 76 94
5  69 8 49 37 16
5  2 16 43 75 93
1  85
4  14 21 97 49
1  11
6  57 24 63 64 84 7
4  60 100 32 29
1  80
4  23 47 67 39
6  41 32 93 25 87 6
3  84 55 48
6  49 5 18 12 68 2
2  21 61
2  52 89
2  32 54
3  78 21 86
5  61 17 60 86 3
4  30 87 20 78
5  69 82 98 81 50
6  98 70 60 15 22 49
3  53 3 85
2  23 71
6  84 87 58 69 90 24
6  76 43 77 57 12 59
4  92 8 53 90
5  13 4 99 62 42
4  64 27 82 87
6  80 71 84 37 40 74
4  39 50 3 15
1  15
5  60 7 81 13 96
4  25 99 56 86
3  8 50 68
6  37 64 68 8 48 5
3  21 65 85
5  68 99 76 83 72
3  89 52 47
6  10 72 83 66 58 24
5  8 91 61 45 55
2  52 3
3  98 23 99
5  93 66 81 69 48
4  4 37 51 21
1  22
1  78
5  27 50 88 17 11
2  71 40
5  73 80 96 71 62
6  37 43 58 85 95 61
2  99 11
3  11 33 44
6  13 70 39 100 87 50
2  58 89
1  31
4  94 26 32 55
1  69
6  73 53 92 33 90 44
1  1
5  57 90 89 27 28
6  13 78 19 70 66 33
6  27 26 59 80 40 78
1  79
5  45 52 59 89 65
4  65 22 48 54
3  76 42 61
4  61 30 18 93
2  45 18
4  3 98 94 30
5  6 9 44 51 60
1  39
2  60 3
3  8 56 94
5  98 55 35 58 84
4  50 13 97 68
4  100 65 60 30
3  66 38 83
1  98
6  55 22 44 57 68 51
1  62
2  10 16
5  68 100 20 17 12
1  84
5  16 49 38 45 88
1  83
5  19 80 54 73 1
6  29 69 47 42 31 79
4  47 46 19 65
3  58 81 19
3  97 68 72
3  55 74 24
2  93 3
5  65 4 75 94 73
2  35 3
6  86 50 46 5 95 10
3  52 91 58
6  88 26 58 29 80 32
4  5 24 55 83
6  59 57 81 31 78 16
2  77 2
5  22 6 78 32 45
2  22 3
1  9
2  73 38
1  5
6  12 28 44 94 16 3
4  97 33 28 12
4  4 14 49 26
2  26 57
4  56 79 67 71
6  94 44 26 2 48 15
1  76
4  7 92 61 57
6  94 84 100 60 88 13
1  13
2  34 70
6  89 49 61 60 37 55
1  62
4  51 76 69 27
3  75 18 95
2  6 89
1  5
3  2 18 56
1  49
6  85 44 78 34 5 37
5  59 40 32 14 90
1  82
1  42
4  34 36 88 39
2  2 44
5  4 62 27 18 10
1  3
4  93 36 58 30
1  17
5  36 30 58 43 12
5  85 69 7 21 56
3  45 57 89
1  60
3  42 78 60
4  80 13 50 15
5  80 20 87 48 56
1  6
6  29 79 82 97 86 2
4  31 46 9 20
4  69 4 46 29
4  25 42 11 39
1  90
4  98 38 14 15
3  11 43 22
6  40 7 95 92 38 41
6  57 2 68 25 6 13
4  66 38 94 77
5  6 66 35 4 48
2  47 59
4  68 51 100 75
3  91 12 86
6  68 88 58 93 71 45
4  8 39 35 84
3  1 19 48
1  66
4  50 24 25 18
5  24 92 20 15 4
1  5
5  94 62 63 86 33
1  45
3  47 79 24
6  80 42 38 84 8 3
2  31 27
4  5 51 43 25
4  46 31 70 16
2  31 79
1  63
6  54 3 32 33 27 23
1  68
4  95 75 63 28
1  90
5  11 40 21 35 5
4  66 74 82 89
1  60
6  68 46 53 70 77 85
6  99 97 64 59 91 39
2  19 44
1  98
4  51 18 89 56
6  54 29 66 43 34 26
3  1 71 94
5  48 78 67 47 74
2  5 65
5  26 84 12 36 81
4  87 99 55 42
5  9 70 48 52 4
5  93 5 44 86 75
6  64 42 37 72 2 40
5  86 52 3 67 18
6  65 73 30 48 81 100
6  32 4 69 25 8 12
1  83
1  74
2  39 11
6  80 12 36 47 98 87
3  64 5 39
2  77 69
5  57 69 71 89 72
3  14 80 50
2  63 52
6  87 91 7 82 71 19
2  17 16
1  67
5  9 5 7 85 74
5  42 52 31 14 90
3  93 40 67
4  92 64 42 82
5  24 53 88 41 70
1  45
3  82 53 41
6  38 15 69 79 56 21
1  69
1  53
4  50 20 17 42
5  58 24 53 82 76
3  22 45 43
4  81 24 19 21
1  56
3  80 35 91
6  44 60 10 97 21 17
3  1 100 96
2  52 77
6  92 99 44 35 65 24
4  83 45 69 39
5  49 74 71 18 30
4  14 51 18 31
6  19 30 84 42 81 60
3  73 58 85
1  22
1  65
1  53
2  44 32
5  17 2 31 34 32
6  48 82 7 79 70 25
1  53
4  89 12 7 61
5  92 68 99 32 96
4  65 39 84 46
4  86 77 90 17
4  37 98 71 16
5  96 23 20 62 12
2  69 72
1  60
3  93 59 71
6  11 35 27 94 81 83
5  57 72 95 22 9
6  93 24 60 88 47 80
3  58 11 19
2  13 78
5  5 37 39 93 47
5  20 41 54 2 19
1  74
1  32
5  6 25 66 13 52
3  62 9 56
5  38 68 58 6 72
6  44 65 42 17 84 82
5  86 1 81 59 14
1  41
2  37 46
6  50 97 29 11 5 85
6  42 52 49 47 24 44
6  88 85 7 72 67 77
4  67 57 17 80
5  57 99 7 2 83
4  99 11 67 3
6  58 45 47 7 91 70
3  81 58 35
6  30 1 64 88 67 20
1  47
6  60 45 96 62 28 52
4  38 18 62 33
5  6 80 81 97 50
2  78 7
4  64 37 65 28
2  32 48
2  79 37
6  23 33 48 51 84 7
6  1 69 21 76 75 57
5  50 87 49 56 52
1  93
1  40
1  48
6  43 26 23 29 49 55
5  99 38 84 87 39
4  8 15 27 71
6  57 58 46 13 9 6
2  97 22
5  83 65 99 6 94
3  60 70 46
6  53 33 37 5 41 51
2  49 21
2  5 79
5  18 88 32 24 13
2  45 86
1  9
6  17 2 31 77 72 75
2  10 11
2  50 61
4  98 82 88 3
4  62 21 48 94
3  61 22 88
3  34 97 29
3  98 60 27
5  36 2 93 45 12
2  94 73
5  92 55 68 94 15
2  14 63
2  58 23
3  46 68 78
3  96 27 40
4  54 9 91 55
1  36
4  22 30 39 2
2  93 70
1  8
6  29 70 21 86 92 65
2  60 42
5  56 69 12 11 22
2  1 77
2  36 43
3  66 82 45
6  75 14 1 82 12 29
4  32 15 43 97
3  2 38 17
4  6 29 68 28
3  68 4 70
1  47
1  70
2  57 55
1  70
4  85 81 84 36
1  98
5  9 43 81 47 60
3  52 88 5
5  37 73 83 6 77
2  18 46
4  74 1 61 43
4  46 24 39 82
3  37 60 46
5  41 92 38 79 43
2  84 22
4  57 5 67 33
2  84 79
6  57 80 52 100 36 97
2  74 78
4  11 38 6 89
5  97 26 57 40 51
3  61 12 96
4  78 29 98 62
1  89
2  87 40
2  22 36
3  96 14 2
1  51
1  94
2  3 20
6  43 70 24 3 81 19
5  59 48 66 20 55
4  38 42 94 56
4  30 97 59 43
6  65 93 4 58 21 7
5  5 49 47 29 52
2  48 19
6  95 85 6 49 39 43
6  33 98 53 63 94 11
1  92
5  98 95 33 19 1
1  24
3  57 52 1
6  99 20 70 93 4 75
3  43 18 32
5  15 84 37 9 95
3  100 70 39
6  3 58 96 13 81 45
5  32 45 53 31 65
2  24 69
6  65 11 15 97 86 29
5  22 38 75 64 37
3  2 31 47
4  26 59 40 71
2  72 16
5  2 80 3 25 48
6  90 58 15 86 43 66
4  81 40 28 17
6  30 48 31 89 73 90
2  44 18
6  59 98 1 38 25 85
1  15
3  15 100 86
4  65 50 38 5
5  55 89 7 2 20
6  75 10 24 18 27 23
5  25 23 14 26 48
6  27 62 41 42 61 26
6  26 76 37 30 53 92
2  60 93
3  55 68 48
5  85 75 100 61 23
5  26 70 73 52 32
1  94
6  39 92 18 15 29 48
5  20 67 27 13 5
5  80 53 59 65 28
4  26 28 81 100
4  50 72 5 81
6  98 73 24 90 91 38
2  38 5
3  4 31 51
1  12
2  61 70
6  89 28 21 16 8 20
5  58 92 73 39 77
5  12 100 60 2 38
5  40 42 16 43 73
4  51 85 97 12
4  92 100 83 12
1  91
2  84 48
2  56 87
6  26 98 99 86 36 64
3  78 79 81
4  45 32 35 41
3  90 32 43
5  44 58 62 75 42
1  98
6  96 97 23 93 9 92
2  72 30
1  50
1  60
6  42 94 36 85 83 68
2  55 11
6  16 86 26 25 84 23
2  80 46
1  76
4  4 7 25 33
1  75
3  75 69 84
5  5 68 52 72 95
1  82
5  22 68 5 46 51
2  66 31
5  78 6 26 81 13
4  14 29 25 57
1  94
3  73 98 8
2  70 3
2  52 82
4  19 87 97 69
1  62
6  87 39 6 13 20 18
4  33 47 88 89
3  82 29 23
5  37 46 49 39 76
6  21 26 19 7 23 88
2  84 87
1  22
6  19 41 10 82 74 56
5  62 6 51 90 28
2  27 74
5  65 50 78 85 76
6  92 98 83 13 81 70
2  3 61
3  43 70 19
1  25
6  78 31 38 68 58 94
2  46 59
5  23 44 56 19 35
4  2 47 34 71
4  36 31 3 79
6  22 95 25 10 73 55
3  40 13 15
3  45 60 92
2  83 35
5  1 70 34 2 17
5  73 82 3 85 81
1  6
5  28 16 48 82 63
6  95 77 21 39 37 12
4  19 47 45 20
1  79
2  33 45
6  15 48 96 99 28 5
1  26
2  50 8
5  37 2 59 57 41
6  69 5 14 15 50 33
2  28 54
4  73 47 78 20
3  77 47 41
5  50 66 1 99 73
5  36 75 41 92 16
3  60 20 49
5  69 81 6 97 35
5  69 81 46 88 24
2  35 64
1  84
2  4 82
1  86
2  78 27
1  93
4  69 13 11 43
5  92 48 78 26 17
3  7 63 33
2  85 67
6  88 51 24 91 33 27
5  50 4 3 58 97
4  26 9 75 69
6  67 17 68 92 33 14
6  95 46 28 79 13 22
4  64 46 57 96
5  33 45 76 35 3
5  99 28 82 74 96
5  40 13 39 32 45
4  30 40 98 58
2  11 80
6  74 25 41 69 97 73
1  73
1  16
3  7 44 26
5  40 97 20 52 36
4  96 87 81 35
6  39 53 95 18 37 69
3  77 38 39
3  51 11 57
4  55 63 10 81
3  49 77 63
6  12 13 96 99 94 30
5  32 83 78 49 20
3  92 97 84
2  46 35
3  3 1 96
4  10 76 8 59
4  70 58 64 83
4  63 77 84 46
1  66
2  57 86
5  48 82 54 78 28
6  19 30 89 14 95 99
6  3 57 42 73 15 6
4  68 32 51 13
3  17 36 97
1  6
3  84 59 22
1  46
3  41 35 54
3  33 43 39
6  84 11 4 89 66 71
4  98 22 69 38
3  5 34 41
1  78
2  69 100
3  15 40 75
3  93 11 81
3  49 70 19
4  73 8 25 44
4  23 66 33 60
1  38
6  44 48 71 68 16 2
2  10 76
5  3 86 59 39 35
2  58 93
1  65
2  45 29
3  10 62 100
1  99
6  57 46 64 24 62 34
2  91 44
1  70
3  87 29 85
2  57 42
1  58
1  32
1  35
5  13 96 71 26 95
4  83 40 26 7
1  60
2  92 3
2  61 50
2  89 34
3  46 76 55
1  82
6  6 17 57 18 13 27
3  7 90 26
3  16 32 47
5  64 39 78 96 99
2  16 88
4  56 33 36 10
3  17 96 42
2  52 60
3  79 3 52
5  28 98 84 60 44
4  23 82 36 19
5  63 34 69 23 90
1  58
6  38 75 95 79 8 46
3  53 25 40
1  92
5  2 76 28 46 34
3  28 69 8
2  2 76
4  91 78 11 90
1  85
6  93 92 30 31 45 54
5  49 46 38 50 21
4  95 55 15 22
2  83 30
4  84 6 8 75
5  18 65 97 3 49
6  95 78 20 39 32 90
6  78 27 37 99 92 32
4  6 53 76 88
5  30 72 88 37 47
5  55 11 67 58 60
4  52 38 75 91
5  64 79 46 91 15
3  82 47 97
6  99 72 75 82 1 46
5  38 92 39 93 3
1  50
4  60 2 99 35
6  68 99 71 14 90 85
4  71 31 53 58
2  25 32
1  26
5  80 63 70 18 55
5  23 5 34 83 6
2  17 98
6  16 68 13 5 53 69
5  83 22 34 13 46
4  24 72 43 3
3  12 21 89
5  43 93 17 25 98
3  42 95 48
4  63 60 62 15
2  38 98
3  71 10 96
3  34 67 78
3  1 89 57
6  72 99 82 88 24 79
3  65 74 83
2  36 42
6  51 70 21 48 20 91
4  16 26 91 83
1  27
5  91 83 72 62 82
4  50 5 32 85
5  5 67 92 41 8
5  91 77 96 38 97
6  96 12 86 94 15 77
1  94
3  68 75 1
1  80
2  1 49
3  67 41 78
5  15 68 51 11 6
3  97 1 59
1  87
4  23 98 28 91
5  95 66 77 11 45
1  12
6  45 78 34 22 52 49
6  2 59 96 49 55 7
4  82 59 85 80
6  12 71 62 7 36 39
2  81 46
2  75 91
1  9
1  57
4  1 59 16 96
1  70
6  13 33 74 71 17 54
4  29 24 19 35
4  57 52 40 3
5  14 93 85 22 5
3  79 6 100
6  2 6 64 94 19 96
5  89 12 20 46 41
3  65 75 2
2  26 41
2  5 55
1  90
5  21 31 54 26 30
3  27 35 11
2  53 6
6  42 18 7 88 58 50
4  33 52 73 58
6  96 63 47 12 52 23
2  83 76
4  12 23 84 47
2  4 100
3  91 41 57
6  29 15 47 80 98 53
1  90
3  67 37 60
2  59 92
1  35
3  12 58 33
4  91 37 57 30
2  98 86
2  26 100
5  6 46 68 59 50
4  7 16 95 66
3  53 58 34
6  7 45 44 39 3 35
5  60 64 2 57 50
2  83 49
6  89 95 63 48 44 21
4  60 15 20 93
5  77 26 54 83 71
6  22 74 32 97 33 96
6  90 45 23 73 93 17
4  88 80 9 31
6  62 91 15 82 83 59
1  36
3  80 33 63
4  65 59 86 60
4  76 4 78 48
6  95 9 84 74 18 15
5  80 5 88 61 70
2  97 5
4  76 37 22 29
1  81
1  61
3  89 65 14
3  62 9 46
3  83 63 60
4  42 64 44 2
4  13 21 48 17
5  23 54 2 52 55
5  66 16 18 55 80
2  91 41
3  37 86 23
6  45 78 40 9 21 42
4  34 63 8 50
3  31 3 44
5  58 26 47 73 44
1  53
5  93 15 29 79 37
2  23 15
4  32 36 9 92
5  71 99 19 13 30
2  57 11
5  83 58 52 26 59
1  1
4  97 16 80 75
4  6 98 67 73
2  2 81
2  71 52
2  89 65
3  10 21 59
6  3 17 40 29 76 43
2  27 39
3  6 14 96
1  11
4  84 40 64 65
4  34 16 79 23
5  27 33 1 86 22
1  2
4  32 78 4 61
1  43
1  10
4  100 21 66 62
1  5
2  70 65
4  85 43 82 65
5  15 66 56 36 69
4  96 1 35 100
4  39 42 65 48
6  65 69 63 27 74 67
4  43 32 11 28
5  92 93 44 6 58
6  42 26 56 37 27 90
3  87 28 77
4  76 74 16 44
3  42 18 3
6  60 34 4 88 8 95
5  52 1 37 50 42
4  6 79 89 96
1  76
2  92 27
6  65 43 1 85 60 3
5  20 36 81 7 44
5  87 95 76 24 45
2  86 50
6  75 45 11 51 69 2
5  67 20 10 4 70
5  81 89 5 61 96
3  36 82 43
1  5
6  29 91 37 25 66 82
3  16 50 37
6  17 3 13 27 69 96
3  97 84 42
4  80 91 94 61
2  5 66
2  34 56
4  58 22 39 93
3  89 29 30
1  31
3  32 100 59
2  37 56
1  79
1  90
5  6 51 2 11 16
2  44 72
5  2 93 18 94 30
1  23
4  12 54 2 44
4  61 71 90 16
5  68 29 71 37 35
2  39 45
3  61 88 8
3  89 100 57
5  30 63 5 90 75
4  92 18 11 52
6  100 68 69 96 40 5
2  60 44
5  96 4 62 44 51
1  100
2  33 63
3  23 38 95
1  55
1  65
3  5 33 11
5  28 50 78 58 10
2  31 6
2  93 10
5  43 13 68 75 46
2  12 68
5  7 81 22 12 46
4  17 78 76 90
1  26
4  63 35 88 94
3  12 86 50
5  28 63 46 3 8
5  15 76 44 22 57
4  33 2 30 50
5  5 39 85 30 6
3  65 93 41
1  4
2  56 83
4  18 29 56 26
1  71
1  48
6  57 13 25 59 43 74
3  47 13 23
5  19 70 42 12 10
3  15 35 3
6  89 20 26 44 46 31
1  46
5  6 3 91 30 61
2  4 99
5  17 21 57 36 91
6  47 100 46 61 35 48
4  23 67 85 12
1  81
4  93 87 60 84
1  21
2  21 19
6  37 40 54 72 31 53
2  31 98
5  65 45 38 88 12
2  55 23
3  36 81 29
2  41 12
3  61 29 59
5  26 96 20 80 68
3  32 86 80
2  65 45
5  2 33 84 23 88
1  59
2  87 45
2  99 84
6  28 42 68 54 38 87
2  5 37
4  90 17 93 55
4  66 56 94 50
5  82 56 37 4 43
2  49 70
2  32 58
4  74 25 4 11
1  37
1  48
1  5
4  93 59 25 15
2  8 93
6  63 30 4 6 54 52
5  76 84 33 27 57
4  30 67 68 66
5  15 67 87 79 59
3  4 17 59
2  24 51
2  87 81
2  92 34
5  67 9 61 99 36
2  56 65
6  23 31 66 38 97 52
1  56
6  19 73 55 41 97 6
4  84 86 88 75
2  66 42
2  26 41
4  43 96 28 27
2  59 93
4  56 44 71 12
3  90 84 95
2  81 1
6  64 86 81 39 5 46
5  33 71 21 96 14
1  24
3  34 83 33
6  38 76 60 49 16 33
1  79
1  11
5  76 97 52 15 1
6  94 34 68 15 30 81
2  54 22
4  36 54 53 74
2  12 22
3  61 55 40
5  66 11 43 62 57
4  58 51 96 25
4  26 6 95 79
2  59 15
5  11 88 10 23 55
6  64 10 23 31 75 34
5  36 95 31 98 53
5  93 77 47 19 83
3  98 10 100
1  90
1  99
6  34 9 53 17 73 62
3  3 37 73
5  72 68 7 69 20
6  62 96 35 80 79 76
5  88 75 89 77 86
6  76 19 96 29 36 68
6  75 71 27 48 47 98
1  54
4  34 42 28 30
5  8 53 85 96 28
5  73 13 61 48 31
4  76 66 24 41
6  93 88 41 90 2 95
4  35 37 85 65
1  92
5  65 77 68 92 50
3  4 10 87
3  66 63 100
6  29 41 82 21 28 23
1  29
1  67
4  53 51 29 65
3  100 30 19
5  22 69 7 25 79
6  60 44 56 33 84 100
1  4
2  37 14
4  53 80 20 6
2  48 71
5  48 100 92 15 21
4  21 46 39 14
1  83
5  64 15 52 29 56
6  65 69 46 18 49 24
5  13 94 52 60 93
3  75 14 3
6  60 41 9 65 23 77
2  38 29
6  66 84 81 31 53 27
3  1 91 72
5  4 65 31 63 58
5  37 72 77 32 31
2  41 95
3  17 23 78
3  14 43 29
6  74 82 21 22 12 94
4  15 58 92 78
1  66
1  87
3  46 18 59
6  12 98 3 35 76 49
3  18 78 44
6  59 65 13 40 76 6
1  91
4  93 69 80 58
5  66 99 29 84 57
1  96
4  18 30 66 78
3  43 22 39
1  86
4  42 62 58 43
4  22 35 21 1
6  3 67 92 32 50 49
3  45 4 64
5  34 29 53 81 72
5  20 74 59 72 15
2  29 57
5  51 92 85 94 17
5  25 67 24 71 11
2  34 86
4  63 38 42 35
1  62
1  69
2  22 88
4  79 60 12 70
4  63 54 45 80
2  69 46
4  40 57 81 73
3  41 36 79
5  70 89 44 77 58
5  99 45 38 77 5
3  46 55 12
6  99 91 29 68 37 82
1  93
4  80 34 3 16
1  86
6  1 29 62 58 5 60
1  43
3  7 92 83
4  4 82 60 95
1  27
2  93 34
2  55 14
4  58 29 69 43
1  70
5  75 27 76 34 30
2  71 37
1  53
6  13 34 58 8 45 84
3  37 18 61
6  31 18 48 59 87 90
5  56 61 46 83 36
5  13 54 50 49 63
1  47
5  37 4 83 81 87
2  17 5
5  8 35 99 56 94
6  45 66 40 6 11 23
3  91 35 95
3  83 57 43
2  32 79
2  14 59
2  34 76
2  14 83
4  13 38 52 97
5  17 36 89 28 58
2  18 92
2  58 75
5  1 4 12 79 35
2  38 54
4  13 77 73 96
3  85 34 86
5  17 3 5 30 75
3  48 67 58
1  41
3  6 45 50
6  79 76 21 33 34 9
1  29
3  91 63 29
5  79 32 89 83 61
4  18 9 30 75
1  71
1  19
1  64
1  94
3  23 26 73
4  35 79 85 78
5  47 7 42 25 38
2  8 99
6  25 7 22 100 20 92
1  38
1  76
3  99 15 62
2  87 18
4  65 2 36 35
3  42 76 72
5  5 80 78 97 4
6  18 3 4 9 16 41
1  92
5  13 6 42 37 92
4  95 57 61 31
6  8 72 67 80 51 59
2  68 63
1  86
4  16 95 81 57
1  72
3  21 78 79
4  69 38 52 26
6  82 17 6 54 83 86
1  55
3  33 22 7
3  8 72 60
1  52
1  11
2  53 32
1  31
6  70 69 40 95 66 22
1  72
5  95 57 80 49 100
1  71
1  57
5  78 17 81 30 33
6  53 85 22 54 16 11
2  84 51
2  50 72
2  21 47
2  77 26
5  77 37 43 83 94
2  61 10
1  90
3  92 43 27
1  97
3  24 20 27
5  38 76 45 67 97
6  91 73 16 63 50 53
1  33
3  27 94 56
2  84 98
2  27 24
2  23 67
4  43 93 29 80
5  74 47 64 37 80
6  87 33 6 20 79 32
1  35
4  96 32 78 22
4  10 45 22 65
6  14 93 66 82 13 46
2  50 83
1  49
5  43 55 89 21 87
1  55
3  97 87 23
2  42 32
4  63 96 49 77
6  15 59 54 27 4 84
5  86 93 25 55 36
5  44 56 66 45 11
1  41
6  33 59 39 65 22 1
4  70 78 49 84
3  3 11 39
6  86 25 80 11 15 89
2  71 54
5  82 65 8 78 97
4  16 62 88 17
2  58 95
5  42 30 74 52 69
4  37 94 40 47
5  54 36 96 24 90
4  5 54 71 83
4  37 99 13 25
1  35
5  10 6 23 39 80
5  8 39 11 1 78
4  74 32 94 70
4  84 32 60 38
1  43
6  40 41 1 64 56 36
3  66 41 68
1  20
3  12 59 53
1  37
1  86
5  4 55 24 87 83
2  89 26
1  28
4  13 92 22 49
3  87 89 5
6  9 47 3 68 99 15
1  9
1  73
1  56
6  99 42 79 23 31 4
3  59 70 48
3  91 96 87
5  85 92 69 93 38
5  61 36 87 65 44
6  37 56 43 33 54 84
1  77
1  14
1  73
5  58 23 74 54 10
4  38 1 21 31
3  92 91 74
5  55 18 66 92 74
1  24
2  92 34
1  6
3  15 79 31
5  2 5 26 12 57
4  13 77 93 51
5  83 25 47 38 42
1  29
1  20
4  43 11 86 46
2  34 60
6  64 32 98 69 57 10
2  19 22
1  12
5  69 95 97 16 32
3  28 61 53
3  13 95 58
6  41 74 32 100 70 95
2  68 63
6  77 87 7 98 88 18
5  56 13 66 72 44
1  99
1  57
3  17 52 2
1  92
5  46 91 40 22 13
1  10
6  90 16 87 77 34 57
2  46 23
1  90
2  2 94
5  46 10 34 48 25
2  24 70
1  70
1  38
5  12 47 71 1 63
4  78 97 15 10
3  37 13 32
4  14 26 45 60
3  79 8 59
1  32
2  18 1
3  56 83 49
1  54
3  64 11 28
4  25 37 2 61
3  34 24 63
4  69 23 94 47
2  53 49
4  81 67 62 18
2  45 67
2  98 17
6  8 44 48 33 80 50
6  29 83 17 92 42 85
1  35
2  44 87
5  6 67 47 68 85
5  12 51 92 9 68
5  17 11 27 50 91
5  43 19 58 60 11
6  45 24 34 76 68 20
4  73 87 2 40
5  71 51 23 62 60
6  41 77 1 67 26 91
3  68 10 100
2  20 99
5  43 32 47 11 52
1  83
3  4 22 10
5  73 33 36 22 76
1  22
3  34 13 85
1  22
6  29 41 83 100 84 15
3  94 67 49
5  5 53 99 15 27
5  47 62 3 69 38
1  90
5  45 3 65 46 24
3  74 65 31
5  48 46 21 42 12
5  19 17 22 31 48
6  78 10 91 47 2 37
2  46 39
6  91 62 41 65 26 71
3  74 17 59
1  28
2  33 44
3  50 75 97
3  53 6 27
6  53 28 35 80 73 71
4  34 11 28 60
5  66 33 98 25 48
2  52 81
5  1 30 44 97 66
6  2 93 95 54 20 30
2  93 2
1  56
3  15 84 96
6  50 28 95 75 76 20
2  56 89
2  85 33
2  51 30
2  43 24
5  63 53 11 56 55
1  12
6  30 96 86 26 45 13
2  19 88
3  45 44 29
5  28 62 93 79 91
2  22 15
6  85 68 6 40 22 21
4  13 50 46 98
5  91 11 96 10 99
3  55 42 64
2  70 25
2  49 15
3  70 30 29
4  97 35 94 19
4  45 31 5 91
2  81 82
3  76 91 37
1  45
5  74 70 48 99 87
6  14 21 66 43 50 20
3  85 14 57
3  58 87 45
3  15 26 30
4  1 21 89 12
4  67 86 35 14
6  22 10 98 42 75 41
6  94 79 77 7 36 16
4  23 61 13 38
6  43 90 87 63 79 98
2  45 84
4  59 68 83 66
2  43 6
1  36
6  93 43 21 9 7 44
5  20 81 54 62 71
3  24 49 38
4  94 22 13 53
6  96 21 55 20 63 60
3  99 45 29
3  65 37 48
1  6
5  89 59 29 100 53
1  37
1  2
4  17 54 48 12
5  2 31 37 62 67
3  6 96 76
5  32 23 79 37 90
4  96 18 26 95
5  33 32 75 34 91
6  88 38 2 63 40 33
6  1 100 34 7 95 9
5  27 31 56 64 20
2  60 38
3  55 9 80
6  83 14 77 73 1 75
4  54 8 62 95
4  2 4 38 29
3  93 92 54
1  52
6  61 6 100 40 92 83
4  68 56 54 82
2  17 35
3  79 89 45
5  50 47 77 87 75
1  80
4  65 94 18 56
4  24 56 95 15
3  48 83 94
1  64
2  18 99
4  97 88 6 70
3  53 47 24
2  57 4
6  21 98 12 77 52 35
2  47 49
5  94 32 64 95 88
1  94
3  9 81 55
5  17 7 25 40 34
5  43 28 3 40 39
5  92 74 12 38 23
5  32 54 46 27 49
2  39 42
5  48 22 36 26 38
3  51 78 77
2  21 4
3  61 43 14
4  16 25 90 39
1  22
6  52 48 40 85 87 82
4  34 3 2 60
3  44 10 19
2  42 39
2  76 99
4  90 51 82 14
3  21 62 12
5  10 52 57 96 33
2  30 36
2  89 76
5  99 94 88 40 33
1  16
2  77 6
5  59 19 23 79 40
6  91 12 94 43 69 90
5  92 19 10 16 7
6  84 5 80 72 45 12
5  61 44 60 66 26
2  85 49
6  25 34 88 36 27 30
1  16
1  96
3  14 11 41
6  95 46 79 66 91 48
4  35 7 17 61
2  2 9
2  26 42
1  62
5  38 66 85 42 61
2  55 71
4  55 65 5 34
2  96 25
5  47 59 84 64 19
1  66
2  30 91
5  38 52 76 17 22
1  78
3  72 48 100
2  13 5
4  43 1 83 20
3  42 4 11
4  12 76 87 42
4  56 79 18 93
4  35 15 71 12
4  42 60 56 67
5  61 26 15 9 34
1  50
3  18 10 50
6  97 91 59 53 70 77
3  24 12 60
6  24 16 35 84 71 2
4  32 28 70 92
3  3 100 87
3  18 96 90
1  93
5  69 45 49 46 90
5  58 50 66 81 65
1  65
3  2 20 67
2  89 59
4  92 58 52 32
5  48 21 85 41 100
4  85 49 100 75
2  57 24
6  38 89 86 2 25 88
2  91 18
1  50
5  1 8 35 32 83
5  52 68 23 22 8
6  21 82 20 78 6 16
6  92 18 79 39 9 97
3  58 80 49
4  14 80 48 97
2  16 20
5  37 27 83 58 9
1  35
1  8
4  8 99 69 25
5  7 34 74 55 92
4  4 57 67 83
1  63
1  20
5  97 56 10 80 14
2  82 48
2  89 99
3  87 67 63
4  74 97 38 28
6  91 31 45 57 14 49
2  29 69
1  26
2  12 5
3  29 86 60
5  84 98 61 50 26
2  57 63
4  44 54 83 88
1  96
3  30 24 5
2  50 29
3  54 66 71
3  51 31 13
3  28 73 85
6  99 8 45 61 59 88
1  41
5  24 37 12 53 61
1  84
1  45
2  63 10
6  1 61 27 14 95 55
6  80 42 85 87 86 45
3  74 59 85
3  83 21 61
3  81 76 19
6  20 45 53 30 41 54
6  68 67 86 22 53 65
4  37 51 50 82
6  23 41 80 72 1 32
4  82 8 76 72
2  21 25
4  62 78 48 29
3  33 51 96
6  14 33 48 63 43 86
4  23 57 76 24
6  33 5 96 9 77 23
2  1 80
6  78 28 20 22 60 70
2  57 84
3  5 47 63
3  32 16 70
6  92 93 77 25 98 72
2  74 95
4  75 74 53 52
1  72
5  61 42 90 18 25
3  22 72 1
5  3 17 38 91 8
2  68 32
2  39 65
1  33
2  75 7
5  27 8 52 100 69
6  89 86 18 28 7 76
6  45 13 82 52 43 50
5  71 88 48 21 74
3  28 53 72
3  5 71 4
6  60 89 15 88 96 3
1  71
6  60 84 76 11 27 25
6  97 13 41 67 34 14
1  62
5  84 97 71 55 100
5  14 88 82 1 83
6  16 54 78 76 37 86
4  78 79 60 91
2  27 24
2  39 85
6  22 81 71 77 38 91
5  20 92 51 4 8
1  81
5  42 35 68 5 12
3  64 3 65
6  26 98 29 11 97 50
6  68 27 72 5 17 40
2  8 91
2  16 96
1  98
3  43 65 41
4  12 4 57 76
6  83 74 22 93 70 72
6  37 98 56 42 15 96
4  23 87 94 38
5  2 35 18 44 100
4  99 11 62 55
6  55 37 60 77 29 48
1  66
3  69 8 60
4  73 82 51 66
2  32 68
4  49 11 53 7
1  63
5  64 49 23 100 8
6  29 37 48 42 3 93
1  10
4  75 83 35 25
3  54 57 16
1  6
2  59 12
3  22 80 99
5  3 99 78 27 15
3  69 17 43
5  26 95 53 9 30
5  57 83 34 72 89
3  98 48 52
2  69 32
2  39 35
2  17 37
4  31 86 26 47
2  4 73
2  57 81
4  34 37 68 9
2  8 7
5  59 40 39 90 71
5  24 1 94 61 58
2  47 83
5  74 87 44 97 43
2  48 77
4  82 45 70 5
4  77 74 11 16
1  100
6  90 24 88 83 85 45
1  31
2  78 4
1  22
1  57
3  49 34 7
2  78 77
3  30 53 9
3  69 21 40
4  10 64 42 93
3  87 99 78
1  77
5  29 98 82 86 43
2  19 50
4  97 27 95 79
1  66
3  23 5 2
2  69 44
2  16 31
2  93 46
6  74 75 97 56 60 40
6  79 89 46 76 15 40
1  94
3  67 41 66
5  43 98 40 87 22
4  17 45 48 63
3  22 37 41
5  96 80 63 75 69
1  50
5  48 51 77 90 18
2  55 89
4  52 29 46 74
6  63 19 32 25 53 61
1  30
4  84 92 31 53
6  80 36 47 30 12 91
3  89 43 65
3  17 49 97
3  80 21 98
2  82 2
4  38 85 53 68
3  52 47 72
6  77 84 34 24 13 25
4  2 67 24 36
5  72 33 18 51 53
1  83
3  17 45 72
1  98
3  38 49 86
1  47
4  94 81 86 7
1  45
1  72
5  44 55 39 76 73
6  28 89 73 62 5 17
2  6 14
5  44 63 58 53 9
2  47 90
1  53
6  50 61 66 17 4 20
4  79 93 46 7
5  18 68 86 35 2
6  49 74 35 11 32 88
2  51 34
1  56
6  3 6 46 68 22 50
6  78 28 81 23 34 62
3  2 47 75
1  38
2  76 72
3  7 59 54
4  92 62 14 78
4  19 24 33 41
5  20 19 1 41 34
4  81 35 8 55
3  45 78 13
1  11
2  74 64
5  66 26 91 44 10
5  23 50 41 43 68
3  43 9 74
1  89
1  11
3  45 56 21
4  71 32 77 45
6  54 11 22 44 55 12
4  22 35 3 62
5  71 2 19 79 76
2  68 84
2  11 28
6  32 85 60 64 62 5
4  15 81 59 70
6  12 91 27 14 53 3
6  55 22 63 30 45 13
5  41 67 73 26 36
6  31 95 2 45 75 60
1  67
5  5 94 86 58 97
5  12 19 33 41 63
4  54 41 3 94
1  75
2  32 11
1  62
1  7
1  79
4  22 46 38 26
3  24 83 36
6  95 55 25 35 17 87
6  57 90 82 64 65 100
6  75 5 58 79 12 64
4  78 86 4 16
1  44
3  94 79 32
6  34 57 23 50 44 11
1  33
6  71 98 92 66 72 97
2  51 8
6  9 86 72 12 1 83
4  40 76 34 72
4  67 28 87 17
5  97 24 4 89 94
1  80
4  74 76 82 24
5  68 32 39 44 69
2  99 9
6  33 80 61 100 8 47
1  79
3  40 83 32
3  84 11 93
4  86 74 81 69
3  13 37 81
4  5 2 55 14
6  87 94 59 86 1 5
1  80
3  42 62 80
5  46 90 67 3 76
3  83 44 95
5  63 51 85 64 5
6  62 92 20 77 93 25
5  72 73 19 33 52
6  78 42 61 80 17 2
4  61 84 57 41
3  8 26 10
1  24
5  4 15 91 80 7
1  58
5  89 77 11 40 70
6  82 31 69 98 32 59
1  88
6  61 95 24 70 7 47
3  10 62 31
6  69 46 48 47 34 24
4  74 94 46 55
2  14 53
4  44 12 70 31
1  30
2  34 100
2  81 39
3  43 70 32
1  16
5  57 49 3 14 23
6  59 78 20 72 31 76
1  42
3  47 52 75
5  85 74 5 66 13
3  8 82 79
2  97 58
5  46 60 89 68 57
3  46 77 19
5  52 35 18 96 81
5  71 53 54 44 57
2  57 4
2  38 82
3  35 39 18
5  99 6 48 55 53
6  31 72 69 82 7 87
5  88 55 48 40 9
6  97 27 48 100 53 86
5  96 20 14 100 19
2  48 74
5  41 4 44 10 86
4  96 64 38 51
1  77
4  3 74 86 51
5  38 37 54 34 57
5  47 56 92 66 4
4  38 45 69 81
4  55 32 51 19
5  2 30 46 60 33
2  46 84
6  83 20 46 16 76 19
4  32 11 28 35
5  65 80 45 46 34
6  77 84 18 45 85 48
6  45 81 9 91 64 1
5  83 46 89 58 65
4  89 76 79 24
4  43 3 97 88
3  96 64 21
1  8
1  62
6  50 42 7 40 5 13
6  53 2 45 17 34 93
2  58 44
5  60 40 61 97 36
2  17 49
2  22 10
2  72 52
3  12 56 43
2  43 95
2  87 12
5  21 4 11 78 48
6  38 88 45 34 23 69
4  72 1 73 82
2  44 33
4  56 88 9 80
2  4 7
1  15
6  37 19 97 15 67 81
4  54 26 86 76
6  36 47 95 8 29 25
4  61 91 7 48
6  87 78 3 94 18 80
2  36 76
3  3 57 97
4  82 83 32 75
2  79 70
2  7 94
5  67 85 84 15 71
6  86 64 3 43 17 39
2  62 41
5  59 97 56 41 28
2  59 7
6  84 13 94 61 80 78
3  94 61 15
6  46 79 70 49 22 86
6  41 48 28 15 6 24
5  46 52 2 5 58
1  88
5  95 49 50 72 94
3  32 9 28
5  87 98 26 9 83
1  49
2  40 63
3  64 34 82
1  35
6  73 36 74 43 30 23
6  1 16 35 33 24 62
1  11
4  36 19 42 48
4  73 87 30 8
4  63 89 65 98
5  38 33 48 80 62
5  72 63 86 7 95
1  69
1  20
2  40 38
5  88 5 42 75 34
3  25 97 38
6  94 13 27 61 7 88
2  79 51
1  86
3  25 54 50
3  82 90 51
5  86 93 51 20 42
5  16 80 65 10 92
6  36 52 98 24 83 76
5  98 62 19 23 15
5  67 97 59 49 48
3  34 40 86
4  82 61 70 26
5  53 17 14 5 37
6  90 11 85 51 30 7
4  98 74 63 56
2  10 91
4  50 77 9 31
3  79 92 63
4  45 79 71 49
6  8 36 82 18 20 33
3  27 99 45
1  61
1  22
5  92 78 19 68 87
3  6 65 41
5  21 85 47 91 34
3  98 70 21
1  90
4  63 17 52 7
1  12
1  39
5  99 16 100 67 3
3  72 67 90
3  87 75 86
5  9 24 76 78 44
6  68 97 54 84 48 61
6  60 68 39 41 67 55
3  34 57 89
1  23
5  45 10 53 30 88
4  54 63 39 98
4  6 94 8 90
3  69 90 1
3  28 41 3
5  81 36 38 70 41
4  48 85 70 1
1  57
4  68 20 1 66
5  7 60 82 96 1
3  85 1 86
1  42
6  94 22 23 32 92 64
6  39 48 61 63 17 1
2  37 2
6  11 8 55 92 4 56
3  89 57 27
1  98
1  95
2  38 26
1  1
1  50
3  78 88 11
6  89 42 31 90 37 41
6  92 33 1 47 75 90
1  1
6  1 16 84 20 53 10
2  53 26
5  1 3 68 12 97
4  53 28 46 90
5  43 81 1 44 28
5  33 30 76 23 31
6  7 50 43 16 80 96
3  59 97 44
2  8 41
5  61 68 28 51 36
5  32 37 14 59 12
3  89 87 69
2  78 75
5  21 90 48 16 31
1  13
5  33 21 15 81 83
3  31 19 12
4  55 26 21 67
5  9 54 40 27 31
1  95
4  5 43 68 36
3  80 10 82
6  25 97 80 7 38 11
2  50 73
5  75 93 46 2 99
6  28 29 1 23 81 5
4  48 40 15 27
3  96 26 74
6  6 80 30 17 5 89
6  54 82 29 100 83 28
6  11 56 86 34 37 91
6  84 31 13 10 81 9
3  54 1 41
2  31 58
3  10 46 21
4  28 50 63 10
5  48 20 33 34 53
5  25 52 53 56 64
4  36 72 98 90
5  38 23 3 95 60
1  41
5  75 68 31 37 78
1  85
6  41 19 50 9 44 2
4  99 65 23 35
3  20 24 9
4  46 11 53 6
2  94 87
6  61 17 34 39 25 18
3  65 37 86
5  80 87 35 78 52
4  12 88 77 35
6  35 81 8 87 30 80
5  27 41 90 60 79
1  78
1  78
1  100
4  93 86 71 37
3  82 25 19
2  21 53
6  29 40 84 59 20 56
6  60 46 44 39 59 21
4  37 34 53 89
2  38 74
6  75 16 79 99 34 95
2  87 93
3  26 76 7
3  32 91 5
5  35 44 36 55 96
5  89 49 61 16 86
3  12 61 50
6  60 83 85 79 70 77
2  96 53
3  40 84 25
3  61 59 88
6  14 84 69 3 32 30
2  17 63
2  78 13
2  37 95
1  16
4  79 43 60 32
5  100 16 44 76 59
2  72 14
3  74 45 70
6  62 33 20 39 45 38
5  40 90 4 19 32
4  51 8 63 66
1  6
3  66 36 13
3  50 53 10
6  23 1 55 21 94 100
4  68 39 98 58
3  17 89 6
4  96 68 32 3
5  73 69 9 86 5
4  39 15 52 61
1  7
1  36
6  15 93 67 54 91 25
6  7 13 1 74 9 69
1  12
3  78 80 51
4  85 9 1 99
4  62 14 67 77
3  66 92 42
2  45 32
4  40 39 70 41
1  79
1  17
6  52 94 70 3 57 55
1  57
4  71 18 67 38
6  15 3 86 57 36 30
6  92 70 27 61 11 38
3  20 55 30
5  48 99 74 5 53
6  61 6 56 79 72 93
5  87 95 59 43 30
6  31 22 59 57 83 69
6  22 89 50 51 60 98
3  34 2 3
2  63 8
5  42 80 66 15 61
5  9 91 62 39 12
2  96 94
6  91 16 78 40 67 37
3  16 71 38
2  88 100
2  61 41
1  27
4  71 87 29 79
5  91 18 88 11 13
5  100 4 98 77 43
4  14 80 79 84
2  97 72
2  22 33
4  27 59 13 97
3  42 75 21
2  92 9
3  5 91 42
1  89
2  50 52
2  30 31
1  46
2  87 63
3  19 21 75
5  34 71 21 75 46
3  7 38 51
3  42 90 49
2  7 99
5  38 28 12 53 74
3  39 37 87
4  57 62 34 91
2  55 66
5  97 72 15 47 20
4  89 9 6 18
1  4
6  54 32 11 7 6 49
3  42 35 2
6  97 36 89 29 90 54
1  86
2  22 33
3  78 21 55
5  38 71 87 37 24
2  47 31
2  96 76
4  31 78 63 27
1  52
4  2 6 62 88
2  83 20
5  61 40 31 43 78
1  30
1  24
3  62 54 70
4  30 34 87 7
6  13 19 48 68 21 54
2  8 84
1  28
4  72 68 90 15
3  90 44 60
1  91
2  68 61
5  97 95 64 3 92
5  22 39 45 42 92
5  50 76 85 78 36
4  45 26 71 90
1  15
3  29 6 71
6  67 49 93 61 12 96
4  89 17 91 34
4  83 7 9 59
6  86 94 48 31 19 21
3  34 70 62
3  41 58 5
6  50 66 1 45 17 90
4  8 23 21 91
2  29 49
2  15 43
5  45 62 86 66 95
2  36 57
4  76 14 62 65
4  27 66 9 44
4  71 52 78 91
3  7 20 90
2  34 33
6  79 94 44 88 98 45
4  55 58 16 20
2  43 85
2  87 40
1  38
1  91
5  23 10 69 49 44
1  42
2  95 21
4  83 18 45 27
5  99 85 89 18 6
2  3 36
2  42 37
4  59 27 34 81
3  3 30 81
1  72
1  98
6  69 80 10 13 6 82
1  90
5  30 96 1 32 18
5  68 73 31 95 6
1  32
1  42
1  11
1  15
1  5
5  88 14 95 93 96
1  83
4  36 79 67 10
6  40 78 56 71 72 62
5  3 69 23 15 80
3  29 88 40
1  75
4  7 67 49 13
3  15 48 28
5  15 38 64 54 20
2  87 81
1  90
3  29 4 30
4  33 17 3 44
6  57 51 58 5 63 7
2  11 35
6  25 72 63 79 87 83
1  73
4  8 62 13 37
4  42 1 98 58
1  42
3  60 93 6
4  55 13 83 66
3  82 90 18
3  69 4 27
5  77 90 79 38 3
1  3
3  16 1 3
2  43 51
5  35 57 42 90 69
2  55 15
1  45
2  50 14
3  77 84 13
4  62 51 70 77
4  14 93 54 16
1  97
5  88 32 23 29 22
6  53 77 7 59 21 39
1  34
5  86 18 88 52 80
3  21 57 91
3  49 45 50
4  41 17 47 73
3  76 94 31
2  70 38
6  91 76 96 25 51 81
3  38 33 21
5  53 78 65 87 26
1  37
6  50 54 31 22 93 6
1  24
3  85 61 21
5  37 17 99 87 97
3  24 29 61
6  82 39 63 69 64 72
1  48
2  59 79
3  52 85 58
5  19 42 37 40 16
5  56 15 60 53 55
5  82 15 64 53 45
2  17 37
4  38 96 43 80
3  27 38 22
3  79 59 85
6  32 41 9 91 93 63
5  75 78 56 38 31
6  70 47 17 6 12 54
1  54
2  48 81
5  69 27 50 28 11
3  59 51 53
3  44 16 23
2  93 78
4  24 78 25 71
6  31 82 47 35 81 79
1  51
3  42 100 75
4  44 33 4 96
5  48 11 4 66 81
2  27 59
3  97 52 77
5  99 8 13 79 86
2  30 33
5  29 7 23 72 39
2  68 20
5  79 23 39 82 4
4  9 62 6 14
5  84 13 89 97 92
5  26 21 7 96 50
1  18
2  52 44
6  71 17 68 94 55 49
6  14 58 59 19 64 73
1  48
6  89 45 77 63 70 98
5  66 47 82 83 69
2  27 57
1  43
2  97 98
5  94 12 31 53 95
2  31 43
1  20
6  88 82 56 85 51 21
2  33 4
6  65 31 57 68 74 81
4  71 54 58 82
6  10 12 80 36 42 22
3  62 8 33
3  64 18 94
6  50 26 88 91 19 6
4  92 87 23 63
3  80 44 26
6  56 5 25 98 26 71
4  34 3 2 97
2  96 81
5  21 69 19 12 88
2  70 79
1  92
3  53 71 85
5  61 41 83 85 38
1  55
6  42 58 98 38 79 94
2  49 14
6  67 26 75 92 95 53
1  86
6  56 57 78 34 17 18
1  2
4  24 57 52 65
1  50
1  93
3  22 41 57
1  8
5  84 100 77 37 4
4  30 59 19 8
6  35 26 9 37 81 32
6  33 97 8 82 100 1
2  22 42
5  31 50 64 14 49
3  50 52 2
5  11 20 87 4 55
1  12
6  93 44 84 25 41 92
1  41
6  32 62 34 13 92 83
5  6 32 15 55 84
1  35
6  36 21 98 90 33 10
5  26 53 65 50 93
4  57 33 49 88
6  82 100 86 65 76 91
6  91 46 79 7 80 74
3  1 71 32
3  80 12 59
2  77 9
2  33 65
4  81 53 63 52
3  27 28 30
2  18 75
1  24
4  74 66 56 45
6  89 25 9 48 57 85
4  82 18 21 40
6  73 93 61 25 31 88
4  61 9 69 36
1  93
6  84 58 46 28 54 34
4  63 82 9 48
3  90 65 58
2  64 30
2  25 54
4  12 6 14 21
5  49 30 67 38 14
2  84 41
5  17 93 40 99 1
6  35 90 52 92 20 15
2  42 39
5  95 50 81 8 71
4  57 1 22 95
1  45
5  54 22 95 46 62
6  46 48 27 36 100 19
4  14 41 97 53
1  92
1  97
6  73 51 56 50 86 17
2  40 39
2  86 100
1  31
3  41 67 47
4  22 61 100 18
1  15
1  15
1  9
6  63 64 61 35 14 46
4  41 86 90 63
5  89 76 1 37 16
5  83 76 89 43 75
1  56
6  16 70 1 24 58 63
6  18 98 2 64 48 42
3  38 4 19
2  80 20
4  96 87 45 71
5  88 46 82 43 35
6  13 36 20 71 99 8
6  96 9 51 44 99 81
4  18 7 34 37
5  29 24 14 100 99
1  45
5  45 80 76 58 16
6  28 14 3 16 10 12
4  54 62 65 34
1  82
3  50 19 10
5  42 24 78 41 26
2  20 70
1  96
2  17 92
4  31 95 71 40
1  36
6  68 1 28 83 32 78
1  43
1  88
6  26 10 4 96 11 99
2  28 91
5  58 85 48 98 91
6  91 58 85 18 40 67
6  72 68 63 82 11 64
5  95 90 79 98 85
6  97 8 17 87 86 74
5  34 71 62 18 61
2  2 79
4  69 64 31 37
2  13 47
6  82 41 80 61 39 64
3  35 72 66
2  57 39
6  90 10 54 7 71 73
1  49
2  77 13
4  13 39 74 60
2  55 1
1  15
3  72 64 74
3  30 95 100
5  88 90 77 41 97
3  13 5 96
3  81 8 5
6  47 78 54 76 33 84
3  93 56 11
4  99 40 61 8
3  88 85 89
6  32 1 89 27 45 70
3  49 63 81
2  17 57
4  70 40 5 62
6  16 28 94 56 88 92
4  36 80 48 24
4  80 24 53 6
5  22 41 17 85 43
1  78
1  71
2  6 32
1  21
4  5 77 47 96
3  82 76 88
1  39
4  30 91 73 98
1  13
1  97
3  57 98 11
4  68 28 62 99
3  83 59 44
4  6 40 99 88
1  86
6  54 53 22 44 25 19
4  37 33 53 71
6  50 81 45 18 9 7
1  48
6  75 91 48 80 31 47
4  45 33 59 98
6  80 42 9 98 45 30
3  16 19 100
6  63 17 5 70 33 53
4  7 43 86 74
4  53 18 85 11
1  69
6  57 78 89 54 23 19
1  38
3  3 34 100
2  38 69
4  90 28 58 33
2  44 6
6  97 24 71 8 38 40
6  95 17 86 48 39 5
3  76 41 53
1  41
5  46 9 23 36 37
5  69 70 25 74 56
2  97 26
2  35 65
2  29 81
1  76
2  16 26
6  57 78 3 97 49 6
5  85 42 52 53 11
5  26 66 96 23 92
2  58 56
3  86 37 60
4  56 76 88 51
2  65 54
2  14 2
2  85 87
5  36 39 85 12 65
4  8 87 43 31
3  98 80 30
3  40 92 91
1  79
3  47 44 95
5  57 97 7 42 83
5  78 21 66 90 85
1  97
5  59 28 16 57 8
3  92 47 37
5  62 15 23 8 58
2  82 15
1  88
4  96 69 34 17
3  23 2 51
2  73 9
3  89 65 54
3  57 1 70
3  63 85 61
5  42 78 51 57 91
3  13 87 7
3  3 41 70
1  92
6  77 100 36 65 90 98
2  91 68
4  53 52 20 22
6  97 73 50 88 12 63
5  19 10 76 60 80
5  51 69 55 5 20
1  94
2  36 85
6  95 37 36 14 59 29
1  32
5  98 43 42 71 61
4  46 21 31 25
5  100 80 22 4 99
3  98 16 73
5  99 67 18 35 81
5  63 91 8 42 88
3  83 59 11
3  4 31 65
2  2 64
1  23
5  6 59 65 21 32
3  20 98 64
4  79 40 17 70
3  59 57 97
3  15 7 76
2  38 40
3  40 4 55
4  70 61 22 35
5  53 80 2 51 43
4  29 83 73 98
2  31 55
2  72 70
2  47 89
5  86 36 9 89 90
5  59 50 93 32 45
5  33 95 16 88 24
6  60 22 27 90 76 52
4  45 84 8 33
4  94 69 62 83
4  33 42 8 26
3  39 70 7
5  65 23 59 88 21
2  9 47
1  85
6  70 30 82 77 63 35
5  31 97 54 88 30
6  96 55 29 35 25 36
1  89
4  65 76 79 83
6  26 91 69 24 60 98
1  37
4  40 8 90 37
4  78 66 55 74
2  84 8
3  19 13 33
5  77 9 56 60 93
5  50 62 5 10 60
1  46
2  50 53
1  86
1  88
4  68 61 72 52
5  16 71 81 49 48
4  57 3 17 50
5  66 11 88 75 71
6  21 90 47 74 100 33
6  87 84 54 47 56 5
1  72
5  95 20 22 51 76
2  68 25
1  33
3  96 8 7
6  28 97 40 1 96 72
6  82 56 41 29 12 46
3  83 21 37
1  43
6  78 67 55 3 75 87
3  70 94 45
4  22 41 1 36
5  9 18 29 49 47
3  95 89 22
1  26
2  57 13
1  24
5  3 98 54 41 68
3  85 30 70
2  31 91
4  3 100 79 31
3  26 70 43
1  92
4  39 15 52 38
2  18 36
5  58 3 20 43 32
6  68 62 80 29 65 79
1  95
2  33 65
5  47 57 27 85 71
3  37 86 79
4  3 14 26 61
1  46
1  48
3  70 10 13
6  74 92 5 69 18 38
2  88 84
6  15 69 61 55 5 47
2  59 49
3  85 10 63
2  12 11
4  82 20 76 80
6  67 84 62 85 21 95
5  5 84 86 73 45
3  77 91 74
3  40 20 49
5  50 61 93 12 42
1  88
2  6 54
1  67
3  26 61 10
2  45 96
1  90
3  79 80 10
1  19
2  34 68
1  84
2  5 96
5  17 83 91 22 36
6  88 74 21 49 83 51
6  79 53 83 14 32 62
2  46 81
4  80 48 64 63
5  68 58 45 84 41
3  5 76 30
6  50 51 41 33 1 34
1  54
1  25
6  78 47 31 58 99 11
1  62
5  80 29 32 25 12
5  59 17 48 89 9
6  39 49 30 83 41 92
6  65 77 76 11 8 34
1  18
3  71 91 19
6  23 43 11 94 2 28
3  90 36 39
2  84 69
4  66 9 59 64
5  35 40 84 42 74
6  60 12 64 51 31 63
5  74 67 75 1 8
4  36 47 92 20
1  59
6  23 17 50 96 51 89
5  93 62 72 52 74
3  2 4 98
5  77 72 41 52 48
1  8
6  8 27 9 66 13 32
5  62 28 33 50 7
2  12 79
5  86 14 78 89 12
4  66 83 92 18
4  40 33 62 34
3  89 43 6
1  74
6  63 2 19 12 8 44
2  86 20
1  99
6  98 10 48 64 93 39
5  47 78 13 9 12
4  98 54 58 99
2  45 61
2  64 73
3  7 96 22
2  5 20
2  2 30
5  65 23 8 45 70
6  58 78 97 11 76 51
5  75 78 13 36 6
5  8 42 82 4 63
1  8
5  30 9 13 99 74
3  7 18 4
6  76 82 89 86 58 39
4  32 17 66 67
2  42 75
4  24 78 27 31
6  9 60 94 22 59 67
4  66 84 60 58
4  42 47 45 99
6  99 31 1 65 98 23
1  72
6  29 49 13 59 33 21
2  26 42
5  93 98 43 77 58
6  36 100 46 81 99 31
5  29 32 44 26 55
3  98 41 77
3  53 36 79
5  55 5 16 32 97
1  75
5  71 74 8 20 89
5  51 68 98 82 11
2  36 59
2  77 35
4  29 71 44 2
2  49 17
4  45 30 31 17
1  5
2  71 24
1  40
5  81 37 56 91 61
6  49 81 69 84 47 97
4  91 99 79 39
1  35
5  45 65 100 46 69
2  17 93
3  57 67 18
6  23 9 54 15 58 34
5  41 80 79 95 70
5  74 8 93 9 91
3  74 91 83
3  16 100 35
4  56 2 71 49
2  80 2
3  37 36 20
5  15 99 73 85 76
3  93 69 54
5  6 28 74 89 70
6  88 4 43 44 6 14
6  30 93 94 67 29 87
1  44
6  79 28 62 24 21 30
5  4 35 5 78 24
5  67 11 79 9 55
6  22 47 13 14 41 80
3  69 67 49
1  52
2  41 14
4  61 43 28 65
5  33 42 1 7 8
1  86
1  66
5  38 12 82 52 61
6  21 27 43 34 79 69
5  92 19 35 47 99
1  80
3  12 86 48
2  71 65
6  40 2 100 21 53 51
5  47 72 8 89 5
6  57 79 76 13 22 12
2  1 52
3  87 100 58
4  64 46 97 66
3  18 96 99
4  67 7 53 71
6  10 50 72 85 62 84
1  73
1  7
2  42 94
2  99 51
6  45 48 53 89 66 70
6  65 35 51 72 88 21
4  97 71 36 82
2  20 88
1  27
6  29 68 89 53 67 40
3  11 87 92
6  53 62 83 17 96 33
6  84 54 52 80 24 88
4  56 7 50 60
2  44 89
1  33
3  68 72 81
5  59 72 77 11 34
4  27 30 93 15
1  46
4  93 70 54 25
4  3 84 94 47
5  94 79 13 61 50
6  39 9 65 16 19 98
5  46 28 68 60 41
1  26
2  82 80
6  7 41 89 91 34 35
4  28 14 75 89
4  68 28 72 32
3  90 30 19
3  58 86 95
6  99 21 30 81 1 16
6  41 4 77 74 38 39
1  51
1  90
1  81
1  85
1  60
5  43 78 10 100 63
1  98
4  25 27 42 28
4  45 5 39 83
3  40 34 57
2  48 38
3  33 50 5
1  93
5  17 93 45 20 90
1  45
1  47
5  58 74 34 3 79
5  85 22 12 19 78
3  66 15 85
6  65 89 6 57 70 22
3  14 42 39
2  86 55
4  54 12 39 88
1  17
4  99 38 70 17
1  10
5  30 94 82 95 83
6  52 53 8 1 67 49
3  85 35 94
3  89 5 76
2  6 34
1  44
1  34
4  14 17 89 8
6  83 90 84 35 42 92
3  9 41 74
6  75 67 43 63 72 32
3  90 37 72
1  80
5  40 39 89 57 27
6  54 9 86 38 43 28
2  78 36
5  52 29 44 19 72
1  90
1  43
5  40 14 85 19 90
2  57 78
5  84 74 35 92 59
5  35 86 1 13 21
5  65 50 13 83 21
2  73 23
4  52 62 75 36
5  64 61 38 41 42
2  14 76
1  73
3  48 59 60
5  18 25 29 30 7
3  48 79 71
1  30
2  82 66
1  45
2  51 86
5  71 100 43 84 72
6  31 30 38 91 9 55
1  37
6  22 86 31 100 56 39
2  89 20
6  2 65 22 52 50 90
2  50 32
1  21
2  36 51
4  26 60 14 41
6  97 62 82 28 38 66
6  26 86 87 27 50 9
5  100 98 1 49 30
1  70
4  42 21 11 67
5  24 8 76 20 69
4  48 30 95 14
2  20 99
1  47
3  17 25 48
1  25
6  44 31 66 96 72 86
1  39
4  29 46 41 49
1  98
6  44 92 9 64 12 8
5  59 56 88 83 3
1  8
6  46 39 65 41 10 51
3  49 16 75
6  57 23 8 54 19 51
3  27 15 58
3  86 16 89
5  99 92 75 6 91
2  45 55
4  54 6 3 21
5  97 77 2 4 31
2  55 77
3  70 34 81
4  49 70 29 48
4  3 53 52 23
6  7 82 51 12 88 53
2  67 50
1  69
4  40 89 9 16
3  78 49 16
3  98 86 63
3  47 65 98
6  88 95 4 69 46 15
4  99 47 23 48
4  92 1 95 81
1  11
1  87
4  32 20 57 17
5  2 63 47 100 60
3  94 64 3
3  79 60 37
2  82 84
5  74 85 76 54 94
6  69 80 45 1 100 17
5  3 79 29 2 39
4  96 2 66 34
5  25 71 5 7 55
6  80 39 60 34 32 46
1  12
6  3 11 90 20 93 98
2  94 37
6  90 39 50 23 18 74
6  23 81 48 8 61 86
5  94 18 13 97 29
1  99
3  92 18 33
6  16 54 78 53 37 67
6  86 90 8 60 83 31
3  30 38 100
1  5
6  33 17 90 62 19 88
1  10
1  33
6  22 87 72 74 23 39
4  9 28 71 69
1  2
1  41
3  8 56 43
1  89
4  90 50 79 78
4  89 84 82 5
5  54 78 93 92 41
1  20
1  70
2  13 78
5  51 86 26 94 87
1  54
5  64 32 54 14 21
3  98 2 42
4  55 19 60 47
4  61 66 71 31
6  83 9 66 34 94 91
2  80 5
5  56 68 14 10 82
3  47 80 36
6  46 91 7 5 37 66
4  2 36 96 98
2  4 63
4  97 53 81 77
4  62 33 26 76
3  8 9 90
6  44 78 33 34 84 38
5  49 3 73 85 98
5  4 2 32 56 99
6  36 75 42 98 8 68
5  50 75 81 39 61
2  16 94
4  99 31 30 48
2  2 33
2  71 36
2  3 91
2  87 27
1  29
2  12 96
6  61 70 77 100 31 2
1  24
4  14 54 90 62
6  92 94 17 62 30 48
4  21 77 51 47
5  79 71 93 74 67
4  44 43 53 74
3  68 98 6
5  51 96 43 37 87
3  53 49 66
6  13 86 77 63 32 58
3  3 51 15
5  4 58 12 57 32
4  24 29 62 5
5  57 48 16 44 84
5  92 49 68 5 35
3  67 66 3
1  69
4  22 37 57 79
3  14 10 4
