100 5000
137000
23000
496000
40000
73500
39500
140000
224000
249000
447000
7500
137000
485500
110500
208000
128000
181500
135500
207500
128000
151000
230500
225500
142500
38000
410500
482500
195500
186500
484500
238500
324000
8000
235000
364000
81500
274500
4000
306000
24000
451000
313500
161000
437000
424500
369500
65000
106000
5500
273000
234000
156500
3500
460000
299500
42000
370500
282000
237500
57500
267000
476500
381500
275000
211500
246000
357000
486500
250500
163000
10500
202000
477000
171500
139000
401500
41000
204500
8000
46500
477500
242500
203500
481500
202500
3500
23500
73500
285500
261500
131000
52500
238000
13000
328000
449500
259000
185000
436000
10000
5  90 43 66 24 71
3  33 12 48
3  7 96 83
1  37
5  8 51 41 61 78
4  8 80 17 98
2  54 86
3  24 75 77
6  99 47 34 31 58 81
5  65 77 55 68 13
3  76 64 78
3  42 28 44
2  45 41
4  98 27 87 21
1  63
1  99
1  43
2  68 24
1  32
6  56 99 13 93 75 77
5  10 18 98 53 39
3  94 92 40
2  78 60
2  41 69
2  51 11
3  18 35 50
3  35 5 48
3  97 22 24
4  32 41 64 85
5  5 79 71 45 99
3  4 20 90
5  39 40 84 87 58
2  37 6
4  42 54 99 38
5  22 5 8 63 68
6  43 73 71 14 17 69
4  21 88 52 93
2  92 76
1  49
6  50 55 45 91 9 44
2  85 66
2  92 29
6  83 71 73 54 84 89
2  46 10
1  98
1  37
6  78 50 39 71 99 94
1  90
1  59
2  87 24
4  78 52 51 61
2  23 14
1  12
3  52 21 46
3  23 82 40
6  31 78 70 30 72 85
2  74 44
3  60 67 87
3  19 37 98
3  59 11 47
5  47 98 91 92 48
1  73
6  13 4 65 82 33 37
4  51 11 10 87
5  77 73 7 95 10
1  36
5  15 82 38 61 80
2  52 27
3  25 14 54
2  79 35
4  15 2 11 25
1  98
6  88 71 2 83 80 5
2  48 20
6  85 80 78 14 32 5
4  56 18 7 84
6  42 45 12 44 55 36
4  53 31 42 24
2  25 3
3  42 50 56
3  35 18 48
4  22 2 40 9
1  36
4  50 47 94 5
5  48 58 14 90 81
3  14 83 81
4  33 37 96 67
5  14 15 37 35 16
4  75 24 65 11
5  14 58 68 19 41
1  76
4  5 57 99 19
3  80 75 72
1  70
3  87 83 53
2  18 68
5  93 92 46 3 66
4  61 34 79 1
3  55 53 11
4  72 50 33 46
2  49 16
4  35 99 12 58
1  80
3  9 72 85
1  38
3  72 71 23
5  19 77 28 72 88
5  44 37 14 89 59
4  5 18 97 3
2  55 19
1  94
2  81 79
3  18 24 11
6  46 83 7 23 11 79
1  92
2  47 5
1  5
5  16 23 65 18 52
2  37 61
1  64
3  92 2 60
1  12
3  61 95 55
5  5 34 93 96 55
3  1 66 45
5  81 67 33 99 19
4  36 80 64 99
2  56 1
5  70 12 28 30 6
5  13 11 16 6 7
5  45 8 37 90 76
2  57 8
1  75
4  51 55 23 50
5  78 50 56 47 61
6  77 67 90 78 82 95
6  53 40 92 89 30 67
1  86
5  22 60 33 73 15
4  22 90 32 72
3  79 33 29
4  100 95 45 77
5  40 61 29 80 53
2  9 20
2  94 45
4  27 18 68 82
3  57 13 11
1  92
3  31 47 42
2  92 18
1  31
5  31 11 49 19 51
5  12 44 17 66 70
3  33 51 73
6  64 83 92 56 25 23
1  66
3  94 84 49
2  63 80
3  93 28 53
3  100 65 87
1  30
4  50 63 8 22
4  72 5 44 27
2  66 29
6  13 22 79 62 47 41
3  81 34 69
2  77 69
6  63 84 27 20 34 89
2  56 41
6  60 84 24 89 49 53
6  62 74 23 20 3 64
1  36
2  34 13
1  31
5  85 58 95 19 46
2  74 87
2  33 70
3  22 19 95
1  81
5  67 4 89 70 68
6  6 100 23 18 1 53
6  86 10 88 4 56 9
5  42 27 10 12 70
2  31 64
3  11 33 4
1  22
5  81 10 78 32 96
5  85 89 68 94 76
5  50 84 49 92 11
4  3 80 89 34
3  26 44 77
2  58 98
1  39
1  79
2  40 74
1  25
4  69 18 38 40
5  22 88 59 32 46
4  12 35 95 56
4  38 33 88 96
2  89 35
3  68 54 77
3  55 2 3
2  20 41
4  87 62 50 45
6  95 6 5 29 100 61
6  38 93 76 34 22 65
5  60 32 21 37 72
5  38 75 98 57 15
4  43 77 10 88
5  4 93 74 33 34
2  31 26
6  64 48 61 31 7 92
4  43 64 27 81
3  24 37 53
6  79 30 93 67 99 97
4  72 30 52 6
3  82 31 46
3  79 6 75
6  97 26 29 60 52 9
6  76 45 51 60 24 80
4  90 78 49 50
5  100 55 28 82 86
5  26 64 78 1 49
5  27 78 34 79 86
2  54 31
5  14 55 62 66 44
3  14 93 88
6  93 43 19 75 28 91
1  92
5  1 41 44 28 18
5  6 4 9 60 34
6  73 88 52 38 32 91
4  25 79 43 17
2  62 91
3  53 91 39
2  92 79
4  20 96 42 25
6  50 85 33 41 58 21
6  95 53 83 47 77 61
6  94 81 51 85 29 4
5  67 25 46 89 87
3  30 11 41
5  96 74 20 53 94
1  48
3  93 95 22
4  84 16 34 35
6  62 38 75 29 42 50
2  17 80
3  57 59 35
2  78 87
2  88 35
5  81 29 91 34 12
1  68
3  5 30 84
5  59 46 21 34 96
3  50 75 87
1  33
2  36 10
1  60
6  42 28 79 70 18 13
5  24 80 28 10 12
1  69
4  28 2 52 75
4  26 62 57 58
5  93 68 90 52 65
2  80 43
1  98
4  82 21 36 10
3  45 21 55
1  77
5  15 28 57 65 54
2  22 11
1  15
5  90 67 43 21 46
6  21 44 42 3 64 77
1  12
2  32 67
3  8 48 36
1  13
6  23 35 100 24 49 78
1  16
2  34 61
1  54
1  48
4  68 24 80 45
6  46 79 8 94 27 44
6  40 33 21 74 32 44
2  10 57
3  31 90 99
3  44 3 86
1  70
1  68
3  55 68 95
2  75 88
4  19 86 98 51
1  72
5  50 94 92 7 31
2  96 29
4  40 31 46 1
4  8 50 9 75
3  42 50 32
6  68 17 98 18 23 69
6  72 63 92 78 94 15
5  22 75 13 53 20
4  54 75 60 3
5  34 47 24 84 78
2  51 94
2  69 16
6  69 88 53 60 66 46
5  39 68 49 52 21
5  4 74 42 64 77
2  97 23
3  81 100 72
2  93 100
1  83
5  97 35 28 62 81
1  1
3  50 53 68
2  57 42
4  20 18 83 17
3  31 97 39
1  28
2  94 28
3  76 95 37
1  23
6  92 24 100 39 73 52
1  90
1  49
3  27 66 31
3  5 61 40
3  63 68 76
4  95 17 32 89
4  43 12 52 34
3  51 73 7
1  80
6  11 28 44 38 93 75
5  98 35 20 42 97
6  17 53 82 33 85 71
6  27 82 38 60 16 89
2  22 91
1  18
1  39
4  39 32 36 19
2  71 39
5  68 26 86 20 7
2  4 77
1  30
4  42 90 73 31
2  95 22
2  13 23
5  74 61 3 10 79
2  80 18
1  47
3  87 66 50
1  70
2  10 100
5  52 89 56 82 11
4  3 44 63 25
1  37
6  18 46 64 49 25 82
3  72 24 35
3  73 40 7
6  49 6 81 1 95 37
5  6 87 85 49 9
4  86 94 82 31
4  30 56 39 78
2  63 13
4  36 53 71 34
1  77
1  2
5  51 83 77 38 68
2  87 76
6  72 70 2 28 100 58
4  78 85 29 90
3  64 43 19
6  44 96 12 45 67 62
2  43 100
6  69 86 71 57 58 40
2  60 68
2  17 34
1  1
4  93 49 26 36
5  22 79 63 34 23
2  96 51
5  95 45 40 80 15
6  38 55 24 97 22 49
1  55
4  14 17 45 62
3  80 29 64
4  92 97 82 21
6  32 93 86 76 33 66
6  29 3 46 53 100 67
1  12
2  53 25
3  98 87 80
5  16 44 37 8 40
2  28 32
3  20 17 24
4  83 15 81 86
4  33 85 27 34
6  49 87 22 85 8 67
4  24 10 99 31
3  16 59 80
4  78 97 88 30
5  2 11 65 62 44
3  88 78 46
3  65 68 23
3  76 89 11
6  98 9 30 47 24 88
2  88 66
2  76 95
1  78
1  68
3  50 17 27
2  63 91
2  85 40
1  74
3  4 71 59
2  18 83
2  44 70
6  67 45 81 69 22 87
3  61 36 53
6  63 16 49 53 46 34
6  51 7 42 54 78 1
6  95 83 8 39 53 93
1  98
5  74 20 59 11 80
6  64 67 57 79 16 10
2  50 2
5  56 44 29 34 15
2  27 22
5  79 15 72 77 88
3  96 47 57
5  41 20 42 97 98
4  7 22 8 97
4  51 25 96 95
3  24 21 62
6  100 76 63 9 72 65
3  50 84 89
3  82 47 53
1  53
4  100 15 12 24
1  6
4  35 27 25 100
6  3 63 97 74 72 61
2  21 45
1  68
2  56 20
2  8 81
2  23 92
4  33 98 16 67
2  40 92
3  40 80 52
1  76
2  73 37
3  94 81 55
4  7 10 81 36
2  61 65
3  53 18 72
3  34 39 73
5  30 23 13 9 75
1  85
6  87 21 46 81 1 41
1  11
2  44 28
5  8 67 34 26 39
5  59 77 57 33 7
5  45 15 54 59 99
4  46 19 99 26
2  99 67
2  9 88
5  37 70 78 3 4
3  87 63 18
3  95 24 21
3  39 75 98
3  28 44 56
2  70 76
2  36 2
3  23 72 70
6  50 73 95 53 14 81
1  32
2  9 56
3  48 94 19
3  31 46 90
6  72 59 62 97 94 64
2  17 36
6  9 85 73 4 37 87
6  52 18 8 60 73 51
1  67
5  54 97 15 43 84
6  1 46 83 95 9 13
1  44
1  19
2  85 23
4  71 7 17 88
1  77
4  65 84 27 34
3  24 49 80
1  35
5  53 17 75 62 30
6  5 42 4 34 26 99
6  33 15 84 46 91 45
1  74
5  44 11 96 92 91
1  27
5  55 43 45 16 73
2  21 14
2  54 40
4  52 36 91 66
2  37 57
4  46 31 35 90
3  30 81 32
2  7 2
6  50 46 3 23 75 24
3  8 77 76
4  29 11 57 95
2  93 51
6  39 81 26 28 22 56
1  54
6  16 55 74 66 1 76
6  76 99 23 84 49 5
1  6
6  37 98 51 29 32 55
4  54 10 73 7
6  88 62 71 53 63 47
3  38 46 63
2  22 61
5  26 69 76 6 74
5  35 10 8 89 73
4  99 45 69 96
2  30 67
6  93 13 24 31 58 87
4  79 47 22 5
1  97
2  21 70
1  55
5  15 44 52 76 43
6  44 38 29 74 4 14
4  17 38 96 75
2  48 53
5  69 58 85 65 89
1  35
6  60 14 10 3 66 85
3  63 29 83
6  3 87 5 69 42 65
5  65 12 30 35 80
6  19 45 76 24 79 71
5  93 80 85 58 64
2  21 93
1  12
6  98 17 64 1 58 28
5  23 39 7 57 19
6  75 63 70 99 42 40
5  34 19 66 92 83
6  13 76 7 24 71 5
3  34 5 98
4  82 20 100 89
5  19 83 51 81 52
3  23 92 30
4  10 96 48 93
6  60 68 97 84 38 1
2  72 5
2  33 86
3  33 74 16
4  57 67 31 8
1  53
6  46 9 41 57 2 31
1  69
2  100 7
2  23 79
2  44 11
2  83 44
6  99 94 48 66 25 56
5  78 55 28 87 64
5  44 65 99 60 34
2  60 40
4  83 19 84 26
2  1 9
5  93 8 67 40 73
6  95 55 69 50 82 56
1  50
6  77 49 59 10 75 19
3  27 1 68
1  27
6  12 35 70 4 42 37
3  15 28 39
5  97 88 51 52 100
1  51
5  50 10 86 24 29
3  51 29 4
4  56 1 72 90
5  76 32 7 19 47
3  57 16 30
3  67 82 43
5  33 19 18 43 5
3  71 40 91
6  43 52 55 44 23 45
1  98
5  20 17 23 54 73
3  83 16 6
4  59 74 97 77
6  39 81 32 9 21 23
1  63
5  62 7 97 20 95
5  39 11 5 93 84
3  75 99 50
3  58 23 37
3  14 75 15
3  84 36 68
6  99 42 54 5 39 60
2  33 42
4  44 47 55 27
6  30 26 40 69 83 63
1  17
5  80 31 21 64 66
6  56 64 30 9 68 69
6  1 11 54 44 58 9
5  48 38 96 88 6
5  50 11 94 26 91
2  46 54
6  34 9 55 64 18 23
2  87 14
2  98 68
5  55 76 45 3 14
3  90 19 18
3  30 12 65
2  36 11
5  27 45 82 8 100
1  39
6  18 70 83 86 44 37
4  89 40 74 28
2  93 46
5  23 57 34 42 93
3  15 20 89
6  1 97 95 4 35 81
2  5 63
1  49
6  68 37 40 42 65 69
3  10 38 56
4  71 98 59 15
1  79
1  8
5  100 3 83 35 4
3  46 10 88
3  77 24 85
2  88 53
4  98 90 8 64
4  5 23 76 17
1  79
2  80 79
2  62 14
1  65
4  55 74 41 100
4  64 84 68 52
3  20 49 27
2  13 87
2  35 63
3  36 42 72
1  21
6  76 35 7 41 88 61
1  28
4  65 92 44 33
3  80 52 92
1  78
1  93
1  39
4  57 74 97 28
6  17 25 65 51 31 5
3  92 19 66
4  83 57 94 15
6  74 67 90 80 45 94
5  54 32 28 10 5
2  38 94
3  63 58 92
6  62 30 85 80 95 36
4  52 30 78 51
1  45
3  83 89 33
4  42 65 83 52
5  8 89 62 49 52
2  41 45
5  71 30 61 65 24
1  95
1  67
6  46 7 80 34 40 35
5  4 18 27 73 25
1  34
5  68 54 14 12 34
6  42 95 49 6 19 65
6  20 32 97 65 38 77
6  77 12 74 80 29 1
4  54 16 86 27
5  39 41 95 73 24
3  68 73 42
6  38 42 6 69 39 71
1  16
5  82 27 43 62 56
3  14 9 59
6  36 42 38 77 37 11
1  73
5  73 15 64 11 57
5  79 96 40 84 11
1  66
3  50 28 93
6  41 2 51 39 38 93
5  14 29 87 1 65
6  16 28 97 72 76 67
3  60 77 43
2  14 93
4  7 85 93 8
3  32 45 28
1  58
4  95 72 58 59
4  73 86 56 44
5  31 10 18 91 87
4  16 1 54 68
1  39
4  15 74 92 59
1  100
1  58
6  89 15 52 47 87 38
1  31
2  33 41
3  23 28 99
3  29 52 6
3  90 66 50
4  58 8 66 57
2  24 51
1  39
1  59
2  41 61
4  61 94 96 99
1  24
6  54 52 48 60 87 38
2  36 2
5  44 67 39 90 79
2  93 38
4  33 98 9 93
6  5 91 7 28 88 61
5  36 20 66 73 44
1  75
2  45 42
4  12 31 55 91
4  47 28 12 79
2  21 72
1  25
4  23 53 50 83
2  86 3
6  59 47 98 33 73 42
5  38 53 5 92 43
4  38 71 76 17
6  96 88 12 20 51 35
5  100 18 4 86 20
6  44 66 98 76 38 39
3  76 92 54
4  35 17 4 5
6  20 1 88 8 12 7
4  46 79 58 63
5  43 83 82 86 49
5  62 87 18 10 64
2  44 80
2  49 72
4  49 59 58 61
4  16 7 45 74
5  27 16 52 8 2
6  87 63 86 4 73 47
1  36
5  57 16 5 88 56
4  47 14 15 12
2  22 57
1  91
5  18 43 91 20 42
5  82 28 81 54 75
6  90 49 50 5 54 55
6  9 39 22 23 51 44
1  53
3  90 71 77
5  90 19 57 72 46
3  25 20 31
1  69
5  19 22 35 11 30
3  49 52 66
6  3 10 6 56 45 96
2  21 76
1  39
2  88 85
5  12 5 1 26 73
5  45 94 16 55 24
4  4 75 24 3
5  34 9 33 78 4
4  99 79 75 37
1  62
2  81 74
2  82 100
6  62 44 92 77 99 16
3  2 91 59
1  68
6  13 100 70 17 59 68
6  33 5 7 95 27 88
5  53 69 68 51 31
1  43
1  9
4  42 11 48 1
1  15
6  28 15 63 45 73 31
3  6 36 47
1  62
3  69 14 3
3  65 34 47
1  41
4  64 83 66 12
5  81 27 76 9 41
3  53 14 69
6  20 5 40 21 66 74
6  80 77 25 44 10 71
3  51 26 14
2  91 26
1  71
4  92 79 93 30
2  7 99
2  27 3
4  47 69 36 48
1  61
6  22 31 42 72 56 5
3  81 21 17
2  12 95
2  42 26
2  40 49
4  43 11 6 47
3  59 2 50
5  33 92 52 89 47
4  35 27 77 51
4  89 45 85 30
5  17 70 19 75 12
2  81 23
5  22 82 35 23 31
1  56
2  67 44
5  23 78 95 99 28
4  88 73 39 17
3  55 87 62
2  98 91
1  21
4  32 2 1 55
2  15 10
4  81 53 23 4
2  18 3
4  72 90 32 10
1  75
4  93 36 94 91
2  4 11
6  35 13 93 90 45 7
6  100 88 52 22 92 83
3  94 41 11
5  73 21 89 47 85
5  82 78 72 8 100
1  95
6  6 39 99 5 87 57
4  78 39 100 71
5  11 54 52 31 42
6  15 23 80 93 95 88
5  76 87 90 70 78
6  9 77 100 47 63 56
1  40
6  7 11 74 17 64 26
3  6 24 62
2  3 55
2  90 28
6  77 17 68 55 12 31
1  24
6  67 31 33 60 37 44
3  54 7 59
1  12
5  62 40 86 16 75
3  60 52 61
2  6 73
1  36
5  27 29 49 57 62
1  94
1  43
3  12 2 47
2  84 8
4  69 24 44 68
5  95 28 11 100 14
3  83 41 65
2  97 27
3  90 31 83
3  43 84 82
4  67 90 28 35
1  52
5  82 35 73 10 45
5  9 58 8 92 98
5  23 95 99 63 85
2  46 21
5  29 2 37 96 92
4  30 6 16 8
6  50 81 96 94 53 5
4  61 97 50 33
2  45 32
5  29 61 27 49 33
4  51 70 43 34
5  49 89 36 98 69
2  92 21
3  44 82 33
6  14 51 38 45 33 66
1  60
1  38
1  65
1  66
1  41
3  56 89 35
6  87 4 22 79 25 58
2  6 90
1  20
3  52 65 74
2  70 33
2  8 49
6  15 4 55 61 60 43
6  50 30 100 72 8 24
2  30 19
3  50 59 96
1  32
1  83
4  45 91 13 42
1  27
3  59 88 5
1  84
4  32 83 26 39
1  54
5  37 72 12 86 31
1  99
4  21 82 27 66
5  40 7 77 66 52
3  54 57 38
3  11 69 21
3  7 27 90
5  64 61 87 49 92
6  48 53 15 29 80 1
2  87 78
6  39 13 38 96 50 76
1  19
6  41 26 22 30 100 85
6  87 34 82 80 81 35
6  9 14 75 10 32 62
6  17 100 54 96 50 29
1  68
2  41 93
3  71 93 31
4  79 64 43 59
3  78 53 54
6  27 63 23 88 50 40
6  50 93 83 99 22 84
4  46 24 60 92
6  53 23 56 31 87 99
6  31 76 42 84 67 69
3  90 57 97
2  44 46
2  27 45
3  10 12 90
3  71 82 28
2  4 84
4  91 82 43 21
4  85 5 24 54
4  13 10 49 41
4  94 63 80 39
1  90
3  95 24 21
5  51 43 80 35 97
5  16 40 91 73 25
6  96 78 48 9 87 50
3  90 12 20
2  17 10
5  12 33 97 88 84
3  67 18 37
3  34 76 28
1  100
2  2 77
5  10 64 67 60 4
4  71 24 83 88
2  60 99
4  57 87 49 97
4  67 34 90 100
1  18
1  9
3  7 86 11
2  50 77
5  53 33 47 76 16
2  9 76
2  74 33
2  22 29
5  88 63 61 87 71
5  93 80 19 100 66
2  17 15
1  92
4  39 42 54 72
3  30 4 24
4  22 45 91 93
2  53 54
2  24 32
1  3
3  11 68 80
2  82 86
2  49 24
4  90 78 28 40
1  32
4  69 53 8 59
3  40 11 99
4  34 30 70 37
5  80 4 59 7 86
3  25 34 68
5  24 46 10 64 52
3  27 21 94
3  79 39 74
6  37 32 23 66 2 59
3  82 63 3
6  49 47 13 82 14 94
1  59
1  70
1  44
6  31 37 30 10 75 4
6  12 35 21 77 37 80
2  18 43
2  5 91
5  18 73 84 11 79
3  14 48 54
4  43 84 95 73
6  70 76 92 81 11 12
4  47 92 79 64
3  3 69 25
5  86 97 56 96 75
6  10 23 52 68 65 36
4  38 29 31 13
2  12 24
2  69 70
2  47 33
4  49 1 80 21
6  77 82 52 76 92 74
2  59 39
4  21 76 91 51
6  11 62 12 42 30 82
4  77 14 20 25
1  100
3  2 76 22
5  27 98 75 1 24
3  39 86 54
1  77
1  3
6  67 15 29 97 96 92
5  10 12 98 25 11
3  26 86 65
1  13
4  84 13 86 17
4  72 71 66 48
5  69 35 42 84 63
3  80 55 12
6  66 9 15 76 52 41
4  16 49 74 78
2  87 63
3  39 34 21
1  82
6  73 16 38 57 79 76
3  33 87 26
6  95 40 73 46 80 34
4  29 8 39 61
6  2 11 33 36 31 37
2  26 10
2  64 67
1  39
1  43
2  28 40
2  67 13
4  47 28 75 55
4  36 49 69 47
5  4 77 19 21 3
2  53 66
6  64 5 97 7 30 24
3  51 91 59
1  37
1  45
1  60
1  48
1  79
6  90 83 70 8 3 73
3  56 39 30
2  43 26
2  73 50
5  24 40 30 77 35
6  88 95 35 2 74 28
6  56 98 99 59 70 34
1  9
4  33 52 90 58
2  39 29
3  79 59 87
4  94 71 43 88
4  78 89 40 5
5  95 3 79 54 73
1  68
5  76 100 32 65 57
4  4 86 83 44
6  38 37 61 80 24 27
4  13 66 62 93
4  64 71 14 36
5  81 17 58 49 23
3  4 27 23
1  9
4  98 46 3 58
2  26 84
5  39 50 44 32 10
1  2
2  43 85
1  60
3  84 8 65
2  12 91
3  19 99 9
1  45
1  74
5  37 57 52 76 7
6  7 16 2 9 39 45
6  42 4 36 26 11 100
3  22 91 41
6  100 56 34 11 29 3
3  86 54 23
6  49 30 7 50 38 46
6  31 88 98 66 14 8
4  60 30 56 51
5  45 50 26 78 60
4  81 7 40 34
2  31 82
4  38 32 97 83
2  28 70
2  93 83
2  59 43
4  14 93 30 59
3  55 36 2
1  16
1  48
3  37 79 32
6  16 64 92 99 89 19
5  11 12 51 41 70
6  1 84 87 31 42 29
6  78 31 94 39 41 43
5  19 75 71 35 38
4  33 26 81 1
3  93 52 78
4  46 78 47 32
1  88
4  93 66 91 86
4  30 27 2 5
3  77 76 80
1  38
1  40
2  13 76
1  65
4  74 10 31 20
3  39 7 2
2  73 93
1  32
2  43 33
2  88 9
1  68
2  39 81
4  57 94 38 68
4  91 41 67 21
4  8 59 67 10
6  39 3 6 71 25 48
1  51
3  12 52 4
3  91 84 97
3  77 34 15
3  24 56 1
3  15 9 4
5  19 93 20 21 98
6  45 46 93 96 82 5
3  86 39 38
5  35 86 47 69 100
5  93 56 82 37 70
6  40 51 8 33 71 29
2  61 73
5  54 68 59 15 44
6  53 13 32 38 60 100
3  40 93 21
2  63 11
5  14 19 2 85 47
2  45 20
1  99
6  67 57 3 11 54 55
2  85 93
5  85 30 22 77 23
3  6 85 52
5  99 70 76 83 17
1  27
3  15 26 23
5  82 26 92 35 80
1  20
5  97 4 2 18 81
2  60 86
1  12
4  8 82 36 90
6  42 17 34 57 56 39
2  82 30
4  61 44 77 33
3  81 35 59
4  60 18 47 69
2  7 76
1  42
4  8 84 82 41
3  23 97 79
3  78 9 3
3  53 80 71
6  61 6 51 22 65 68
5  34 97 75 9 7
2  74 14
1  55
4  41 78 51 20
2  29 28
2  67 80
1  38
5  66 43 23 87 8
6  55 41 88 30 50 94
3  24 8 47
5  63 88 55 13 8
5  41 35 4 8 15
1  45
6  74 88 10 60 96 1
1  36
6  44 86 82 90 9 89
3  87 51 23
3  64 30 19
1  65
2  12 80
2  57 67
1  44
5  63 39 77 76 75
4  20 61 45 9
5  34 44 55 85 67
6  48 97 15 53 62 37
4  41 67 21 8
5  65 84 32 3 60
1  78
2  27 38
5  35 7 2 79 62
6  46 58 34 42 73 87
1  10
4  44 76 72 51
3  36 35 77
3  94 85 16
2  12 54
6  47 61 86 25 22 72
5  80 5 12 52 92
1  61
3  58 37 13
1  82
3  43 59 86
3  44 2 53
4  56 38 1 16
2  25 38
6  95 17 100 6 68 91
2  29 32
5  66 45 85 48 92
2  6 78
4  49 80 16 4
3  53 4 51
5  29 88 70 23 4
5  29 72 59 49 1
6  25 66 35 10 14 27
3  19 5 100
5  84 16 72 19 68
5  69 43 4 57 13
2  61 81
4  32 40 3 33
2  28 99
4  38 12 91 75
2  95 75
6  79 90 70 97 57 45
4  100 48 22 12
5  82 93 29 14 32
2  47 62
4  45 26 97 57
1  71
6  11 45 86 89 35 55
6  91 99 51 47 73 3
2  55 96
3  69 28 80
1  89
3  60 15 36
1  31
1  4
3  51 89 30
6  44 15 76 43 65 67
6  38 69 9 92 64 57
4  92 37 74 80
5  34 94 10 50 25
1  53
4  67 41 94 52
6  8 27 73 93 15 10
4  23 1 26 80
4  17 16 35 97
6  68 91 1 17 15 16
5  79 83 10 73 34
6  81 61 21 53 35 63
1  58
4  40 37 24 57
4  59 53 43 26
3  44 43 57
4  12 36 42 22
1  75
1  89
3  36 42 88
5  4 2 28 68 42
4  92 98 17 50
3  60 75 93
1  17
3  62 28 84
1  49
6  78 64 80 12 100 21
6  69 25 1 97 92 43
4  84 41 78 33
6  38 8 83 41 25 32
1  53
1  5
1  7
5  66 87 94 65 8
6  34 32 95 30 24 37
6  8 77 67 40 68 5
3  50 45 72
5  47 25 96 51 26
1  34
6  90 28 55 97 21 89
2  15 18
4  51 8 60 28
5  100 96 79 47 45
2  19 26
5  43 21 20 69 24
4  59 13 80 14
1  100
1  38
1  20
6  65 27 50 93 1 49
6  79 96 33 2 15 58
5  58 79 90 26 3
3  85 15 21
6  25 21 1 63 35 20
4  100 47 2 93
3  51 80 26
3  13 27 61
5  97 19 49 86 44
4  27 29 66 48
2  90 69
2  52 3
3  4 3 94
1  95
3  57 75 66
1  87
6  64 56 90 82 4 75
2  54 2
4  19 50 81 9
2  8 60
2  55 64
2  48 70
2  88 26
6  54 29 78 46 93 34
3  74 37 10
6  91 11 54 10 60 34
2  78 41
5  99 95 42 22 11
3  30 37 31
5  65 8 28 57 41
4  31 78 72 30
5  82 83 79 42 17
6  20 57 75 19 52 17
3  93 27 80
2  63 10
1  28
2  32 84
4  94 15 36 66
3  5 48 27
5  90 43 80 9 100
4  28 51 71 68
3  98 47 66
4  56 70 88 73
1  72
2  95 87
4  60 31 72 7
4  55 96 1 35
1  100
6  32 51 60 100 94 58
3  59 18 2
2  6 74
2  78 5
2  64 72
5  95 43 89 52 98
6  52 32 89 21 2 80
2  95 37
4  54 55 66 82
4  40 11 39 45
2  3 16
1  97
4  5 48 56 89
6  87 77 51 7 98 53
6  17 48 24 82 1 79
3  83 39 87
6  77 32 26 79 47 41
5  6 45 23 61 34
2  48 11
5  55 8 26 41 24
5  65 5 74 43 52
4  82 38 49 59
5  74 37 16 15 12
2  60 35
5  93 58 30 3 31
6  10 56 25 34 28 90
3  2 33 90
4  14 28 5 72
6  79 9 13 93 21 34
4  56 16 45 13
3  47 44 28
4  99 53 90 27
3  28 74 18
6  88 45 89 60 41 67
5  53 60 89 86 12
3  2 56 58
3  3 1 74
4  100 26 50 68
5  54 42 95 38 29
3  27 88 79
6  56 32 53 44 18 64
6  19 20 46 65 23 38
5  45 64 31 71 8
2  72 2
4  1 40 88 19
5  43 51 34 87 68
6  75 87 17 20 51 39
4  88 21 10 51
4  80 82 58 3
4  60 65 54 99
4  41 18 33 84
5  67 70 36 64 45
2  81 64
5  19 29 60 39 38
1  90
1  93
3  20 46 7
5  99 6 35 40 23
5  24 91 34 94 26
6  38 48 78 1 20 97
2  80 36
4  90 25 83 82
5  2 28 78 85 27
5  20 67 7 87 90
6  21 83 23 18 20 71
6  21 90 91 50 70 26
1  59
3  99 41 22
1  68
6  85 95 83 5 61 89
6  50 86 12 33 8 29
4  79 24 73 68
1  23
3  40 39 96
6  38 37 11 5 23 99
6  27 59 82 19 8 67
2  41 75
4  93 53 83 66
2  97 88
4  36 27 53 25
4  90 36 3 94
3  25 92 39
4  50 20 71 58
6  100 98 61 59 90 13
3  55 33 37
3  91 73 70
3  97 35 32
2  37 26
5  62 17 16 13 67
3  83 25 21
5  23 81 42 12 94
5  67 27 19 10 17
6  80 60 88 14 92 20
3  17 98 11
2  13 24
6  48 7 24 69 89 46
3  30 58 43
1  25
5  31 35 86 21 14
3  8 28 36
2  77 52
2  88 85
3  11 84 85
2  8 54
1  54
1  37
1  46
3  36 15 78
5  100 99 84 44 6
1  79
2  88 31
4  75 15 94 86
6  79 3 7 32 9 60
3  45 71 80
6  7 94 71 76 93 69
4  37 75 70 16
1  57
3  64 32 61
4  17 60 36 20
4  67 28 26 1
5  97 80 65 3 73
3  79 66 3
3  2 78 8
2  85 65
4  48 96 24 6
1  84
3  32 50 8
4  76 8 32 72
6  96 75 60 31 54 26
2  92 28
1  99
3  95 63 7
3  58 31 48
5  14 89 1 63 96
4  38 3 91 10
6  87 85 50 17 38 76
3  29 3 60
2  47 55
6  54 97 48 85 44 17
6  32 18 61 28 77 99
2  68 8
2  54 93
5  70 30 46 20 59
3  80 86 95
3  76 49 30
2  33 74
3  31 6 57
6  33 34 89 64 1 97
6  55 89 54 25 19 100
3  78 48 24
4  43 57 39 92
6  61 25 60 100 55 66
4  46 99 90 35
4  91 31 45 46
2  99 70
3  99 14 16
3  38 78 89
6  17 81 80 77 5 40
5  60 6 33 5 4
2  39 65
1  70
1  59
6  9 28 7 42 43 53
5  20 41 73 36 22
4  13 26 93 89
6  98 22 90 1 44 29
4  57 99 76 15
6  84 43 15 90 85 57
3  63 77 83
3  13 4 88
2  30 80
1  15
5  36 5 79 34 44
3  33 20 50
2  3 92
3  92 76 34
3  68 16 74
5  20 62 6 49 42
2  64 19
4  69 97 34 2
3  69 34 60
2  54 62
1  89
4  86 80 87 24
3  2 98 28
2  59 34
5  100 53 34 19 8
1  15
3  5 56 9
3  15 27 92
5  36 80 30 21 59
1  45
1  18
3  34 40 1
4  10 1 20 44
2  27 46
2  68 50
6  77 88 4 3 80 39
4  10 60 19 26
1  24
3  46 58 83
3  24 92 47
3  36 66 69
5  99 37 31 87 13
2  91 16
6  70 54 58 79 14 76
1  18
6  47 64 57 29 10 80
2  57 23
4  22 92 37 21
2  68 8
3  87 98 56
6  67 10 43 46 23 18
3  40 18 96
1  74
2  13 54
3  69 76 1
6  68 38 11 95 5 18
3  91 15 75
5  100 17 27 23 35
5  62 52 71 65 26
6  78 80 40 46 56 41
3  23 78 46
2  82 63
4  73 77 43 48
4  42 64 84 99
4  26 51 30 91
5  26 68 56 65 14
1  6
3  34 83 95
4  65 58 3 37
3  45 84 92
6  48 76 51 47 35 77
6  65 68 73 90 35 28
4  48 39 60 97
5  43 92 22 7 49
2  44 83
5  28 74 56 75 50
1  22
6  84 18 49 51 91 39
6  19 94 34 57 53 30
2  96 21
3  3 69 74
3  51 44 74
2  100 48
5  6 69 58 90 87
1  40
5  46 25 95 39 58
4  92 88 80 87
1  29
6  78 3 35 29 47 8
4  46 56 27 52
2  85 41
1  92
5  89 37 5 84 75
4  35 66 50 14
4  58 43 42 35
3  77 63 92
6  16 38 40 42 89 65
2  29 77
2  8 65
4  13 48 29 75
5  95 24 96 47 81
3  88 16 84
4  79 76 48 94
1  88
3  1 53 63
2  29 80
3  93 34 50
3  63 24 23
4  47 18 3 28
4  91 44 40 54
2  16 2
1  29
6  51 30 43 13 59 72
6  96 65 27 45 5 89
5  27 45 15 48 43
6  38 87 40 92 8 55
6  24 84 83 75 13 26
6  71 97 80 66 61 7
1  66
6  78 92 40 93 36 87
3  36 25 22
5  16 29 31 9 52
1  92
2  26 18
1  96
1  93
4  75 100 72 40
6  49 32 34 42 67 21
5  3 45 98 78 61
2  8 70
5  21 62 4 46 79
2  42 93
1  3
5  9 74 7 3 23
3  37 64 5
4  41 8 1 38
6  62 64 93 31 42 13
6  46 59 71 63 1 72
1  30
5  77 37 84 100 75
2  64 80
5  4 87 77 41 71
3  4 64 69
3  76 61 90
3  32 52 35
6  24 38 5 15 60 88
1  35
1  77
1  84
5  100 61 20 71 99
2  34 68
5  10 29 58 44 60
1  78
4  34 16 77 38
2  37 26
3  71 33 20
6  17 100 84 77 19 54
5  43 87 11 96 71
5  40 31 78 18 84
1  33
4  49 62 98 74
1  68
1  25
4  23 24 35 100
3  89 75 85
5  17 95 72 88 63
1  18
3  28 1 52
4  61 100 22 58
5  27 26 80 51 78
1  75
1  2
1  1
5  1 77 93 96 48
5  59 97 100 86 51
3  58 51 68
1  24
6  42 4 46 19 7 20
2  9 36
2  84 37
1  77
2  57 56
6  15 52 90 1 49 41
3  6 91 14
2  15 9
4  19 54 82 25
5  13 34 9 45 18
3  54 94 77
1  49
5  25 100 57 49 97
5  55 87 84 76 2
6  38 20 46 45 18 32
5  27 77 96 71 30
6  48 40 37 14 64 71
6  85 67 59 39 54 43
1  55
3  53 75 80
5  20 98 4 24 80
6  95 10 81 42 50 18
4  13 55 26 1
3  92 59 78
3  1 93 100
3  45 75 15
1  95
1  19
6  35 99 84 29 9 65
5  58 82 26 70 36
4  71 75 43 30
4  88 30 46 65
6  62 79 6 56 90 25
3  25 23 32
4  31 96 24 88
5  49 58 13 99 29
6  41 58 29 88 86 16
4  76 78 31 81
3  20 5 81
3  27 12 98
4  8 21 46 85
5  4 98 69 33 85
1  90
2  38 77
1  53
2  87 31
4  67 65 79 72
3  23 99 57
2  56 64
3  2 49 11
1  46
5  38 30 88 27 56
2  4 67
5  33 54 9 91 20
5  69 92 18 90 74
1  46
3  53 47 86
4  53 31 42 90
4  29 17 54 21
5  32 53 36 40 43
4  12 47 30 3
3  3 14 82
3  67 29 27
2  81 57
5  70 18 99 87 34
4  7 17 84 59
4  23 2 8 35
1  55
4  16 91 67 30
5  8 96 100 34 25
5  90 95 50 8 94
3  41 46 43
4  29 2 10 52
1  17
6  15 71 50 30 62 17
4  33 24 55 57
5  13 47 74 63 55
4  100 96 12 42
4  41 43 62 92
3  78 60 49
2  90 10
3  49 43 68
1  76
2  82 89
5  55 52 26 21 51
2  33 93
5  73 35 34 64 80
1  42
3  60 69 29
5  12 77 13 80 89
1  61
5  75 15 29 100 36
5  20 69 71 92 41
1  26
1  85
3  46 25 97
1  53
4  26 30 78 6
1  66
1  70
3  83 84 71
5  20 50 2 88 94
2  26 19
3  11 56 80
3  52 94 88
2  20 17
6  25 26 61 33 95 4
1  79
5  98 99 24 86 44
6  15 69 12 49 79 67
2  14 18
2  1 35
3  18 29 65
3  90 98 38
6  14 16 67 11 90 10
6  33 2 15 1 13 63
5  79 90 94 97 11
6  31 51 12 60 16 54
3  14 92 42
2  8 9
3  21 98 47
2  31 49
3  32 62 97
1  40
6  5 37 97 98 67 48
1  27
4  64 76 78 55
2  5 62
2  43 83
2  89 3
4  38 37 84 99
3  95 39 20
6  75 17 97 42 65 6
5  29 69 43 6 24
4  11 85 53 67
1  42
5  60 79 6 44 77
3  39 15 60
3  90 77 34
2  41 40
6  69 9 41 75 32 1
6  17 85 38 83 92 79
4  52 57 58 95
3  98 33 49
4  70 38 33 4
5  74 43 67 42 52
1  17
5  7 2 99 92 39
5  84 18 33 35 75
6  29 8 88 62 57 45
2  94 77
3  62 50 78
2  92 29
3  8 12 42
1  10
2  48 92
1  66
2  51 40
1  80
3  3 42 47
5  97 23 8 59 73
6  87 64 14 21 72 25
4  82 35 96 29
2  12 95
4  63 34 65 42
5  68 83 14 56 80
3  63 38 10
3  24 74 61
3  46 86 7
2  20 3
4  46 15 50 96
5  83 61 19 63 29
1  46
3  57 25 79
2  63 89
4  86 62 26 31
1  11
3  33 31 40
6  76 55 37 72 31 20
2  50 82
4  51 27 3 7
4  82 25 14 70
6  100 32 15 30 38 25
5  71 55 8 59 31
4  96 3 92 15
3  41 97 96
6  24 99 98 75 81 22
6  51 11 88 82 26 18
2  51 85
6  6 92 48 37 53 43
3  45 58 74
6  54 70 77 69 74 52
3  95 40 100
1  27
5  32 44 1 82 28
6  88 20 38 24 72 81
4  17 39 37 2
6  7 78 69 76 51 20
2  46 59
2  52 86
1  83
2  6 65
4  96 52 77 34
5  49 14 38 65 53
5  67 44 81 13 57
6  33 81 41 91 5 92
5  10 75 6 16 39
4  11 91 39 45
4  87 58 4 52
1  79
2  54 59
4  67 16 56 99
6  96 90 1 88 66 11
4  71 26 100 34
3  91 72 81
4  59 39 60 11
3  38 28 3
6  89 70 12 45 68 7
3  57 8 28
2  18 90
6  44 90 26 81 80 98
4  35 56 1 95
4  50 32 94 53
2  83 22
3  27 89 46
5  46 54 95 68 71
6  60 15 74 86 96 53
5  58 88 39 82 5
1  13
6  60 41 81 80 8 70
2  75 15
5  69 82 50 54 42
4  27 60 79 10
2  67 49
5  48 54 82 61 52
3  2 32 22
5  40 92 7 14 6
6  83 88 34 36 30 98
4  56 58 41 66
5  8 14 49 56 67
2  17 19
5  18 51 94 99 90
6  5 3 91 89 86 79
2  21 8
2  83 64
5  24 29 51 31 43
6  87 10 30 3 29 1
2  79 94
2  68 79
2  71 70
1  57
3  35 77 55
4  60 19 32 84
3  83 15 91
5  1 100 11 3 29
1  23
1  6
3  75 84 65
3  53 77 2
1  11
5  56 65 39 74 97
2  21 79
3  11 60 36
1  71
3  39 83 61
3  88 2 20
5  66 25 42 68 53
3  80 18 84
4  14 6 75 93
3  85 53 78
6  23 16 35 6 77 80
6  79 100 65 44 66 89
6  33 14 39 78 94 56
4  47 70 68 21
4  9 6 14 86
1  37
1  36
3  78 16 35
4  16 99 100 82
6  86 14 1 25 92 94
5  54 40 50 21 61
1  30
4  26 16 68 62
2  4 95
2  38 51
3  37 51 17
2  37 30
2  61 21
2  41 75
4  91 95 18 2
2  84 27
3  51 89 58
4  92 53 74 30
1  9
4  54 25 90 91
4  14 51 75 31
6  49 88 82 44 5 84
5  89 10 9 39 99
4  93 90 18 66
2  21 74
6  74 99 75 65 52 89
1  26
2  7 75
1  89
2  11 72
6  100 82 94 39 80 59
2  69 77
6  89 97 71 74 69 49
3  21 38 50
3  56 57 21
4  45 39 73 16
2  73 98
2  11 77
5  41 46 54 38 34
3  9 8 21
5  56 55 98 93 5
3  49 61 65
1  6
1  84
2  28 56
2  46 66
6  23 7 40 76 45 74
2  53 81
3  31 37 1
2  30 5
5  79 66 36 90 71
3  73 92 66
2  10 11
6  5 33 1 45 9 46
2  34 99
6  79 29 36 57 66 84
2  44 50
4  33 20 3 6
1  68
3  22 79 29
2  12 30
5  20 75 89 54 74
6  32 2 23 11 59 88
6  86 32 44 50 64 52
5  75 20 4 97 99
2  23 10
4  93 30 36 81
5  9 68 15 10 91
2  69 78
2  55 10
4  4 73 28 56
3  3 76 46
6  74 77 21 84 38 13
1  73
6  96 81 62 10 91 52
3  59 30 56
1  39
2  17 12
3  72 54 49
3  100 47 21
5  67 4 14 80 17
6  74 12 66 35 21 57
6  57 15 12 28 54 31
3  65 78 16
2  26 62
2  73 83
6  40 86 7 20 2 92
6  13 58 27 34 15 91
2  28 2
4  81 33 100 46
1  15
4  36 77 81 9
4  74 48 45 80
4  47 72 59 60
2  86 94
3  98 84 73
2  86 29
1  18
2  51 28
3  14 64 20
6  72 79 68 20 23 47
6  70 19 45 29 48 30
2  91 28
1  64
4  91 92 58 8
2  8 36
4  22 100 82 16
5  60 83 90 30 76
4  48 21 81 95
4  2 86 78 7
3  30 97 41
6  5 61 96 41 23 17
3  4 32 11
4  15 1 47 44
5  99 91 96 79 86
3  80 72 24
6  21 54 84 61 41 88
2  36 28
3  53 68 48
6  78 12 99 58 42 53
4  33 49 34 19
6  14 90 18 1 11 71
5  72 12 71 93 48
6  36 100 66 84 44 95
5  21 52 24 74 8
4  22 42 75 17
4  65 35 56 75
1  39
3  17 10 38
4  8 74 64 57
3  17 51 30
3  3 53 11
1  10
2  51 84
3  6 48 83
4  23 88 100 68
1  9
1  68
1  79
2  91 36
5  8 86 7 45 88
4  55 98 69 87
3  53 36 55
1  18
1  23
1  15
6  10 24 95 78 41 74
1  31
1  86
3  95 93 82
5  53 37 81 22 24
2  74 59
5  74 76 99 96 82
1  86
6  38 81 69 78 54 77
1  63
4  46 58 56 28
3  8 65 20
2  88 49
1  46
2  77 22
2  73 3
3  58 95 82
3  63 60 92
3  68 55 2
1  12
4  42 52 66 6
5  95 93 19 97 38
4  74 60 81 46
4  25 3 57 7
3  19 66 33
4  33 88 60 46
6  18 87 50 83 92 21
5  85 40 74 23 90
3  82 71 93
3  95 96 100
1  37
2  66 69
5  99 57 36 44 55
4  31 5 36 23
2  13 7
4  87 29 54 34
1  25
2  54 19
2  53 20
4  71 86 26 47
6  82 83 28 37 36 58
3  71 81 67
5  87 31 69 16 85
1  26
1  28
5  28 49 32 47 6
1  33
2  49 17
1  31
3  49 66 2
6  37 83 57 19 69 88
6  85 72 90 10 81 18
6  8 66 19 55 71 21
6  2 69 4 14 100 48
4  65 50 53 1
2  10 20
1  97
1  85
5  98 94 48 15 82
4  80 1 10 51
2  97 52
6  100 66 89 47 28 54
6  81 54 28 90 74 87
5  12 54 78 6 2
6  87 57 73 67 23 8
4  75 97 63 40
6  9 68 39 6 49 92
2  39 65
4  25 46 73 79
2  78 80
1  65
3  89 52 3
1  59
4  86 56 28 26
3  36 94 79
3  42 71 74
5  36 35 6 81 7
6  5 85 64 21 50 1
1  1
1  20
4  68 6 14 95
2  55 31
2  33 72
4  3 46 47 38
5  52 19 87 35 23
5  99 43 21 51 1
5  80 69 76 94 64
1  48
6  30 80 66 96 83 12
3  20 92 93
3  78 28 61
3  26 3 69
2  54 90
2  24 69
6  99 63 56 5 10 50
3  90 15 31
5  27 72 92 18 65
2  95 92
6  44 17 93 13 41 46
1  65
5  71 57 68 34 13
5  43 62 7 33 77
3  4 9 96
2  74 26
1  65
1  59
5  9 71 23 55 73
6  24 44 92 77 56 64
2  18 71
4  95 8 56 98
1  51
2  90 77
2  55 92
6  36 1 63 59 55 45
5  79 88 69 56 44
2  76 62
1  27
4  11 82 55 27
2  73 17
1  6
5  2 97 7 60 65
4  95 9 34 74
6  2 30 41 35 5 3
3  32 59 48
1  13
5  46 86 91 55 61
4  88 68 58 47
2  13 41
3  46 14 38
3  44 78 82
3  80 19 79
3  66 92 52
3  38 37 31
6  27 91 48 14 58 6
4  90 18 1 30
4  15 68 12 58
3  94 6 26
1  84
4  78 75 15 18
1  52
3  4 79 39
4  92 97 57 53
6  75 53 17 39 68 84
3  26 29 43
2  54 55
1  17
2  89 32
4  1 84 99 5
4  38 56 54 35
1  6
2  87 59
3  26 20 75
4  48 18 81 2
5  95 19 6 83 51
4  83 34 56 87
6  93 43 49 28 55 54
3  42 13 84
5  38 4 42 89 52
4  69 53 33 64
5  38 46 22 95 29
4  50 16 43 58
6  70 13 52 18 55 64
1  22
1  4
4  90 56 24 59
1  56
2  79 94
5  100 88 96 54 38
1  4
5  69 1 51 82 53
5  37 16 69 59 17
5  23 7 28 46 65
3  1 87 14
6  54 13 82 49 67 20
4  70 100 29 71
3  11 24 18
3  39 86 6
4  58 28 63 85
5  27 20 73 13 33
5  66 45 49 15 12
5  75 82 68 3 52
2  13 75
3  60 14 20
4  70 77 92 32
4  65 59 81 38
5  14 5 38 59 53
4  70 21 27 51
6  30 3 6 43 77 40
1  91
4  67 61 37 59
6  99 23 51 79 61 92
4  61 50 17 13
2  38 40
5  26 69 72 31 11
3  71 13 39
2  79 100
4  38 92 65 61
3  44 21 65
3  85 26 2
3  5 39 78
5  64 46 94 57 70
2  94 49
2  60 86
2  24 46
4  68 67 31 2
4  56 87 52 95
6  90 72 65 53 18 10
3  75 4 10
3  37 4 92
5  64 77 92 87 23
4  54 89 88 56
3  44 43 91
3  34 81 10
6  34 27 8 80 1 11
6  44 48 93 35 16 56
1  7
3  34 64 97
2  52 53
4  96 53 33 29
2  43 27
4  69 34 46 70
3  35 13 92
2  48 7
5  59 14 26 93 78
2  16 29
5  77 25 70 30 57
6  63 99 25 29 68 59
5  37 3 9 50 94
3  97 1 20
4  14 46 49 92
5  64 21 43 41 45
1  70
1  11
2  1 36
4  68 94 35 5
6  43 54 90 80 51 91
6  6 5 44 54 96 12
2  16 54
4  60 66 28 61
5  60 62 12 20 29
1  54
2  2 97
6  91 76 37 81 75 43
6  18 97 80 29 14 96
5  72 56 49 100 17
2  59 78
3  79 6 42
2  39 43
2  26 34
1  62
1  79
1  99
6  1 79 25 15 74 8
6  29 56 86 46 80 44
2  17 22
2  59 54
5  2 83 93 35 87
4  49 66 59 48
4  60 26 87 75
6  94 61 29 49 47 74
2  90 96
3  12 24 3
4  91 4 48 83
3  35 37 88
6  95 35 62 55 60 48
2  60 41
6  88 90 36 62 18 25
4  62 37 81 64
1  72
5  51 54 6 85 90
6  85 28 47 39 87 94
5  47 35 57 24 92
6  41 17 53 3 34 66
4  5 34 6 59
3  91 48 32
5  33 60 22 72 46
1  39
6  51 96 27 75 87 23
1  3
5  18 56 9 83 11
1  17
1  72
4  6 20 88 81
4  47 3 24 93
2  63 85
5  58 12 43 44 34
4  47 9 75 3
2  58 13
2  74 29
1  29
3  21 17 16
5  63 18 96 56 36
4  41 4 16 52
3  60 85 3
1  94
5  8 10 34 21 40
1  49
3  36 83 62
4  98 34 16 15
2  71 51
6  11 54 2 62 100 61
3  2 67 40
5  74 50 12 95 90
2  43 30
4  25 92 7 23
2  23 38
4  93 88 40 3
3  41 65 40
1  11
3  68 51 20
3  100 32 36
6  51 79 19 5 3 10
1  25
3  34 62 87
2  50 27
2  91 67
6  30 69 5 72 37 56
6  78 55 23 14 44 73
6  63 78 94 73 90 19
1  24
5  94 50 30 20 79
2  87 73
3  56 77 22
6  32 13 69 87 35 83
2  8 74
6  86 68 67 75 87 73
6  68 67 48 97 87 27
2  74 99
5  29 76 89 20 8
1  89
6  36 71 26 43 45 19
2  12 85
1  98
4  1 65 25 48
4  11 75 79 85
5  46 13 49 34 33
4  34 22 51 70
6  77 12 37 95 40 49
5  42 47 38 11 63
6  73 74 64 52 58 37
6  71 85 31 3 41 64
2  92 34
1  68
3  53 63 85
1  43
2  48 80
5  58 42 57 31 15
2  83 73
4  79 43 41 10
3  82 74 70
5  7 86 41 51 39
1  35
3  46 61 87
2  29 45
5  85 76 83 6 58
4  62 37 97 3
3  43 84 19
1  57
2  98 76
3  1 11 77
3  72 64 100
1  39
6  85 21 90 42 75 51
5  72 53 25 14 37
3  26 93 68
2  91 44
4  91 54 36 37
2  100 8
2  8 47
1  92
4  99 34 42 49
1  14
1  36
2  38 79
4  31 47 76 21
6  36 12 44 72 49 69
5  57 94 78 3 70
5  1 3 11 50 15
2  51 50
4  88 29 4 19
5  80 40 66 15 51
1  86
6  78 56 71 34 58 73
1  27
5  5 38 23 19 61
5  69 12 61 98 15
5  73 94 19 38 8
5  47 94 69 25 49
2  95 82
5  68 84 9 41 89
3  63 7 36
5  18 96 73 33 75
3  26 93 83
3  62 30 27
2  54 76
4  49 58 36 16
3  44 57 30
6  19 37 96 54 12 14
3  84 46 24
2  71 17
1  5
5  40 32 9 94 7
4  42 65 98 57
1  42
1  35
2  32 71
2  86 82
3  36 66 85
4  94 56 76 5
4  54 45 92 63
3  99 25 79
4  22 36 68 63
3  3 94 81
5  20 66 56 59 2
2  44 61
1  99
3  19 59 91
4  51 53 100 49
5  79 11 98 14 61
4  81 55 43 74
1  10
2  10 30
5  70 44 75 6 62
2  96 25
5  48 24 32 25 2
3  23 16 21
5  78 2 37 20 57
1  28
4  43 37 96 19
1  40
6  12 2 26 8 10 55
3  41 79 51
5  1 67 5 84 44
1  21
4  63 31 92 28
5  28 24 92 34 63
6  46 64 11 53 90 20
1  39
4  87 89 44 88
4  48 71 100 54
6  63 16 23 55 44 97
5  68 89 16 31 73
4  95 84 14 3
2  22 64
1  11
1  95
4  55 66 8 57
2  24 80
5  68 76 65 35 64
5  66 37 42 60 21
4  43 23 77 65
6  84 75 93 79 41 47
3  6 55 1
3  79 81 16
3  56 81 20
4  46 57 2 5
5  57 48 99 34 12
6  18 87 78 96 27 25
3  33 79 41
4  57 21 83 3
5  63 83 96 23 29
4  25 34 28 82
5  27 15 93 12 32
5  89 28 7 14 68
3  93 8 6
3  28 88 52
1  51
3  99 73 63
3  98 97 77
5  77 4 93 70 15
2  49 4
4  55 17 20 94
1  27
6  59 54 87 10 58 38
3  56 11 8
1  8
1  82
6  81 85 79 50 100 3
6  3 55 54 20 75 48
2  1 47
6  55 34 97 12 71 42
5  81 49 73 88 52
4  74 32 40 52
5  39 54 80 41 9
2  61 83
5  89 84 27 76 38
4  72 50 30 13
1  11
4  89 98 13 44
5  45 83 23 26 21
5  6 62 85 39 22
5  19 10 50 45 85
6  5 57 38 35 70 54
3  31 43 86
1  87
5  36 13 89 12 18
3  97 56 71
4  75 81 14 19
4  1 24 23 38
4  92 3 22 34
3  65 20 59
4  88 94 64 76
1  82
2  2 37
6  65 11 77 79 30 43
5  54 65 17 11 56
1  13
5  42 58 43 62 16
6  49 9 58 25 15 39
3  17 76 46
5  87 23 60 17 65
3  70 30 55
5  86 63 93 64 5
3  6 66 65
6  15 74 58 39 89 97
6  5 72 34 86 59 56
3  75 21 84
3  51 39 24
3  1 16 99
1  66
1  72
2  4 86
1  61
2  93 58
1  97
2  45 83
6  1 28 62 22 12 5
5  50 28 8 51 44
1  57
1  11
2  39 15
1  43
5  37 35 33 49 32
4  94 14 49 95
3  10 16 54
1  88
1  42
6  54 85 2 10 94 13
3  33 28 50
5  4 87 10 36 41
6  29 54 46 23 96 56
3  49 70 26
4  11 22 6 96
2  16 90
3  53 22 64
1  97
4  90 6 2 25
3  100 53 45
5  95 100 14 44 69
3  96 80 61
1  76
6  16 65 20 69 87 83
5  83 49 60 88 51
6  34 50 37 33 95 12
2  95 25
5  64 65 66 43 25
4  19 9 83 28
4  69 10 21 51
4  81 39 9 65
5  58 1 5 53 12
2  47 37
1  10
1  68
4  26 35 71 34
1  54
4  67 22 71 88
5  29 69 12 38 33
5  95 33 88 48 45
2  94 81
2  4 82
6  57 7 23 27 40 81
1  7
1  72
6  76 1 63 87 38 95
5  33 28 58 80 72
5  74 53 97 77 34
6  33 41 9 60 81 48
3  81 55 43
4  49 18 53 12
1  90
1  74
2  34 32
1  6
1  75
4  4 51 93 90
6  33 98 44 13 46 83
6  1 25 46 49 43 99
4  47 88 66 20
1  100
4  11 5 59 86
4  63 36 56 52
2  89 50
4  1 95 46 71
3  44 13 39
1  59
2  70 79
3  69 30 47
5  88 32 38 50 68
6  2 87 81 51 50 82
3  95 76 40
4  16 84 78 55
6  37 81 57 15 17 26
3  63 100 33
6  37 82 62 30 83 48
1  33
6  92 78 67 18 57 83
1  35
3  89 71 18
3  86 34 71
2  97 71
4  91 7 44 52
3  27 100 46
4  97 38 88 4
4  45 87 57 79
2  45 50
3  90 36 76
4  66 72 31 28
4  38 71 13 74
6  13 20 57 9 94 97
4  49 41 48 5
2  72 50
5  13 39 5 89 100
5  60 30 97 22 68
5  35 41 65 47 60
2  55 16
1  51
5  64 92 23 69 12
6  18 81 8 57 85 96
4  54 56 86 50
5  53 17 12 93 81
4  53 2 14 69
1  64
3  81 56 68
3  67 62 47
5  23 31 65 79 85
2  65 35
6  17 51 9 10 32 67
4  34 80 31 50
3  75 31 100
3  79 66 3
3  13 72 68
3  36 47 28
4  11 62 52 28
1  61
3  44 27 100
5  7 30 27 50 5
4  49 46 36 15
3  81 27 20
3  70 56 96
6  10 6 59 62 34 72
2  71 15
3  71 92 55
6  19 5 76 54 51 12
5  99 93 95 19 42
4  74 37 63 84
3  22 46 76
6  67 46 8 15 16 100
5  16 19 75 20 95
2  70 6
6  69 99 92 88 40 57
4  76 19 45 18
3  90 93 33
4  39 40 71 55
3  41 70 58
1  90
4  44 60 58 40
2  56 32
1  96
6  76 71 7 20 89 47
1  81
5  65 19 36 73 58
5  43 15 92 33 67
3  92 24 75
2  80 6
3  75 93 11
3  99 31 33
3  40 14 24
1  33
3  41 6 100
1  48
1  8
5  80 43 72 4 17
6  83 22 27 57 15 38
1  13
5  34 58 9 48 82
1  80
2  54 85
2  71 33
3  78 13 16
2  85 20
3  77 2 58
1  58
5  41 59 85 9 93
3  17 40 24
2  20 48
6  5 70 54 37 6 32
3  22 52 35
3  88 11 42
3  14 100 17
4  58 1 63 51
3  80 90 67
1  10
1  93
1  84
3  51 90 78
1  11
2  35 52
1  46
6  61 59 93 77 13 51
5  75 1 21 54 91
6  63 1 2 55 14 85
1  65
5  78 65 86 7 100
3  22 45 31
5  4 24 59 17 74
3  91 75 56
3  66 44 8
4  45 63 80 30
4  44 4 41 9
6  47 8 26 69 53 57
4  57 80 10 73
4  45 64 28 1
1  94
3  16 59 89
5  39 18 41 83 22
5  91 11 29 99 37
6  52 93 48 8 72 57
5  25 2 44 53 3
4  46 47 68 5
3  45 43 53
6  25 75 67 15 86 95
1  22
6  65 15 39 73 87 95
4  12 96 98 64
6  49 10 45 17 14 79
4  56 32 47 80
1  13
6  91 8 9 13 99 74
2  37 46
1  32
6  25 27 97 89 45 98
5  62 11 48 23 67
5  69 47 85 82 41
5  89 50 87 23 15
2  69 29
4  68 53 82 64
3  7 9 39
5  70 49 24 92 15
1  60
4  88 41 2 64
2  52 17
5  67 40 42 95 94
1  48
5  73 88 82 81 27
4  50 75 80 42
6  83 2 51 70 43 53
2  72 4
6  88 77 51 27 19 45
2  28 92
6  100 80 77 81 6 34
2  81 13
5  70 95 73 21 65
1  73
6  87 77 81 74 53 31
1  72
5  21 99 67 16 46
6  79 52 26 9 32 39
5  2 34 53 22 98
5  95 54 71 75 27
2  6 27
6  81 48 94 64 92 93
4  70 45 82 78
5  20 58 78 54 10
6  51 77 94 45 30 64
2  57 88
2  83 82
1  31
5  53 94 67 46 51
3  90 32 14
4  52 71 43 5
5  42 56 35 100 86
6  19 42 86 44 25 68
3  55 43 3
3  10 48 99
3  38 31 58
1  82
2  47 87
1  88
3  64 23 42
3  21 61 90
1  5
1  75
4  69 18 56 28
1  16
5  42 46 30 45 28
4  91 15 66 79
4  30 1 98 79
2  58 68
2  62 83
1  16
4  21 72 68 48
5  84 20 17 30 50
4  58 8 53 72
5  31 28 3 32 25
5  53 83 49 82 44
2  85 60
5  6 31 50 54 33
5  22 63 23 83 20
2  35 91
1  66
2  6 97
3  87 49 26
3  30 70 66
1  29
3  20 59 96
5  65 29 46 86 91
5  69 10 99 4 1
1  69
2  8 65
4  94 14 87 29
3  57 94 58
6  41 78 44 36 50 8
4  96 94 54 64
4  63 65 34 82
5  98 43 66 11 30
6  55 86 89 13 71 29
6  15 64 39 23 28 35
1  81
6  79 44 61 43 7 25
5  88 97 74 31 63
6  61 58 39 47 46 51
2  74 40
2  37 79
4  65 14 72 45
1  50
6  72 93 96 97 68 84
6  42 15 57 26 75 14
4  21 59 16 38
2  56 70
5  35 25 33 48 96
5  59 45 66 31 37
4  28 5 45 22
3  59 78 72
2  91 37
4  49 53 92 81
1  62
3  43 87 82
6  82 59 49 27 25 80
4  86 7 68 31
2  14 90
1  86
2  96 23
5  45 75 68 25 83
2  74 25
1  55
1  98
1  63
2  38 42
6  24 49 56 54 77 69
3  82 55 66
5  78 42 22 52 10
3  34 39 21
4  55 75 73 52
6  35 76 26 77 63 50
2  18 4
1  87
3  84 42 13
4  19 54 83 71
4  29 5 3 49
4  57 24 36 9
1  70
6  38 47 48 88 73 66
6  75 53 38 59 94 50
2  13 4
1  84
4  30 88 69 79
4  26 2 86 35
1  56
2  52 3
4  39 75 32 29
3  84 66 8
5  16 27 91 19 28
5  85 58 62 54 36
1  80
3  98 15 52
4  34 3 56 100
3  31 32 70
5  16 35 88 94 50
1  84
5  41 58 54 98 20
1  34
2  87 71
2  1 22
5  34 24 40 65 70
4  34 50 80 69
3  73 19 51
4  87 91 15 40
6  34 47 22 66 93 96
3  14 79 68
3  18 2 88
4  36 38 46 4
5  19 23 25 76 9
1  91
3  4 24 96
2  90 29
2  86 63
2  64 30
5  82 32 71 70 98
1  7
3  10 81 63
2  5 38
3  20 28 89
2  52 84
3  42 12 66
2  74 97
6  4 66 73 36 42 33
3  49 76 51
2  38 82
3  75 22 54
1  10
5  55 94 26 96 5
6  23 79 89 13 83 54
6  18 89 27 50 30 76
2  80 5
4  62 39 38 83
6  41 93 70 95 86 96
6  91 88 13 70 76 25
4  30 10 70 18
3  20 48 12
3  28 16 8
6  54 46 72 86 64 16
5  50 11 71 40 98
5  9 74 8 61 3
2  31 21
4  50 69 67 95
6  83 3 85 36 48 56
5  34 19 98 14 69
1  85
1  6
5  17 80 76 78 82
6  8 3 48 58 71 14
4  66 96 55 50
2  3 6
1  37
2  11 51
6  19 35 1 25 2 17
1  77
6  86 70 2 88 17 60
4  31 12 24 26
4  74 58 69 79
5  5 3 81 55 96
6  90 96 24 92 13 27
5  7 13 39 8 1
4  68 59 86 79
5  12 45 56 69 14
3  40 19 38
2  74 33
2  63 28
3  54 40 71
2  47 83
4  54 83 16 22
3  1 100 23
1  45
5  81 58 13 21 76
3  41 50 83
4  12 11 4 66
4  74 88 97 56
3  51 39 64
5  79 64 71 2 76
1  80
4  73 92 77 49
3  18 98 24
5  10 34 81 76 84
4  64 81 9 12
2  47 75
1  26
3  73 27 15
6  6 71 61 98 48 10
3  65 8 63
3  18 96 22
6  80 75 56 61 84 67
6  31 42 93 56 80 66
5  94 54 89 64 15
6  12 25 76 33 87 17
3  83 39 43
4  13 99 23 97
4  13 27 6 83
6  72 66 79 25 54 43
3  40 54 64
4  29 97 51 46
3  33 84 89
6  97 87 16 93 52 29
2  58 35
1  43
1  68
2  31 22
4  70 62 16 34
2  45 30
5  90 76 8 73 65
1  69
4  18 61 2 47
5  60 81 83 2 87
4  22 17 73 85
6  34 100 20 59 44 50
3  34 26 42
1  91
3  74 41 61
3  43 7 15
1  88
6  4 74 48 25 90 20
1  76
4  10 96 13 54
3  47 87 72
6  92 62 32 66 3 100
3  99 14 47
6  11 50 59 75 49 78
6  25 32 94 21 44 47
4  91 34 38 79
2  100 10
6  2 90 47 100 4 94
6  15 44 45 73 19 94
4  3 18 82 96
3  26 43 4
1  76
3  94 1 41
1  91
3  5 80 88
1  83
5  90 98 25 35 70
3  28 21 46
3  2 41 83
2  84 87
3  60 28 37
4  68 41 50 9
3  30 97 50
1  78
3  9 3 74
5  46 2 99 91 47
1  32
2  28 15
1  71
5  43 8 34 10 48
5  19 92 12 16 42
2  94 81
2  96 55
1  42
4  10 32 2 63
2  38 78
3  9 51 88
1  84
6  63 67 17 55 78 32
6  2 25 77 35 21 31
3  62 86 55
6  87 65 56 18 3 33
4  11 84 51 26
5  48 88 34 64 43
1  95
3  13 20 15
3  41 45 93
1  30
3  95 17 12
4  34 15 83 97
2  66 47
4  33 94 39 67
4  81 78 53 19
6  72 33 38 12 78 30
1  8
5  9 24 89 59 58
1  41
4  28 7 100 79
3  94 17 6
4  98 84 4 16
5  75 49 11 87 26
3  1 33 18
1  57
1  67
1  10
1  68
3  14 68 16
4  62 32 59 13
2  42 16
3  15 90 93
2  77 19
4  77 51 84 85
1  90
4  22 100 58 89
3  72 57 52
2  18 84
5  30 12 25 46 57
3  35 50 66
1  68
2  88 19
1  73
2  5 24
3  4 82 36
3  53 92 77
1  75
4  40 87 85 43
2  20 93
6  31 60 20 19 78 35
6  3 39 15 49 43 96
6  82 49 76 74 26 86
3  85 25 35
5  9 78 94 29 70
5  59 29 3 78 7
3  69 9 76
5  58 18 79 43 100
2  18 73
4  4 21 37 28
4  7 37 34 100
4  3 82 24 32
5  1 39 20 70 48
6  53 6 13 31 48 58
4  86 10 69 7
3  97 63 52
2  96 51
6  99 33 22 31 16 23
5  36 92 16 31 44
2  44 74
5  57 32 33 42 41
1  49
6  97 11 38 30 6 89
2  5 21
3  35 37 71
1  72
4  18 3 5 39
3  79 6 3
1  39
3  51 40 93
3  37 3 75
4  9 63 93 13
6  42 47 21 12 50 92
5  68 95 78 6 40
4  12 42 67 51
6  18 90 79 54 26 81
2  91 90
6  84 3 75 25 50 95
3  99 87 9
4  81 87 72 21
3  84 63 11
3  49 28 23
2  82 48
1  10
3  97 1 23
6  75 47 48 70 83 56
6  13 37 79 84 57 22
5  19 33 1 67 61
2  93 42
5  1 52 10 97 32
6  27 78 44 96 61 90
4  53 2 88 31
6  45 53 63 85 30 76
2  87 47
2  38 56
2  89 87
1  15
4  58 11 26 47
4  78 49 50 8
3  94 61 87
4  45 39 86 90
1  9
5  62 31 13 17 50
1  4
4  17 69 22 27
6  69 89 72 18 39 80
4  33 40 38 89
6  77 75 74 91 83 49
4  14 62 69 63
4  73 28 79 42
3  6 36 18
6  7 36 34 86 87 66
2  24 55
1  100
2  83 90
1  32
3  25 93 11
6  56 84 15 35 25 64
3  60 82 35
4  17 68 52 3
2  77 26
6  86 25 16 69 15 28
6  57 52 93 68 40 48
4  55 82 76 18
2  36 100
4  2 16 24 54
2  57 31
3  44 16 69
4  85 84 87 41
3  77 8 78
2  59 33
1  35
4  28 71 50 84
5  66 8 26 84 64
4  28 7 73 96
4  57 80 53 41
2  91 17
2  69 41
6  1 47 21 51 75 91
6  59 64 65 66 90 49
2  46 76
3  18 72 2
5  51 54 14 71 45
2  98 13
5  83 13 18 4 64
6  95 64 50 58 28 15
3  77 45 93
4  81 10 24 82
5  74 36 97 44 80
2  42 93
6  24 6 15 28 69 7
2  32 56
5  60 71 26 36 15
2  88 95
2  11 77
1  85
1  8
2  93 35
5  85 33 93 90 48
2  58 54
3  90 9 20
3  80 46 85
6  64 72 89 91 82 66
1  66
5  9 94 70 44 63
4  76 56 44 23
5  2 77 17 91 86
3  40 65 83
2  59 46
6  48 37 77 13 38 43
6  47 37 60 90 100 14
4  55 57 89 31
4  65 48 49 50
6  88 15 67 12 74 7
2  49 84
3  86 26 24
2  63 84
2  62 97
6  17 54 75 48 11 40
6  60 89 79 47 4 45
4  77 57 65 98
1  49
2  92 75
4  24 37 38 45
6  35 32 15 88 6 62
6  46 57 58 34 36 5
3  81 63 14
3  28 11 43
5  42 34 51 96 57
6  34 2 86 68 33 100
4  39 62 53 84
2  11 18
4  15 55 34 78
5  71 5 79 14 81
2  47 32
1  4
2  49 5
1  16
3  4 71 75
4  24 58 84 34
5  37 49 29 71 26
6  42 31 76 56 12 96
1  43
1  5
4  60 9 65 76
3  68 46 20
2  70 78
1  3
4  53 52 81 24
5  78 65 8 53 20
2  48 22
4  59 27 23 18
3  87 94 81
4  40 100 86 9
5  2 12 30 54 63
1  77
3  88 42 47
3  62 66 88
5  28 46 10 51 64
3  37 57 25
6  97 25 77 5 2 78
1  31
2  79 41
1  18
2  49 65
5  10 31 55 93 58
1  2
1  65
3  45 22 71
3  18 95 12
2  96 90
3  26 21 17
4  28 34 94 77
6  61 86 29 16 79 87
1  81
6  81 27 40 3 97 75
2  91 87
3  87 76 80
1  96
6  79 24 30 72 100 28
2  86 57
3  64 43 65
3  38 46 71
5  48 67 51 68 58
3  10 44 13
6  56 9 85 34 33 15
1  32
3  39 17 99
6  81 42 52 25 79 97
6  56 45 62 6 13 20
3  23 63 56
1  18
4  97 52 11 58
2  53 96
3  52 83 27
6  34 51 73 31 47 28
5  9 33 88 28 76
1  90
2  21 8
6  17 60 94 28 18 22
5  13 67 32 96 93
2  30 44
6  60 91 25 36 99 58
2  26 33
2  16 65
4  23 61 71 83
4  98 100 76 78
1  43
1  8
3  35 38 79
2  98 70
4  33 68 13 56
6  46 88 9 10 41 31
5  11 14 25 9 13
1  86
2  43 95
2  78 30
5  57 61 68 26 16
1  93
2  56 86
5  43 94 84 25 54
6  38 79 3 51 89 77
2  84 10
6  13 80 55 73 48 81
6  48 74 17 3 59 90
3  53 74 29
5  28 23 15 6 26
4  85 14 42 6
6  52 4 9 32 59 82
5  39 70 27 12 86
2  71 76
5  24 50 3 1 77
2  15 82
4  81 67 65 23
5  62 74 75 71 5
2  52 84
5  22 10 83 8 39
4  84 13 77 33
1  77
1  42
6  91 93 73 57 58 95
2  19 69
1  90
5  35 42 57 6 63
4  89 71 5 42
4  17 19 86 33
6  95 74 86 66 58 42
2  53 70
3  21 72 31
6  6 73 50 12 35 16
6  5 20 42 59 37 60
3  69 55 40
3  41 25 8
6  66 31 51 35 73 72
1  4
4  12 76 16 24
1  31
2  16 51
4  74 87 25 19
4  80 58 98 20
5  6 18 47 37 69
5  9 41 88 13 6
6  89 21 23 99 52 47
1  2
1  88
6  36 7 45 16 64 42
3  45 47 53
6  84 22 74 93 62 5
5  61 94 88 84 92
3  30 6 42
3  94 30 77
6  75 93 64 16 27 9
4  80 100 46 1
5  38 63 35 43 30
6  36 18 80 28 57 10
2  99 51
2  29 28
2  3 20
6  18 46 99 81 26 27
2  72 64
6  7 19 2 43 36 81
5  93 91 3 41 30
2  68 57
2  87 48
3  33 46 20
4  45 46 85 16
1  73
2  17 91
2  59 27
1  29
2  95 31
1  36
4  29 3 18 50
6  65 89 23 11 9 81
4  55 65 71 64
3  93 81 28
2  39 54
2  67 72
2  98 81
4  59 10 55 76
4  45 41 47 67
4  55 47 6 9
1  77
5  48 70 54 75 87
6  28 8 59 100 25 57
5  77 15 90 32 91
3  76 31 95
3  82 50 89
6  59 100 64 32 47 34
6  21 20 76 49 28 35
3  52 91 29
2  5 18
4  95 66 36 26
4  78 8 9 66
6  68 65 59 99 11 92
5  32 11 59 81 39
6  28 91 84 57 19 89
5  79 83 39 14 9
6  91 16 7 56 11 74
2  69 73
2  60 55
4  71 13 43 10
1  71
6  90 27 18 78 1 96
4  39 10 69 38
6  85 44 56 95 18 76
4  91 7 23 45
5  94 58 13 3 64
5  2 53 10 20 30
1  15
6  50 24 59 87 43 31
5  37 48 55 100 39
4  22 83 31 16
3  43 18 4
2  20 56
3  39 86 46
4  75 95 78 34
5  1 76 12 80 13
4  35 12 98 96
3  80 27 49
2  70 67
2  95 86
5  31 24 65 77 40
5  54 73 53 55 49
4  34 61 23 69
5  21 64 7 1 90
4  21 59 22 44
4  7 23 85 31
6  61 8 27 33 62 100
6  16 48 49 50 9 72
2  82 92
5  88 92 71 43 12
2  64 56
6  71 79 68 2 66 29
1  93
4  70 92 47 86
3  95 36 48
4  53 29 59 35
1  50
1  59
4  35 23 18 19
6  96 87 95 62 16 4
4  77 74 45 23
4  84 18 95 32
6  48 61 42 82 77 92
6  36 54 22 59 71 41
4  67 27 47 28
3  51 81 18
2  26 41
5  10 58 77 41 24
1  83
1  78
5  92 13 28 72 99
4  24 65 80 71
6  21 73 39 44 99 79
2  8 36
1  49
5  27 50 60 32 34
2  40 61
3  11 59 89
3  23 68 5
1  89
2  88 28
5  87 6 95 42 98
3  19 24 93
5  56 20 11 78 59
5  14 70 31 2 4
4  70 9 69 59
2  56 86
1  43
6  97 37 34 94 80 52
2  72 30
5  91 41 51 50 13
4  20 43 66 23
6  35 31 64 94 20 79
4  62 71 61 98
1  55
5  56 73 49 86 45
3  27 95 89
3  58 8 82
2  31 77
4  62 41 51 25
4  30 90 22 1
4  20 4 6 97
4  78 45 46 22
5  72 17 10 75 79
6  98 9 68 56 71 8
1  95
5  36 85 89 37 8
3  41 4 100
2  49 45
3  32 16 56
1  26
2  82 17
2  91 85
5  61 92 90 56 60
2  41 49
4  76 56 2 17
4  1 34 8 46
5  40 61 30 43 87
4  25 4 88 16
6  71 77 80 60 33 39
6  73 87 47 49 43 48
4  3 49 99 11
6  72 50 55 2 93 42
4  17 45 49 33
2  19 9
1  79
3  49 64 13
3  11 62 78
4  26 81 7 24
6  100 96 40 55 97 33
6  58 50 40 6 82 71
2  90 82
1  31
2  67 44
4  77 5 44 35
2  24 41
4  14 41 50 54
6  47 86 90 4 36 30
1  17
1  34
1  82
3  37 12 3
5  78 80 85 21 14
1  45
4  69 58 95 18
1  90
4  98 80 68 33
1  78
3  9 11 56
6  47 93 3 50 73 80
2  57 1
3  72 45 96
3  3 91 58
1  80
2  12 59
6  44 68 67 93 76 77
3  67 24 41
5  74 13 49 3 70
3  44 42 95
3  81 97 31
3  11 10 60
2  69 49
4  36 15 58 12
6  7 78 16 47 89 60
6  91 30 46 35 71 40
5  52 37 5 90 47
1  49
5  84 97 34 19 12
6  30 3 98 8 19 44
4  7 4 51 98
2  96 32
1  36
1  56
5  12 45 18 27 93
6  10 90 19 28 2 58
1  7
4  23 51 20 29
4  71 27 88 67
4  92 2 65 47
5  77 91 3 84 76
1  74
6  40 75 5 98 79 12
4  1 62 83 30
1  53
4  5 19 14 97
2  79 43
6  56 34 84 58 18 60
5  91 54 10 66 58
1  44
5  70 44 31 52 74
3  5 29 52
2  43 48
3  22 91 37
5  25 20 35 42 79
1  33
2  14 98
6  21 42 59 90 86 38
3  88 90 70
2  38 13
4  29 49 53 69
4  95 47 67 28
5  80 25 69 100 66
2  90 51
2  31 10
4  77 97 44 46
2  82 58
5  10 7 62 75 69
4  22 36 84 1
1  8
5  15 74 96 4 25
1  34
3  68 11 31
1  56
4  92 14 36 2
2  42 63
6  11 19 17 46 2 61
1  86
5  84 82 79 8 94
1  42
4  23 72 78 29
4  92 64 66 12
1  28
1  17
3  23 63 49
3  23 59 25
6  42 6 76 49 100 88
6  61 11 62 33 89 90
6  80 54 62 91 60 90
6  76 37 20 38 85 59
4  43 84 59 85
6  34 33 90 22 23 51
2  85 83
2  74 80
6  28 42 90 87 31 86
4  67 5 1 52
4  61 94 47 19
5  37 53 11 26 75
3  76 7 19
4  27 92 38 20
5  16 6 10 2 69
5  6 69 28 70 30
2  17 48
6  53 1 11 79 76 45
4  83 63 13 10
4  51 36 74 30
4  80 40 52 48
1  58
1  44
2  45 65
3  93 65 96
6  75 74 70 19 28 52
5  41 61 35 91 96
1  21
3  88 61 99
3  77 56 51
2  83 96
6  26 89 49 22 82 24
6  51 43 23 2 64 63
4  55 59 66 76
1  54
3  4 88 12
4  39 31 42 34
1  68
2  65 89
1  89
6  54 31 7 56 70 19
1  25
5  77 100 82 30 35
6  18 46 44 56 77 85
6  92 52 12 57 40 16
3  24 70 75
2  25 28
6  44 39 24 20 15 23
1  45
4  85 62 3 28
2  79 13
1  71
4  20 28 4 35
5  28 4 47 57 29
5  57 72 14 80 91
2  2 92
5  59 76 35 61 4
4  40 16 60 10
5  80 37 83 14 9
1  18
4  67 46 30 23
2  43 3
1  71
1  99
3  63 75 77
2  78 30
4  93 89 72 69
1  55
5  17 65 99 72 32
3  1 55 61
3  58 69 13
4  67 56 24 41
2  47 19
4  10 12 50 81
5  19 90 38 100 7
1  99
5  35 43 78 90 4
2  47 72
2  8 39
6  32 80 21 79 98 82
6  9 32 69 92 50 58
2  49 64
2  48 42
5  90 19 57 94 39
1  65
5  11 4 60 43 83
5  21 81 61 8 89
6  77 81 41 35 10 90
6  42 38 39 9 27 58
4  21 97 68 85
5  78 89 28 20 71
1  41
4  68 49 40 60
2  20 1
4  30 91 57 71
2  96 80
4  53 44 75 49
1  60
2  90 48
3  9 19 52
3  70 20 98
1  80
2  29 81
5  58 72 38 28 99
2  8 54
6  51 29 34 63 88 52
3  96 61 55
3  10 24 68
1  33
3  30 61 28
1  18
6  48 46 99 80 54 52
4  4 80 99 67
5  50 18 4 46 78
4  93 88 82 60
6  15 8 24 76 36 35
6  35 82 40 33 62 93
6  27 97 64 25 63 32
5  80 36 20 57 94
1  45
5  72 39 90 80 63
4  15 97 58 49
5  98 81 41 90 65
4  86 28 92 48
4  66 27 95 86
6  88 98 28 64 69 67
4  49 29 18 63
2  76 11
1  73
6  44 62 56 11 47 84
1  95
3  68 21 38
4  5 25 51 32
6  20 98 41 68 27 59
2  52 35
3  55 7 31
6  69 86 10 16 12 79
2  49 32
3  74 83 66
4  2 64 69 91
4  98 42 95 38
6  2 68 96 70 54 5
6  23 16 95 34 25 83
2  59 56
1  25
1  10
6  19 78 79 76 20 74
1  17
5  81 12 44 35 17
2  57 32
2  91 27
3  73 53 5
2  62 30
3  71 18 63
3  96 42 25
1  15
3  32 89 18
3  33 52 59
4  9 91 85 99
1  31
5  70 36 98 31 65
3  2 82 4
4  77 46 75 92
4  12 23 49 30
4  82 81 25 44
6  15 28 87 31 59 57
1  94
4  31 59 97 32
3  1 82 17
3  57 9 6
5  32 55 97 37 78
2  80 67
3  7 54 67
4  10 67 59 65
6  17 61 29 57 11 74
1  68
5  12 35 14 66 32
1  2
1  32
5  76 67 88 29 34
4  39 100 11 4
6  28 64 26 84 25 36
4  31 3 39 42
3  53 8 70
4  10 80 94 91
4  61 78 84 94
2  23 94
3  26 90 68
6  15 52 14 51 9 44
4  48 86 92 100
6  62 2 41 56 92 96
1  70
5  10 1 3 4 41
2  93 9
2  8 61
2  59 69
5  12 16 61 4 54
4  78 56 6 33
3  2 49 17
5  59 17 84 62 58
1  55
4  30 62 27 61
2  96 36
2  11 97
3  27 51 1
1  6
1  37
4  8 85 69 90
3  86 73 5
3  84 60 10
1  22
3  74 42 31
1  75
3  6 10 68
4  11 72 61 18
1  13
2  93 82
1  36
5  87 41 10 71 100
2  84 22
4  57 63 86 67
3  27 73 47
6  28 58 67 89 75 74
1  1
4  84 15 1 50
1  42
4  72 42 79 56
4  33 13 26 18
5  63 45 51 9 40
5  67 6 68 42 79
5  42 45 53 56 46
1  57
6  62 29 28 40 85 90
5  97 16 90 76 78
3  26 87 74
1  53
5  72 94 58 41 36
1  93
6  47 96 49 33 57 78
4  97 62 51 69
4  66 59 33 43
6  59 30 67 63 82 46
3  76 3 12
1  69
1  51
4  51 84 21 28
3  17 89 95
6  47 60 44 80 3 37
3  32 3 2
1  49
3  90 51 12
1  55
5  3 6 44 54 89
4  82 33 80 71
2  65 17
6  9 97 90 45 35 22
3  36 96 72
2  47 83
2  2 63
2  7 6
5  96 69 62 29 49
2  56 13
3  43 21 45
2  66 80
4  14 16 90 9
6  14 56 70 38 57 33
4  64 39 46 60
1  7
6  55 39 44 68 87 89
2  19 54
1  74
4  26 63 76 13
5  31 83 14 88 16
5  52 54 24 12 60
2  100 15
5  44 82 56 30 71
6  49 24 98 22 91 84
4  36 60 97 19
5  85 34 52 37 88
5  48 7 62 76 91
3  31 20 14
2  69 38
1  91
2  39 75
6  75 34 90 93 7 27
4  11 14 35 59
4  42 6 23 17
6  67 48 16 81 66 84
2  81 75
3  19 49 38
6  82 28 86 89 2 13
3  13 27 83
5  88 24 76 10 40
5  77 88 87 57 53
5  74 33 45 19 51
6  56 44 75 84 29 64
6  41 11 98 67 93 68
4  17 44 64 56
1  41
3  1 97 96
5  71 29 17 89 80
1  45
2  84 28
4  47 13 92 58
1  59
4  78 13 68 21
5  23 35 17 67 36
1  62
1  84
6  24 72 70 33 16 92
1  44
3  63 56 35
2  65 94
5  42 7 39 63 83
4  97 100 28 33
1  90
3  97 80 63
5  49 96 84 40 11
2  83 74
5  17 95 48 11 66
6  17 5 52 99 66 49
6  94 81 12 83 21 8
4  83 76 11 78
4  51 89 87 33
4  69 50 57 16
4  23 6 76 28
4  75 94 5 74
6  86 85 70 6 93 32
6  69 42 67 29 92 56
1  25
2  84 74
5  100 34 98 5 10
2  62 85
2  67 58
1  52
3  74 58 36
1  47
1  47
1  33
3  68 47 63
6  30 37 60 70 57 34
5  81 96 64 98 62
2  2 14
4  75 71 99 80
2  3 26
2  35 64
6  81 27 82 11 63 42
3  33 98 74
1  79
5  76 77 31 97 78
3  60 52 14
4  32 31 60 57
4  94 21 57 75
3  39 86 10
5  26 43 78 100 55
4  69 30 33 99
2  10 42
6  62 56 43 93 87 2
3  47 96 70
1  71
1  43
4  25 23 82 68
1  82
2  58 50
4  90 49 77 100
6  62 47 4 55 34 6
1  81
1  73
6  73 88 27 29 13 50
1  80
4  92 2 8 42
4  98 91 29 97
5  90 59 28 94 13
4  100 16 41 1
6  25 73 76 52 1 89
1  12
5  52 3 70 60 45
2  58 35
3  54 16 40
1  43
3  25 3 33
3  44 34 28
5  7 3 20 8 92
2  19 60
5  21 30 32 65 51
6  100 1 43 15 41 56
4  74 80 60 7
2  4 41
3  72 47 49
6  54 41 12 72 1 85
6  30 17 58 80 6 57
5  49 72 20 4 29
6  83 89 1 2 92 41
3  64 87 97
4  40 37 67 12
3  52 5 66
5  62 46 73 19 26
2  90 46
2  18 39
1  7
3  8 98 80
4  62 66 51 17
1  88
5  18 25 35 22 90
1  83
3  75 1 61
6  91 6 19 9 45 26
1  84
2  13 63
6  74 28 39 91 34 27
5  51 8 72 41 9
4  76 83 56 36
5  46 42 97 55 86
2  69 56
5  32 44 56 60 82
3  93 8 19
3  59 26 15
6  35 69 74 18 25 10
6  70 52 93 24 37 15
6  6 71 74 38 14 30
6  95 75 89 3 94 32
4  20 47 60 55
1  34
5  40 43 68 10 95
4  33 32 76 26
3  46 100 75
4  29 71 54 4
4  56 97 91 17
1  37
5  71 53 10 43 92
4  10 1 47 71
3  78 46 60
1  91
4  89 49 88 60
1  92
2  58 89
1  75
1  46
4  75 98 60 17
6  12 27 90 58 97 23
3  42 82 51
2  41 39
5  29 99 83 20 17
3  8 25 15
1  70
4  86 68 25 3
4  36 30 46 94
2  68 30
5  50 80 100 91 19
5  19 17 63 38 33
1  45
4  18 57 27 83
3  94 7 46
4  43 75 96 37
1  64
4  69 14 46 4
4  49 22 80 12
4  12 15 5 69
2  61 96
1  3
6  22 48 40 65 23 35
1  23
6  68 92 12 13 60 15
5  9 37 56 21 96
5  35 100 37 68 60
2  83 63
2  5 10
4  69 32 96 71
4  94 38 46 6
3  5 20 26
1  56
5  34 51 50 68 86
3  10 18 72
3  22 82 100
6  14 96 61 68 90 98
1  95
3  19 14 74
2  70 56
4  21 5 33 71
6  68 81 8 86 53 47
1  34
3  98 48 42
4  16 31 56 29
2  4 47
3  78 79 9
2  43 30
3  75 1 27
3  81 35 28
2  81 35
5  28 32 15 69 90
2  100 45
4  25 49 6 65
2  84 74
4  27 3 94 2
1  21
3  84 56 72
1  37
1  84
4  38 99 32 27
2  32 71
6  57 19 93 21 44 77
6  2 3 97 96 4 100
1  48
5  72 19 100 8 25
5  71 62 81 3 88
1  34
4  96 90 78 88
1  22
4  4 23 67 1
2  70 100
3  18 82 5
3  81 13 61
4  83 23 45 85
1  53
2  69 48
1  47
3  19 68 99
2  91 65
2  9 35
2  42 52
1  47
6  85 59 49 42 72 93
2  82 46
3  50 94 52
6  29 70 64 27 92 54
6  14 63 27 36 5 79
3  52 67 24
1  16
5  52 87 64 78 68
1  21
2  2 73
1  31
3  78 58 34
2  49 47
6  76 83 98 54 21 49
2  45 59
3  16 10 22
5  87 89 88 8 7
6  80 20 22 97 77 55
2  26 2
2  1 84
2  54 5
5  74 49 26 9 65
3  30 44 22
2  32 30
2  21 10
3  41 32 42
2  86 70
3  88 91 44
5  10 97 76 77 71
2  2 79
6  37 9 32 59 28 63
6  53 84 98 24 29 39
3  15 9 84
1  99
2  73 9
2  48 85
6  72 86 73 60 22 81
6  81 8 54 69 61 37
4  58 61 95 96
1  10
1  86
1  4
1  84
1  36
2  96 29
1  81
1  63
1  82
4  83 90 8 52
4  45 17 8 6
1  4
1  21
1  92
2  11 4
1  22
3  47 17 68
3  98 69 13
1  51
5  83 41 75 34 91
2  51 99
2  63 2
2  84 9
2  16 19
2  31 41
4  78 57 34 28
4  3 40 55 54
1  38
6  82 72 85 1 23 83
2  85 57
5  93 80 84 12 7
1  52
5  93 9 6 20 63
1  59
2  61 66
4  55 47 27 40
3  49 23 73
2  7 29
1  100
1  86
1  16
1  63
6  93 71 94 12 34 2
5  51 63 36 6 18
5  32 58 29 81 80
1  14
6  30 15 86 39 1 97
4  1 59 43 93
2  37 5
4  39 74 14 1
1  19
2  91 51
5  20 31 56 44 43
3  59 29 89
4  25 43 60 83
6  53 12 21 57 75 59
2  88 60
3  6 79 31
4  55 50 87 10
5  30 53 20 89 81
1  48
1  50
1  88
3  60 100 55
1  74
1  47
4  74 86 67 52
1  23
1  66
1  16
3  39 68 55
2  49 62
5  53 11 82 40 45
3  40 99 57
1  13
1  74
6  89 40 39 5 62 45
5  71 61 6 10 29
4  37 77 21 12
2  31 93
5  75 34 8 74 91
2  87 94
6  73 82 33 12 87 95
4  57 66 16 62
5  44 21 12 42 23
3  72 16 18
3  50 26 21
3  46 8 33
3  80 15 72
6  1 66 47 57 32 63
2  7 40
2  27 81
3  76 53 57
6  99 7 19 20 46 64
2  79 3
1  93
5  98 94 40 44 50
5  7 69 78 13 8
6  39 88 37 15 40 94
1  39
6  26 59 46 90 85 25
6  92 17 65 89 11 5
2  60 75
3  28 53 52
3  48 90 23
6  4 63 78 12 2 77
3  60 23 26
3  47 17 37
4  82 26 74 86
4  34 61 98 62
1  49
6  60 39 20 44 43 82
2  54 84
6  90 44 21 16 88 67
2  24 31
1  50
1  99
1  37
4  5 99 72 53
6  32 91 14 75 33 96
6  87 80 94 76 23 14
6  10 81 23 34 11 37
5  15 35 91 51 95
6  49 66 48 44 98 38
4  72 71 54 68
4  33 62 55 75
2  65 56
3  98 66 83
5  80 18 72 31 12
4  80 78 13 23
5  51 81 47 22 34
1  79
4  75 11 20 50
3  84 5 81
5  71 63 50 80 34
5  92 100 60 69 13
5  43 63 89 85 96
1  63
4  77 74 82 27
1  66
2  89 48
1  51
1  52
2  44 32
2  44 91
6  56 74 34 19 36 22
1  32
2  65 94
1  39
5  28 46 41 59 35
6  60 85 98 12 16 42
3  38 85 34
2  40 7
4  58 43 84 61
5  7 26 68 8 64
3  35 10 83
6  44 71 54 29 69 65
3  10 7 83
6  41 11 35 47 73 92
6  56 53 64 62 78 31
5  42 74 5 51 57
6  95 27 51 23 15 67
1  22
3  99 62 60
2  8 32
2  97 88
5  60 50 55 91 19
6  64 23 47 20 41 70
4  42 85 31 46
1  80
3  67 39 77
5  71 2 58 79 31
1  33
2  26 29
6  49 75 5 68 15 52
3  78 93 23
1  38
2  88 82
6  26 59 69 97 60 39
4  38 70 62 91
6  99 76 36 73 81 3
6  32 41 65 24 63 73
4  91 60 44 85
6  2 53 83 61 92 37
6  62 99 68 52 86 66
2  21 39
1  24
2  40 65
6  64 27 26 18 23 69
1  9
5  55 92 31 46 28
2  8 27
6  60 13 62 87 33 1
6  57 26 36 21 16 99
3  79 24 65
1  93
4  11 62 21 2
6  67 30 20 74 56 16
2  68 78
2  1 78
1  57
1  51
5  19 50 25 97 74
6  99 66 56 9 27 77
1  19
3  40 39 18
6  54 51 63 32 71 64
1  86
2  12 36
6  30 85 22 27 58 11
2  23 66
3  50 43 44
5  86 84 7 3 79
4  53 41 92 24
1  100
1  24
1  45
2  41 29
3  67 87 52
6  10 18 26 60 61 70
2  46 53
3  49 31 96
1  72
6  25 75 87 34 99 98
5  19 38 7 61 5
6  12 97 3 30 22 63
6  91 36 44 26 85 74
2  86 45
1  11
2  95 44
2  92 22
3  30 28 97
3  22 9 31
2  39 53
6  29 43 78 64 87 3
3  60 24 34
1  32
3  24 26 89
3  17 10 78
3  38 75 81
4  83 12 21 64
5  49 7 47 13 93
3  61 52 74
6  56 5 40 79 30 28
2  47 37
6  93 75 72 74 34 54
6  16 75 48 86 24 54
2  36 47
5  97 98 56 92 54
4  31 32 91 58
4  37 95 49 30
5  20 3 74 88 19
3  35 4 71
6  36 7 35 19 4 33
5  95 86 35 26 17
2  84 69
4  78 17 92 47
3  94 50 9
5  68 57 16 71 27
1  7
3  39 25 37
5  99 32 57 34 58
5  59 41 42 20 19
4  11 66 94 5
1  2
6  82 58 2 53 85 6
4  18 45 83 55
1  82
6  73 15 44 46 85 88
6  3 45 4 68 38 9
5  40 94 64 98 96
1  82
1  75
6  47 58 55 63 39 42
3  54 86 81
2  70 68
2  72 13
2  40 51
2  23 90
2  86 87
2  2 69
2  76 69
5  33 23 31 72 64
4  25 49 47 52
2  15 71
6  28 94 30 78 25 52
5  50 38 55 70 40
2  92 15
6  60 48 14 91 19 78
4  44 26 3 95
3  17 65 34
3  58 64 22
5  16 89 31 54 43
1  93
4  92 8 57 52
4  71 42 73 48
6  16 74 1 10 18 75
4  62 33 16 83
1  31
5  45 85 14 77 80
3  84 37 88
3  7 30 11
4  27 28 37 45
3  11 97 6
3  12 88 57
3  59 2 27
5  46 4 53 83 88
6  70 26 95 99 37 49
2  63 77
4  99 22 97 10
2  2 53
2  90 10
5  48 11 99 21 57
1  73
3  89 61 9
1  56
1  51
1  33
1  81
6  12 2 81 22 20 83
5  49 72 84 21 20
6  19 40 51 21 13 89
1  73
6  24 29 4 74 33 36
6  14 21 99 16 2 20
3  84 94 56
5  5 75 71 23 15
2  43 27
1  52
6  7 76 28 10 49 61
3  36 75 66
3  91 68 53
2  51 47
1  6
2  14 81
6  36 95 14 79 22 24
2  21 30
1  49
3  54 9 86
6  84 52 23 74 19 76
6  70 22 9 75 44 56
3  58 50 52
3  72 75 66
6  5 71 40 45 25 49
2  14 32
5  37 6 100 12 5
5  33 14 45 77 35
6  14 93 50 65 29 21
3  95 12 44
4  52 89 91 100
2  4 32
6  40 38 100 51 42 69
5  55 13 60 90 74
5  62 38 11 82 77
1  94
2  71 45
1  61
3  27 65 76
2  5 13
2  56 55
6  39 10 8 99 20 72
5  81 9 91 63 86
6  56 6 67 1 14 27
3  41 91 21
5  96 34 93 51 89
6  89 98 95 87 96 15
4  77 95 67 68
4  52 63 14 57
2  14 71
4  59 12 47 80
5  42 14 71 92 2
4  81 99 53 67
6  68 25 70 62 91 38
2  42 100
2  99 30
3  69 85 5
5  32 85 58 74 98
2  66 99
6  46 97 40 13 91 7
3  61 69 28
6  88 69 98 20 67 27
4  36 12 71 16
3  56 73 17
4  2 82 52 88
2  49 27
3  39 34 77
6  2 5 97 90 73 94
1  40
2  75 76
2  46 91
5  2 64 92 55 65
5  6 53 2 54 80
3  93 13 18
6  15 22 88 4 95 82
1  35
1  88
1  34
2  1 9
3  65 1 89
2  75 95
5  76 48 61 17 40
5  34 32 87 56 19
6  51 1 3 85 90 95
3  23 96 46
4  60 46 89 20
3  70 96 88
2  12 28
1  46
4  90 2 78 80
4  78 82 37 80
5  32 16 94 27 62
4  87 7 97 75
2  37 45
2  24 75
2  51 77
5  10 66 80 87 45
2  65 26
5  44 97 99 60 91
2  22 41
1  28
3  87 55 74
2  77 98
1  10
3  82 89 58
3  68 44 92
6  8 18 66 52 14 65
1  5
6  33 46 1 61 83 87
1  56
2  93 54
2  3 2
1  91
4  51 59 3 42
4  11 59 23 63
5  88 74 77 7 22
5  68 5 64 83 61
5  76 14 4 78 15
1  68
5  58 27 76 99 84
6  58 7 48 31 94 21
1  70
2  29 47
6  34 11 78 94 92 53
1  96
2  22 3
6  95 60 25 70 59 8
4  16 14 2 46
1  23
4  78 51 82 25
3  15 36 23
1  27
5  16 23 6 38 25
1  32
6  29 2 42 36 56 58
3  58 4 81
4  35 31 38 60
5  53 95 99 61 22
5  77 44 81 14 68
6  45 52 13 46 94 49
1  51
6  59 55 56 40 11 91
5  48 51 46 1 45
3  61 66 20
3  9 100 51
5  84 95 28 97 41
2  45 43
5  44 2 26 100 41
3  90 11 84
3  56 84 85
1  45
3  20 82 59
2  32 36
1  27
4  99 68 84 44
1  55
6  11 80 87 51 16 77
4  99 16 17 83
1  17
2  51 36
1  9
4  41 44 58 68
1  57
3  90 100 44
3  88 55 24
5  6 39 50 66 38
4  83 20 66 99
3  16 35 56
2  90 97
5  47 64 75 3 98
4  3 42 8 90
6  31 64 2 70 13 68
1  79
3  27 45 49
5  60 84 30 85 73
2  53 20
6  28 23 87 92 26 29
6  16 25 30 79 26 99
6  93 5 71 42 31 15
6  5 75 74 34 59 47
4  11 66 48 39
6  34 30 14 62 28 29
6  58 8 11 56 99 4
4  69 45 91 83
3  95 58 9
2  16 55
6  27 20 34 65 8 67
6  21 29 22 50 14 79
4  25 35 55 28
6  24 73 86 7 8 80
4  16 8 80 70
6  6 90 28 71 97 95
4  18 23 86 67
3  65 23 61
6  78 89 93 2 62 9
5  58 72 85 66 51
4  60 57 44 87
2  41 81
6  59 4 77 26 40 41
3  1 39 27
6  32 28 51 10 36 20
5  8 5 33 59 60
6  16 3 79 42 44 60
2  3 64
1  28
1  49
5  3 88 2 92 20
2  42 30
4  62 97 73 67
2  32 26
2  47 29
6  89 72 60 21 74 23
2  2 26
5  77 28 66 78 20
6  7 62 15 72 23 11
3  89 40 76
1  61
2  43 60
1  15
2  31 88
3  60 89 68
3  66 95 3
3  15 88 50
5  2 21 99 13 65
6  52 41 2 12 62 44
5  72 58 92 3 46
2  62 35
1  99
6  96 2 43 10 90 93
6  92 14 84 4 79 72
4  19 73 68 81
2  39 52
5  30 55 21 64 16
4  64 15 56 60
1  98
5  6 91 55 97 4
3  1 83 10
4  1 83 23 81
6  62 33 75 92 87 95
4  3 50 19 18
1  79
3  3 48 40
6  3 37 97 41 80 51
6  81 34 16 62 78 94
1  69
5  3 24 84 52 43
1  57
2  34 59
5  74 52 72 10 49
1  46
2  64 39
1  97
4  70 30 32 63
3  1 44 40
2  27 92
5  28 48 89 62 7
4  35 58 29 44
1  41
6  35 4 29 43 1 83
1  31
1  75
5  14 19 8 38 46
6  6 73 46 94 35 52
4  69 10 79 13
1  20
1  51
2  31 94
2  13 6
4  26 81 21 40
6  28 78 45 26 83 18
5  76 52 23 27 20
2  5 33
3  24 35 99
3  65 92 69
5  98 22 3 78 42
3  77 70 20
2  95 3
3  66 79 89
6  6 9 21 10 41 68
3  75 67 81
3  59 50 16
4  72 19 33 14
4  10 83 81 30
5  84 68 43 62 57
2  67 65
4  77 6 19 11
5  86 92 19 44 41
3  99 12 53
2  25 14
3  8 94 71
6  77 38 28 39 95 59
1  59
1  83
4  29 94 44 14
6  63 57 25 98 56 37
3  87 62 63
2  69 57
6  53 33 36 80 72 30
3  77 89 48
4  53 76 52 97
6  37 60 45 61 57 100
6  7 87 59 69 14 28
2  12 80
4  48 60 30 77
6  6 65 45 18 20 17
1  8
4  73 53 14 29
4  12 35 40 71
1  53
6  29 65 77 87 12 37
1  89
2  22 54
5  87 71 97 4 84
1  57
4  58 71 86 10
5  21 49 52 24 2
3  53 66 26
3  78 62 56
4  96 77 19 73
4  90 70 67 74
5  24 30 32 94 15
3  76 35 90
2  59 91
5  12 57 2 51 34
4  6 100 59 83
2  31 46
1  1
1  81
5  36 10 6 30 25
