100 5000
67500
481000
399500
201500
42500
402500
322500
123500
154500
491500
264500
471500
439000
389000
208000
111000
275500
23000
308500
212500
193500
388000
331000
85000
159500
155500
345500
51500
488500
401000
306500
56500
382000
206000
258000
424500
109000
80500
48500
264000
72000
313000
236000
11000
202500
444000
122500
478000
467500
431500
190500
161000
319500
21500
246000
479000
177000
91500
31000
166000
492500
337500
223000
375000
44000
481000
300000
153000
62000
348500
417500
134500
162000
153500
146000
365000
98000
268500
343000
65500
200500
33500
227000
20000
55500
473000
499500
233000
65000
30500
399500
58000
368000
123000
433500
412500
104500
233500
65500
166500
1  97
4  50 28 90 23
3  44 91 61
6  98 6 88 9 1 56
1  94
3  26 68 60
1  50
5  59 63 15 76 60
5  25 88 65 47 35
1  37
6  91 35 1 79 43 66
6  15 60 34 40 27 94
4  77 75 10 40
6  85 99 64 9 87 28
4  21 35 92 15
2  26 16
1  69
1  70
5  31 29 1 70 55
6  21 31 69 30 71 58
1  69
2  23 55
3  78 76 83
5  91 9 95 6 12
4  22 81 31 52
1  31
2  64 26
3  95 94 72
4  52 86 34 73
1  89
2  86 64
1  55
4  12 50 60 23
1  82
1  44
2  13 75
4  77 100 96 71
6  67 36 45 53 69 18
4  57 38 47 21
3  2 75 52
4  35 75 64 16
5  8 49 91 82 3
5  82 99 38 75 65
5  20 18 42 37 79
6  74 25 19 15 26 94
4  77 28 42 41
3  20 48 92
1  30
6  78 11 92 15 85 57
6  5 75 28 41 53 27
1  77
3  30 3 39
6  80 66 37 21 9 57
5  1 67 98 94 44
1  86
4  94 43 45 98
2  73 39
5  99 53 47 44 83
3  82 78 29
3  15 49 57
5  17 57 38 15 51
5  23 37 39 16 79
6  14 96 57 52 66 56
1  12
6  87 61 81 64 89 28
5  38 85 50 55 41
6  69 91 68 27 7 6
6  20 2 47 71 67 3
5  78 1 61 39 82
2  27 10
1  65
6  53 19 34 40 87 25
1  78
4  14 85 57 4
1  58
4  75 24 53 50
1  54
1  41
3  35 67 45
3  32 38 90
3  71 29 37
6  36 14 46 50 99 2
4  2 60 4 77
5  57 26 85 11 36
2  46 70
6  90 8 24 27 97 73
6  26 10 93 62 23 39
1  22
3  63 24 100
5  100 83 24 26 68
3  61 93 80
2  85 69
3  8 96 36
5  94 61 89 86 22
1  24
2  34 64
6  57 63 62 56 45 85
5  12 19 43 4 99
5  89 67 11 96 63
3  76 56 7
4  41 29 77 65
4  10 29 55 66
6  16 22 36 1 3 48
2  45 52
2  18 40
6  29 35 48 75 10 3
5  75 44 10 51 9
5  60 37 24 26 27
3  48 63 41
4  10 61 96 78
1  1
4  42 35 10 17
3  13 98 19
4  8 69 64 77
2  100 1
4  27 41 2 89
5  52 99 41 47 59
2  60 59
5  2 94 91 18 38
1  16
4  59 23 26 22
6  55 22 100 9 49 40
1  37
2  62 35
4  9 94 80 68
4  61 69 47 52
6  85 54 2 41 13 24
4  35 23 21 56
2  30 5
4  40 41 82 1
5  43 10 70 23 77
2  83 46
5  34 32 53 88 93
6  58 60 34 81 80 90
1  9
6  65 48 35 47 49 11
6  58 80 11 35 2 94
5  70 27 13 22 15
3  15 14 3
5  48 83 53 38 86
4  31 50 10 66
6  59 76 85 17 56 96
4  57 89 31 27
1  44
3  30 89 63
3  92 36 91
5  89 29 60 51 10
4  25 5 19 100
6  35 56 86 12 75 17
3  91 60 86
2  48 64
3  83 55 14
5  83 74 22 42 82
4  88 100 66 78
3  22 63 19
2  37 35
5  27 95 56 47 42
1  11
5  86 65 95 57 48
5  78 89 51 59 55
3  59 21 16
6  42 78 12 75 15 47
3  42 41 100
6  83 3 99 64 88 58
3  11 26 23
6  77 81 54 15 40 75
2  32 17
1  43
6  22 89 35 64 29 52
1  38
4  74 25 14 32
5  25 58 92 24 34
5  78 48 12 52 77
3  69 85 86
4  6 74 94 70
1  29
2  14 66
5  88 91 86 19 60
1  77
4  34 10 23 11
4  34 63 77 31
2  62 90
2  36 84
6  39 12 15 52 77 87
3  67 72 58
2  82 34
5  16 44 99 27 100
2  89 34
1  20
4  70 10 74 6
6  67 44 4 81 95 34
3  39 92 73
2  26 49
3  69 48 63
5  80 52 2 88 71
4  58 81 27 63
5  93 6 77 74 1
4  41 35 3 80
2  76 100
4  25 36 21 72
6  89 51 49 91 38 20
3  95 100 69
4  73 62 63 49
3  64 5 76
6  8 55 23 83 75 7
6  95 79 88 84 29 36
5  67 56 18 62 55
6  19 27 48 82 76 83
3  80 59 42
6  14 65 70 68 40 77
4  34 55 46 18
5  82 92 50 37 9
1  92
6  31 19 43 12 94 26
4  73 84 98 60
6  63 29 66 2 6 23
3  60 69 53
3  50 45 93
6  53 4 78 48 34 96
6  46 90 15 2 63 98
6  22 96 63 51 61 64
4  84 99 16 52
4  59 1 96 51
6  49 55 64 96 89 60
6  35 49 99 37 11 97
3  33 92 98
5  52 62 39 35 61
4  86 12 13 87
1  64
5  56 19 37 51 7
6  35 42 46 34 78 57
2  13 89
2  11 72
5  73 11 8 33 65
6  45 77 81 53 40 54
1  58
6  59 65 87 94 6 32
2  84 88
4  97 77 78 7
3  51 80 59
4  13 23 52 57
6  32 10 39 85 17 97
5  76 62 61 69 68
6  96 51 81 52 47 57
2  54 5
5  33 64 39 45 86
6  2 86 22 11 25 7
2  21 81
1  82
3  72 50 35
4  100 15 19 46
5  48 99 76 28 31
3  66 76 25
4  77 10 88 34
5  15 55 64 18 37
1  90
6  40 56 85 54 74 31
2  22 29
6  49 60 39 15 36 64
5  12 73 47 100 7
2  15 61
6  33 98 99 22 83 38
5  67 92 51 98 16
5  26 16 22 86 55
3  21 18 6
2  91 53
2  97 82
3  58 75 79
4  73 100 37 11
5  4 2 28 17 100
2  33 21
1  87
4  33 4 62 65
6  14 97 91 96 43 49
5  21 3 43 40 54
6  44 55 24 45 72 5
3  84 91 1
1  95
4  82 89 77 78
5  72 21 28 42 31
6  62 71 38 59 14 93
5  59 65 6 31 69
3  14 60 51
2  54 13
1  43
6  89 23 61 9 51 2
4  81 87 13 51
2  71 65
2  53 24
5  59 54 51 9 68
1  59
6  64 71 8 6 60 96
2  20 5
5  22 55 60 9 67
1  33
3  75 51 91
6  32 49 52 82 58 19
6  16 55 87 23 61 47
2  89 66
2  67 88
5  26 96 44 36 29
5  11 79 72 9 21
4  92 78 80 84
6  96 38 80 18 98 26
3  87 92 59
4  80 36 75 16
1  61
2  82 33
3  92 53 96
6  30 76 67 24 71 5
1  88
1  29
2  89 21
5  42 100 18 21 75
6  37 78 58 62 59 90
6  51 43 93 35 73 68
1  96
3  6 98 26
1  27
3  96 47 31
3  47 49 59
2  45 95
6  2 57 58 92 54 8
3  46 43 6
1  44
1  52
3  99 77 56
2  26 52
5  57 90 19 5 48
3  50 43 38
4  99 96 43 53
1  77
6  45 82 11 88 83 63
3  81 39 92
1  65
3  78 22 33
6  27 81 36 76 23 74
2  22 69
5  74 72 47 71 17
2  82 5
1  45
3  92 83 33
6  48 76 75 69 9 71
6  89 7 71 12 80 98
2  49 68
1  20
1  77
3  42 59 40
4  3 81 43 86
1  40
2  89 15
1  97
6  97 86 92 68 98 71
4  30 19 33 36
3  46 13 75
6  72 14 40 75 94 82
4  7 22 94 95
3  96 92 21
6  78 12 60 75 83 25
1  2
4  40 4 53 14
6  25 28 30 99 22 12
4  28 34 53 23
5  48 14 89 41 91
1  100
4  83 25 70 84
5  9 24 86 62 37
5  86 65 6 85 18
3  13 51 97
3  19 45 49
1  85
3  8 85 5
6  10 74 91 83 97 77
3  34 53 30
6  58 15 83 76 59 96
2  55 31
3  99 79 53
6  19 60 68 23 50 77
6  24 68 78 20 44 22
4  97 52 51 55
4  33 30 24 28
4  78 59 100 77
3  52 61 55
1  28
5  62 5 73 86 51
1  17
5  59 13 24 9 67
6  42 97 12 70 52 90
2  51 67
4  3 27 20 15
4  97 77 59 70
4  32 20 68 48
6  26 60 15 35 27 3
5  23 15 45 74 5
5  25 71 37 28 97
4  43 52 19 11
2  81 42
3  49 89 33
5  49 48 9 76 51
6  98 65 29 72 69 2
6  40 38 24 37 94 66
6  46 85 98 67 65 39
1  13
2  40 87
5  87 95 51 37 79
3  2 8 20
5  9 16 10 47 39
3  40 4 34
6  88 31 51 53 70 58
4  97 53 73 84
3  24 21 26
5  22 34 91 93 43
1  2
6  45 48 28 49 82 12
3  13 62 90
5  19 55 78 16 8
4  99 55 74 19
5  45 41 14 36 33
4  42 35 44 87
5  72 35 65 83 77
3  61 58 63
1  36
5  23 86 77 60 96
4  4 37 71 40
5  27 82 4 71 68
6  42 3 51 24 74 27
5  34 85 30 49 20
1  71
1  85
3  65 81 5
5  17 75 9 86 1
6  89 71 57 76 13 59
2  36 33
4  3 66 37 33
1  57
3  86 63 26
2  28 6
3  96 22 12
1  7
1  94
6  84 50 71 96 9 97
2  41 49
3  7 85 68
2  42 9
1  4
3  40 31 77
2  61 89
2  68 2
2  64 85
5  35 81 82 31 13
2  79 47
2  64 14
4  6 23 58 9
4  97 39 95 74
4  56 62 95 24
4  19 88 48 92
2  29 74
4  41 96 31 88
2  95 2
5  100 24 33 8 80
2  47 75
1  12
2  66 7
4  29 25 41 76
1  63
1  90
1  46
6  45 33 11 39 34 87
3  57 20 46
3  49 93 11
4  4 40 17 11
6  45 35 21 51 97 26
3  11 71 26
4  3 36 95 37
2  33 94
3  79 30 90
5  40 42 75 80 59
6  73 4 20 8 25 70
1  50
1  15
2  36 70
2  72 64
4  94 97 53 35
5  83 25 45 22 67
2  1 26
1  74
2  23 81
4  93 86 4 3
6  24 38 70 48 9 34
1  3
2  60 37
1  42
4  49 64 28 68
4  53 71 38 82
6  19 35 86 4 39 88
1  63
2  73 10
3  7 17 37
3  77 74 39
2  35 87
5  62 55 46 15 26
6  96 19 3 31 4 7
5  92 10 32 18 83
3  52 89 58
6  24 34 62 63 52 96
3  34 58 4
5  72 29 63 68 47
4  99 51 72 68
3  81 100 61
4  41 12 52 98
1  76
2  62 38
5  58 87 17 15 91
6  87 19 59 55 66 24
4  17 95 21 60
5  21 20 39 61 32
6  58 32 66 89 94 4
5  51 91 87 65 81
5  52 100 41 6 66
4  59 82 80 42
3  100 61 73
4  93 64 18 24
2  6 18
2  77 68
2  63 33
1  45
5  3 86 89 68 49
3  50 7 28
6  41 27 53 14 87 45
5  4 69 7 10 86
3  86 53 62
3  85 66 93
5  68 78 58 36 27
1  86
3  32 77 75
4  29 89 46 74
4  49 42 72 59
2  12 44
5  73 92 66 39 85
2  6 63
6  42 90 95 28 23 27
1  98
6  34 86 31 7 51 80
3  23 38 76
3  82 57 7
5  22 45 58 55 51
2  45 93
1  40
2  32 67
2  29 52
4  15 82 65 62
1  88
6  89 22 81 45 29 53
4  74 10 21 25
2  66 18
3  5 38 71
5  62 99 23 20 13
1  84
5  66 97 65 86 88
3  31 17 98
6  90 8 17 15 38 82
2  76 86
5  46 57 31 45 80
4  58 84 35 36
3  32 2 15
1  89
4  47 5 57 43
6  64 60 9 1 41 40
5  27 9 23 84 39
5  63 90 25 47 24
4  96 55 62 11
5  51 69 18 55 26
4  50 89 20 58
6  60 98 66 87 6 89
5  45 55 32 34 80
5  58 40 75 12 1
6  83 51 54 1 6 79
4  55 68 81 13
4  41 10 24 27
1  12
6  60 67 28 93 46 6
3  86 81 62
6  65 45 37 18 43 97
1  97
4  87 9 21 27
2  44 53
2  56 49
6  22 76 85 67 82 35
4  62 96 38 27
3  75 44 85
1  41
6  14 4 77 23 25 3
3  69 56 74
2  4 66
3  80 50 12
4  84 64 24 80
1  50
2  76 94
1  93
3  94 6 38
5  28 62 73 68 30
2  41 54
2  6 99
1  56
1  71
3  74 94 19
5  44 38 51 37 42
3  70 36 49
1  5
5  69 78 43 99 5
6  52 36 90 51 45 61
1  85
3  10 3 53
3  61 90 83
1  59
2  52 66
2  28 35
6  71 33 5 54 85 40
3  35 85 89
6  1 73 30 10 76 40
4  16 100 52 98
1  11
1  56
5  38 83 11 37 53
3  41 7 28
5  50 63 65 38 58
4  10 88 75 85
2  37 1
2  89 99
2  99 14
6  75 51 68 86 88 20
2  29 26
4  9 76 20 74
1  77
3  22 65 13
1  92
3  8 18 38
1  48
3  20 33 11
5  1 97 59 21 25
6  46 82 96 21 1 69
2  78 7
4  42 19 62 33
5  69 51 6 75 99
3  95 31 52
4  32 48 23 52
5  10 98 54 5 18
4  74 51 31 80
1  73
6  68 6 67 37 56 72
1  54
1  6
6  65 71 16 13 94 68
6  3 65 39 8 83 93
5  33 24 60 39 96
4  7 1 25 44
4  96 55 10 9
4  95 73 32 11
6  25 78 70 28 42 9
3  24 1 15
4  24 74 96 19
2  3 20
4  46 76 52 1
6  61 62 80 33 93 91
2  17 68
6  44 10 96 78 34 97
6  91 20 66 86 39 98
6  58 54 34 33 6 35
2  66 96
6  99 88 89 17 5 57
1  49
4  100 26 96 18
6  15 84 75 53 82 64
1  35
6  44 41 32 62 6 27
4  4 15 48 20
2  4 24
4  70 23 93 69
2  11 58
2  95 33
6  76 96 97 11 93 40
4  24 1 57 50
4  61 64 7 81
5  10 4 49 79 27
3  48 45 52
1  79
3  37 64 22
2  60 33
2  99 83
3  100 39 98
4  99 62 65 79
3  75 83 93
4  10 34 1 55
6  6 33 32 42 97 54
5  56 86 98 55 68
3  55 7 43
1  6
1  78
6  47 52 68 40 6 77
5  6 31 59 12 63
6  53 59 43 27 15 28
2  70 96
5  24 3 13 37 8
1  14
6  63 66 60 2 71 36
5  77 67 33 88 29
2  41 88
4  67 3 94 92
5  89 62 96 92 74
2  100 90
3  92 52 10
4  54 80 87 29
4  54 61 44 82
5  84 70 49 51 72
3  42 44 31
1  39
2  76 70
2  65 15
1  17
2  64 71
1  51
6  60 4 3 86 43 87
4  91 37 27 32
5  70 63 81 9 84
4  78 5 21 92
2  38 16
5  9 19 31 7 79
3  67 82 20
1  68
5  100 5 2 32 83
5  94 63 79 77 19
4  82 40 49 98
5  65 79 86 84 9
6  62 44 59 63 68 11
3  67 16 39
6  98 10 92 61 89 69
5  45 50 20 94 48
6  58 26 83 42 35 76
1  78
3  47 41 2
4  79 69 73 17
5  71 27 59 31 15
2  11 60
5  30 54 25 26 11
4  9 53 85 84
4  63 18 2 4
2  58 82
6  31 99 56 1 25 14
2  40 41
3  99 18 71
4  42 97 63 92
1  15
5  89 70 40 7 71
3  27 29 25
1  59
2  71 60
3  85 91 88
2  33 87
3  4 38 84
6  1 76 6 16 53 94
6  92 1 56 35 28 84
4  43 84 13 3
2  97 94
2  22 26
1  64
2  44 48
2  44 23
3  59 75 29
3  67 29 99
1  57
5  61 99 26 44 11
2  76 8
2  95 29
3  1 92 77
3  40 6 88
4  40 47 37 68
6  3 97 89 4 53 72
4  52 98 8 63
2  83 70
3  78 98 94
5  90 71 21 29 77
1  91
1  55
2  85 45
2  81 34
2  34 6
6  86 3 5 48 28 88
1  74
4  15 68 43 5
3  64 34 15
5  24 31 27 51 15
5  81 96 5 14 30
1  10
1  12
1  63
3  2 79 14
4  94 82 9 98
2  72 31
3  44 55 66
5  5 81 41 85 77
3  99 7 55
1  22
5  23 84 7 25 63
2  91 56
1  100
4  21 71 83 56
1  38
2  84 42
1  24
2  79 69
2  85 24
2  7 91
4  91 97 80 53
1  71
1  17
5  61 38 41 44 94
4  81 15 38 23
1  62
3  95 31 75
5  55 8 87 45 63
5  42 43 30 58 13
3  74 83 98
1  23
3  6 78 23
2  16 45
3  78 95 32
1  69
1  62
5  98 7 39 75 48
5  4 5 94 41 79
5  39 91 99 81 96
5  3 16 92 48 52
5  42 83 77 11 94
3  87 92 46
2  66 93
1  70
6  100 11 76 49 67 74
2  62 51
2  77 43
5  29 12 21 11 88
2  5 27
1  97
5  42 62 65 47 32
4  46 42 38 21
6  4 95 19 66 45 51
3  87 29 70
6  50 81 86 80 13 97
5  85 38 44 50 84
5  11 30 16 49 50
1  53
3  25 18 89
5  60 76 4 30 74
4  11 60 33 96
5  29 77 57 66 21
1  50
6  17 79 11 66 29 18
5  41 36 62 16 95
3  20 25 11
5  35 71 5 30 43
2  7 100
6  27 6 48 22 32 87
4  49 5 27 89
3  88 5 35
2  24 59
3  96 94 6
6  23 49 33 30 48 32
4  53 79 77 75
1  9
4  59 57 66 86
3  6 73 50
3  97 74 100
2  69 93
3  69 15 86
1  45
3  33 100 87
1  77
4  16 86 22 75
3  88 60 94
2  38 34
2  12 34
4  81 26 99 49
3  85 50 18
5  85 4 93 61 65
1  47
6  83 89 75 43 77 68
5  15 2 4 26 36
4  6 61 63 55
1  47
1  86
4  86 70 68 78
2  33 86
5  19 69 65 93 11
3  61 85 56
4  89 81 98 53
6  59 15 41 60 61 45
3  25 30 14
6  8 45 25 94 21 43
4  85 36 73 26
6  57 81 59 45 62 98
3  15 12 88
5  73 33 19 97 62
2  90 70
5  14 63 97 57 24
5  92 96 7 89 53
6  48 98 49 4 95 97
2  7 85
6  79 17 10 76 78 42
4  47 18 79 9
1  35
2  96 27
2  3 15
5  91 62 80 40 66
5  36 84 81 20 75
4  36 85 34 14
2  99 60
3  77 69 59
1  2
4  38 31 58 53
1  48
1  91
6  80 65 23 63 45 42
3  3 78 22
3  91 48 36
4  92 13 20 51
2  22 5
4  52 63 14 10
2  54 97
1  18
2  71 63
4  9 66 39 30
1  30
5  38 81 70 50 100
2  74 21
2  35 73
6  49 36 97 77 89 94
6  7 13 56 69 74 64
3  13 93 36
3  71 74 23
3  24 23 60
6  43 85 32 16 72 80
4  68 57 40 61
3  46 74 96
1  48
4  49 60 52 84
1  23
4  24 62 81 46
2  78 89
1  10
1  77
6  55 45 46 94 6 87
3  79 82 54
2  41 2
6  93 86 87 15 43 11
5  24 57 99 2 46
1  11
3  82 100 5
2  45 98
2  31 38
1  13
6  36 54 93 21 47 78
1  61
2  18 38
3  75 37 47
2  41 57
5  23 57 73 49 1
5  80 32 9 89 44
6  24 97 91 45 43 69
4  4 90 69 42
3  43 79 81
4  19 37 31 42
6  4 90 94 75 69 25
5  58 68 82 65 73
2  8 42
5  12 31 46 54 65
6  32 45 51 82 92 75
6  81 68 60 50 92 43
1  60
2  89 25
6  15 33 38 92 44 69
3  98 33 27
2  77 79
4  58 71 33 44
4  100 4 2 92
3  9 52 70
6  76 67 13 9 4 53
5  42 50 5 68 78
5  45 57 40 2 28
5  46 79 72 49 80
4  94 89 15 64
6  91 31 98 99 35 2
4  6 44 1 11
1  79
6  55 35 32 57 63 4
1  41
5  51 21 38 44 9
4  8 94 43 38
6  41 72 94 92 78 37
6  89 48 70 81 2 5
1  59
5  15 61 8 90 11
2  27 55
3  79 62 31
2  100 22
4  72 16 54 50
4  46 38 99 16
2  1 20
2  59 87
3  19 94 34
2  22 60
5  58 39 45 89 60
3  11 22 16
2  76 65
5  21 3 76 36 20
5  55 50 34 42 94
4  36 27 81 58
6  64 15 25 8 4 85
4  14 6 67 39
5  32 15 2 34 91
3  54 66 92
1  100
2  97 52
5  23 33 26 9 96
3  34 4 44
2  56 57
2  23 95
1  54
1  6
6  100 43 42 66 34 45
4  67 41 17 35
4  49 61 72 45
1  5
3  44 23 4
1  46
2  96 50
5  5 56 68 98 9
5  32 54 35 98 95
4  33 58 100 93
2  45 94
3  93 38 57
6  38 2 22 33 52 7
5  42 5 78 12 36
2  46 34
2  97 67
5  96 60 13 40 53
3  32 91 3
2  29 5
3  62 56 51
6  63 19 41 68 96 53
1  27
6  37 53 94 4 36 90
4  48 29 16 95
4  6 98 89 35
1  39
6  57 89 94 20 8 35
6  4 87 90 31 85 27
5  79 30 18 68 93
4  97 8 61 58
1  58
3  48 59 85
3  16 74 37
3  81 72 22
6  58 12 15 43 39 98
2  69 16
6  61 82 85 69 42 43
5  99 89 29 57 73
5  73 46 9 8 27
5  30 12 38 42 27
5  80 24 1 48 40
6  9 21 74 77 62 17
4  61 5 87 18
5  59 90 23 67 97
3  46 27 61
5  68 87 63 48 11
4  96 50 53 4
5  27 81 32 43 39
6  48 26 9 25 84 98
3  51 95 97
6  22 58 80 89 44 43
3  55 6 31
1  59
3  74 85 15
1  28
4  96 75 79 4
6  62 2 47 12 97 43
1  18
6  88 7 44 30 43 98
3  74 2 94
1  75
5  23 79 6 76 75
5  55 79 16 81 25
2  78 68
3  95 68 23
1  11
4  44 9 88 18
1  81
2  85 59
3  64 24 38
3  78 17 23
6  97 48 22 74 15 58
5  83 81 71 94 33
1  2
2  32 12
6  57 97 58 5 60 22
2  98 66
1  14
6  1 11 35 22 85 50
5  53 32 60 23 25
6  37 27 11 68 39 25
3  69 30 95
6  58 93 55 65 7 43
4  18 78 87 2
2  66 55
4  25 77 84 17
1  10
2  82 49
3  6 84 35
5  95 93 71 50 57
5  92 22 94 69 8
6  96 74 50 55 99 26
3  15 40 48
3  21 96 79
2  80 84
4  58 79 54 28
2  11 5
2  32 99
6  39 94 85 13 43 11
5  76 25 8 24 66
2  20 44
4  99 28 17 56
1  70
6  34 80 88 54 12 87
3  51 80 26
4  23 64 73 91
3  97 99 63
4  27 82 7 81
2  98 37
3  68 20 73
3  8 26 59
6  67 9 74 93 72 96
4  44 86 96 41
6  59 4 12 41 10 93
2  43 91
4  81 59 77 54
1  84
5  66 78 45 74 51
3  46 93 90
2  88 30
1  46
2  28 87
3  21 7 85
1  64
4  70 40 19 76
2  97 41
1  42
1  51
5  61 97 71 50 29
4  80 45 5 13
5  91 55 92 97 39
1  61
1  73
6  22 49 23 18 90 24
4  4 75 37 65
5  8 14 100 66 93
3  71 5 16
4  59 8 58 97
1  19
1  83
2  22 31
3  40 20 64
6  24 38 36 88 9 43
1  9
1  94
4  80 98 69 41
4  76 99 54 86
1  54
5  34 76 98 75 16
2  39 14
3  77 50 28
6  93 29 94 2 22 46
5  20 15 21 76 90
2  30 75
3  84 43 69
4  41 44 74 58
5  88 99 58 37 27
3  30 55 36
2  77 82
1  96
6  32 72 86 51 1 61
6  85 3 55 43 98 17
1  79
1  99
3  41 25 78
5  80 14 1 56 96
1  52
6  44 23 77 94 24 37
5  8 40 34 51 82
2  67 83
1  71
5  45 12 6 23 82
6  36 83 40 32 94 91
2  38 14
6  31 38 37 11 45 76
3  96 58 74
4  40 83 33 20
2  44 25
3  26 10 85
1  49
1  2
3  40 39 53
3  70 90 76
5  35 51 23 30 8
6  92 47 79 24 67 5
4  92 54 1 39
6  50 56 100 89 95 39
3  33 8 31
1  87
4  59 10 95 67
1  86
1  84
1  80
6  76 71 43 68 72 81
4  21 36 67 10
2  5 51
4  12 82 72 99
3  30 8 42
6  13 28 9 96 37 89
6  12 59 27 80 31 8
3  52 43 12
4  74 16 11 37
2  92 8
2  39 38
2  80 33
3  7 42 40
3  30 24 56
6  50 35 19 57 80 70
6  91 31 74 7 41 10
2  33 17
4  71 54 91 51
6  35 57 28 75 1 99
4  46 48 90 64
1  69
3  5 60 64
5  66 5 88 100 37
1  58
1  59
3  58 45 83
1  73
4  15 30 55 70
5  3 59 39 8 28
5  13 88 36 91 53
3  78 53 77
5  10 84 41 58 86
3  55 58 97
5  88 51 38 63 54
6  1 62 24 73 74 11
1  65
4  48 42 16 24
2  26 7
4  83 47 50 23
1  8
2  70 96
5  8 58 23 5 84
2  31 58
3  39 22 3
6  64 19 10 88 44 17
4  27 64 2 49
4  10 68 35 5
3  43 62 59
3  20 43 75
4  1 14 89 23
1  76
6  35 86 75 79 2 27
1  66
2  54 31
3  21 66 43
4  8 5 16 54
2  59 29
5  59 42 64 82 57
3  68 91 24
3  69 26 74
6  97 27 22 35 48 87
5  4 94 81 20 48
1  78
5  79 37 17 42 19
5  80 86 65 4 28
3  29 96 8
2  93 34
3  27 82 3
6  21 84 5 68 88 83
3  67 20 60
1  38
3  88 24 99
6  52 32 21 47 39 40
3  73 81 66
4  7 69 40 27
4  44 95 40 27
3  6 47 98
1  84
2  2 8
2  93 59
4  13 6 100 53
3  73 33 10
2  40 78
4  67 30 10 61
5  37 99 75 83 96
6  66 28 91 74 57 83
2  18 96
3  18 49 82
6  81 91 16 20 69 82
6  98 92 47 67 28 46
3  10 42 30
5  69 20 49 25 3
5  43 98 18 60 46
6  49 27 91 65 47 59
3  33 57 38
5  23 65 25 64 74
4  93 49 34 13
6  59 15 78 1 13 96
4  59 95 9 85
6  73 31 44 19 63 100
4  42 23 21 67
6  94 32 79 43 66 91
3  24 6 17
2  18 12
6  76 6 92 61 91 65
6  35 84 54 34 40 96
4  60 62 43 54
6  21 96 59 12 35 83
2  51 7
3  63 90 11
5  82 72 59 47 63
6  30 16 27 69 12 83
2  74 26
5  67 46 78 25 58
1  7
5  63 13 11 25 3
2  93 85
6  52 31 55 45 60 71
5  29 82 55 58 80
3  21 26 17
3  83 29 53
4  92 66 69 17
5  89 10 53 81 61
5  36 6 43 77 71
6  31 29 42 10 68 63
3  85 8 18
1  60
5  6 25 44 22 93
2  31 45
1  92
2  49 97
5  55 73 41 4 69
5  13 37 45 48 22
4  66 36 12 42
3  37 86 62
2  19 93
5  33 84 2 82 80
5  36 53 11 76 56
5  59 69 17 3 38
4  82 73 66 24
1  2
1  75
2  28 67
1  60
3  7 41 30
5  76 82 88 52 37
5  10 5 84 12 21
2  66 3
6  31 27 7 33 36 81
4  63 48 70 23
6  76 63 27 53 39 8
3  90 45 9
6  49 92 11 70 13 77
5  6 8 99 12 41
3  93 5 97
3  74 19 38
3  81 64 3
2  72 43
1  16
4  8 65 43 19
3  55 96 7
4  3 5 72 43
3  65 47 35
1  21
4  43 70 34 6
5  53 78 15 62 93
4  69 57 8 88
6  62 83 97 22 86 2
6  28 40 58 75 63 95
2  5 64
4  11 36 14 88
3  75 81 15
3  37 22 32
2  83 15
2  5 100
2  98 28
4  56 2 39 18
6  66 23 61 27 33 96
3  21 46 15
1  60
4  38 82 90 66
4  4 89 69 14
4  31 79 21 33
1  39
2  82 61
6  8 94 85 48 14 31
4  15 91 20 53
5  10 18 36 14 7
1  17
2  69 47
6  90 79 16 28 8 97
6  97 5 81 82 53 95
1  14
1  2
3  63 74 44
5  9 57 87 12 73
1  81
2  7 71
6  22 98 6 18 86 3
2  67 85
5  61 96 89 71 98
2  33 71
4  13 80 22 100
6  95 8 73 15 14 43
1  35
3  19 53 26
2  75 92
1  50
4  1 38 23 99
4  56 70 26 69
3  48 69 41
3  76 13 57
6  55 69 23 95 88 75
2  8 50
1  13
6  64 14 37 87 12 97
3  82 23 11
2  71 79
5  13 55 83 70 43
3  39 66 32
2  40 52
3  90 63 47
6  26 60 12 72 23 54
4  45 64 83 16
3  53 29 97
3  98 40 72
3  5 4 62
3  55 95 35
1  42
2  42 1
3  54 72 70
1  25
1  71
1  31
1  60
4  11 95 57 50
4  92 55 69 54
6  24 49 34 40 90 57
5  90 4 35 62 74
3  86 89 12
6  20 26 52 78 36 46
3  86 12 26
3  81 79 40
1  28
5  44 17 29 25 7
2  59 68
1  100
4  96 12 47 15
3  99 93 72
3  26 57 52
6  37 30 41 57 10 84
5  39 8 80 72 67
3  78 66 2
5  77 48 89 14 46
5  85 91 7 42 47
4  39 84 88 75
2  45 85
1  18
2  15 98
6  81 45 72 47 46 24
6  34 37 40 14 22 30
2  63 77
5  2 60 64 77 83
1  61
6  26 83 4 23 76 85
5  48 31 13 92 55
1  25
6  45 39 12 75 59 51
3  76 10 99
4  93 7 13 82
2  95 86
4  71 21 19 2
2  11 56
3  35 46 84
5  58 32 9 67 8
2  65 60
1  72
5  92 3 67 78 57
3  48 78 56
3  11 66 4
3  1 50 33
5  8 90 6 39 98
5  47 16 37 6 26
1  78
2  12 45
6  69 83 43 46 38 91
4  4 95 5 45
3  79 52 27
6  91 25 57 37 40 94
3  66 2 21
5  13 65 78 81 47
2  26 85
1  82
6  6 87 93 51 24 71
1  50
4  93 75 12 30
1  5
5  80 6 93 63 18
4  40 99 5 60
2  89 71
1  77
5  93 70 27 16 40
2  66 95
2  41 7
3  55 11 23
3  16 15 96
3  73 36 32
5  95 56 66 62 42
3  54 11 68
5  51 96 36 46 16
5  52 66 30 63 88
4  78 3 60 12
5  96 43 52 91 99
2  56 60
4  97 14 70 64
6  21 59 20 67 75 95
2  40 25
5  28 89 59 31 49
5  6 44 13 57 34
1  74
6  71 33 85 3 49 68
2  7 88
6  81 82 8 21 7 88
3  96 47 79
3  16 84 87
2  41 20
3  15 9 11
3  93 95 49
3  63 72 48
3  61 29 32
5  49 39 56 97 34
1  75
5  18 59 64 47 99
5  86 13 91 96 60
6  91 8 25 54 79 73
1  40
1  35
1  50
5  63 47 7 64 22
6  82 80 48 28 78 30
1  91
2  9 50
1  100
4  30 53 37 3
4  76 4 91 83
4  64 45 100 71
1  22
4  90 1 2 18
5  32 31 69 53 40
2  58 39
5  88 92 11 90 48
6  93 38 69 46 2 13
3  73 21 67
2  11 68
2  28 46
4  58 14 13 97
2  70 36
1  57
2  18 47
5  4 39 12 72 85
1  85
2  85 5
6  12 15 65 40 43 10
6  100 24 13 97 55 83
2  62 40
4  79 86 33 83
2  44 55
1  57
3  40 41 44
3  53 59 2
6  1 12 92 35 5 97
6  87 29 51 26 88 30
1  20
1  36
4  67 45 20 6
6  61 49 22 13 7 23
1  8
3  97 8 69
1  5
4  88 34 9 14
2  39 25
3  51 60 5
2  5 24
2  89 84
5  10 97 78 33 1
6  67 98 93 35 99 86
2  1 99
4  40 24 94 91
5  98 8 87 22 31
5  6 2 86 80 18
1  65
6  100 58 19 98 56 11
6  87 12 83 40 51 6
2  41 89
2  49 75
4  79 51 57 81
3  58 60 54
4  25 38 60 83
4  58 38 67 42
2  79 24
4  29 30 96 70
2  26 19
6  78 97 43 34 79 92
3  32 52 62
5  12 44 25 69 82
6  11 6 70 34 69 99
4  64 69 81 90
6  73 67 84 15 1 61
6  92 98 25 44 60 94
4  3 19 24 84
1  34
6  80 68 58 79 30 22
3  10 11 35
5  78 18 97 79 90
5  77 14 13 36 7
5  39 25 91 23 35
2  12 15
6  69 93 21 90 41 31
1  75
1  78
6  10 56 71 99 26 47
1  39
5  19 6 21 43 96
3  78 19 55
6  9 23 85 30 12 25
4  13 99 73 91
6  82 47 62 80 72 8
6  10 91 15 12 53 55
2  29 9
2  38 31
1  67
3  31 27 56
2  99 46
2  80 92
5  60 64 89 51 73
5  61 88 91 13 98
3  43 27 53
4  64 84 71 31
2  1 57
5  31 55 28 51 35
2  32 94
5  21 44 55 100 4
3  90 17 41
3  59 67 88
2  30 72
6  61 98 94 17 80 24
5  7 75 6 26 99
1  26
3  62 25 47
1  15
4  45 49 22 12
3  45 42 8
3  2 5 32
2  85 55
6  92 30 95 17 35 94
2  60 37
6  85 83 90 100 46 35
3  67 46 85
1  87
6  49 88 97 80 6 81
3  95 72 64
6  89 99 83 12 59 19
6  43 2 87 42 47 21
6  14 66 75 26 53 74
3  62 54 45
3  89 39 14
4  28 3 51 10
1  9
2  11 52
2  98 94
5  18 84 90 58 15
3  24 89 76
6  43 20 27 32 59 41
6  86 43 35 95 57 44
2  68 95
4  65 89 29 83
5  19 67 30 33 3
4  22 78 38 65
6  65 96 56 6 79 41
3  14 36 5
4  59 73 52 11
3  40 21 12
4  87 42 91 90
6  12 67 32 76 65 97
5  20 2 50 61 64
6  55 20 27 71 66 65
1  5
6  23 62 71 64 52 61
4  64 27 90 39
6  86 10 11 88 60 72
3  23 68 91
3  23 18 14
6  82 24 93 67 46 54
3  10 6 98
5  69 24 58 8 16
3  17 27 31
5  98 68 100 66 59
3  88 76 55
5  58 78 68 24 22
4  34 27 58 2
6  82 59 3 97 20 23
2  96 21
6  95 86 58 36 74 34
6  49 92 68 17 15 38
5  26 65 33 27 60
1  86
4  12 88 81 34
2  77 55
2  71 40
5  7 13 98 62 4
4  79 19 57 16
6  83 81 27 9 40 42
6  2 53 82 87 3 59
3  23 30 81
1  37
6  14 34 55 17 99 33
3  55 49 29
3  30 56 46
5  97 41 71 50 23
4  36 25 11 76
3  40 56 49
5  49 62 10 4 79
1  37
1  63
6  42 100 15 98 46 84
6  86 54 43 8 6 79
2  16 54
5  56 10 28 32 59
6  41 63 67 48 100 80
1  85
2  10 99
2  55 83
1  41
3  56 48 42
3  80 58 88
4  13 98 87 45
4  76 86 19 42
2  18 22
3  3 44 53
1  63
1  84
5  49 19 31 96 60
4  76 18 52 35
2  49 21
5  5 96 60 24 38
6  41 60 37 44 4 89
3  66 97 28
3  45 46 72
3  6 36 17
2  87 52
4  36 73 28 40
5  87 63 7 80 4
4  16 47 70 5
6  36 2 18 77 47 64
3  87 70 83
1  93
5  55 46 5 28 73
3  96 60 7
1  39
1  68
4  58 37 59 49
5  60 67 48 6 30
6  93 100 78 97 48 52
3  52 79 10
6  74 69 3 76 8 13
3  62 71 80
2  19 51
5  85 99 15 94 78
1  72
5  7 19 25 44 71
1  53
4  77 22 68 52
2  81 95
6  52 74 10 70 25 89
4  23 73 69 17
4  84 89 24 90
1  49
2  78 52
6  43 28 8 11 79 36
6  74 26 43 47 35 13
5  23 67 94 96 36
1  46
2  99 70
1  6
2  41 83
5  26 97 33 36 76
5  28 49 95 70 96
2  83 66
4  49 60 47 85
5  93 4 69 63 12
5  81 52 56 50 78
5  47 11 17 22 80
3  71 74 14
4  2 96 32 54
3  91 1 30
4  94 33 29 56
3  2 37 96
4  87 74 39 34
6  56 55 64 99 26 37
1  91
3  8 23 92
4  13 93 81 74
6  14 2 42 58 4 79
4  62 65 27 1
6  11 56 53 74 55 78
1  67
5  49 75 91 41 26
1  33
1  78
2  21 79
4  78 83 37 31
3  2 57 45
6  67 1 53 41 56 31
3  22 100 99
6  90 39 22 94 71 29
5  88 50 47 27 33
5  58 77 85 14 22
6  81 22 37 21 77 67
5  99 66 69 95 56
1  17
3  77 45 21
4  94 71 11 21
1  94
5  79 92 100 63 73
2  100 93
6  67 64 97 33 32 91
6  39 7 38 16 52 59
5  46 29 90 67 31
5  44 10 62 36 25
1  31
2  1 29
6  65 25 22 97 16 11
3  23 49 50
5  7 29 20 36 19
6  66 2 30 76 63 65
6  88 73 16 11 74 45
1  38
5  23 34 85 33 68
1  81
2  81 87
3  100 22 66
6  88 67 16 63 30 81
3  17 53 64
2  27 8
2  64 77
3  97 62 82
4  69 62 83 49
3  29 49 70
6  35 57 61 50 20 90
2  68 7
5  32 34 9 40 61
5  17 10 69 78 91
2  46 53
1  95
1  45
3  70 39 78
2  99 28
3  89 57 15
6  40 46 29 48 85 89
2  1 99
6  79 90 22 25 42 37
2  43 82
4  12 20 41 39
2  68 85
1  25
6  2 64 45 30 12 29
2  31 30
2  19 8
1  41
2  49 77
4  92 59 13 3
5  53 42 96 20 26
1  45
2  3 8
5  33 19 98 52 50
2  69 35
5  9 67 25 86 17
1  44
2  19 21
5  60 17 2 86 18
3  11 21 54
5  54 73 78 5 23
1  74
6  40 49 99 7 74 84
2  90 28
4  8 49 34 68
4  36 54 83 82
4  4 36 44 57
1  22
4  30 27 36 21
4  84 19 73 58
1  96
3  31 48 55
5  82 22 43 18 76
2  99 40
2  34 84
6  42 5 48 72 32 83
6  98 67 11 71 25 13
4  71 43 13 25
2  95 47
4  12 23 90 10
4  19 44 45 5
6  50 53 57 81 35 48
5  2 59 49 26 71
1  97
1  27
2  36 21
5  100 32 91 90 42
4  8 86 96 13
5  46 65 28 26 100
5  4 1 34 52 27
1  66
2  18 92
3  54 13 53
3  3 42 86
4  50 71 51 62
3  96 26 68
2  25 43
2  26 77
5  52 81 42 75 99
2  19 52
3  31 4 89
3  46 74 88
6  45 38 56 86 34 81
4  54 6 96 79
2  73 55
5  53 96 56 51 29
5  2 75 6 63 39
4  37 27 46 82
4  1 67 98 82
2  51 88
1  30
2  88 84
6  40 80 56 90 9 30
6  83 35 98 45 74 48
5  100 94 64 30 61
5  49 12 63 64 41
5  51 24 80 91 3
3  81 11 65
5  93 100 70 38 73
2  20 73
1  83
3  4 13 96
5  61 7 43 25 47
2  76 71
1  66
5  38 46 84 3 18
5  2 87 15 75 4
3  47 14 17
5  18 30 78 97 90
6  40 14 31 62 89 2
4  55 75 2 100
4  4 18 36 6
1  50
5  8 84 26 22 1
1  40
2  85 37
2  69 76
2  100 37
2  1 77
5  2 76 34 6 94
5  11 98 18 90 5
1  16
2  3 23
4  33 8 2 53
5  77 86 75 14 8
5  14 84 51 16 59
5  21 53 52 31 50
5  21 55 72 36 81
5  59 47 7 66 48
4  41 25 44 16
3  51 91 52
3  41 68 93
2  89 45
5  20 95 45 40 49
1  76
2  90 34
5  97 99 23 55 40
3  99 56 85
3  46 37 83
6  4 76 11 92 21 87
1  15
2  51 63
3  26 92 38
4  67 34 58 90
6  98 37 87 53 21 35
6  57 18 85 61 94 96
4  14 82 63 29
1  13
6  60 38 83 98 97 49
2  55 39
2  52 75
1  4
6  40 2 52 58 86 13
4  81 64 65 63
2  93 75
3  84 35 77
4  32 74 15 63
2  53 81
5  27 86 83 22 25
5  74 82 69 86 32
3  50 96 12
5  89 87 14 72 22
6  37 54 64 51 16 91
1  97
5  30 82 52 51 7
3  25 88 4
1  20
4  59 16 66 35
1  53
3  75 74 39
1  27
1  62
3  93 65 40
4  95 21 14 46
2  49 70
1  53
5  34 7 38 50 72
5  53 25 20 28 98
4  39 25 60 1
5  53 66 7 15 60
2  29 6
4  78 75 68 30
4  2 36 92 51
1  63
1  32
5  31 30 41 69 55
1  70
2  54 35
2  68 95
4  97 100 9 74
5  76 3 28 78 39
2  28 47
5  31 79 65 61 8
1  30
4  7 99 83 60
3  11 27 29
4  23 28 74 97
1  49
6  30 27 38 49 54 84
2  85 62
6  46 70 1 75 31 7
5  14 66 8 24 93
3  89 16 64
4  12 66 11 96
3  48 44 91
2  75 94
5  20 63 71 95 93
5  69 7 44 76 30
3  12 19 52
5  80 64 41 90 75
3  27 23 80
1  54
4  92 48 24 12
1  95
1  3
5  75 9 15 51 39
4  62 57 3 37
3  67 77 26
3  12 52 64
6  69 18 46 60 65 71
5  64 77 36 52 86
4  2 24 64 81
1  1
1  71
5  42 12 90 94 76
5  62 93 26 21 58
6  92 32 58 68 9 93
2  94 44
2  18 45
6  98 49 86 14 20 63
4  31 52 49 7
2  10 100
4  30 57 52 21
6  10 89 97 3 8 90
3  29 8 90
1  6
3  99 20 58
4  75 89 13 23
6  45 32 94 2 62 50
4  83 38 64 71
3  66 79 24
1  8
2  1 21
3  39 20 56
6  82 31 84 94 53 79
3  84 72 41
3  22 95 28
4  58 99 93 24
5  17 35 85 48 36
1  85
5  25 41 70 7 71
4  100 24 32 39
1  4
5  53 25 73 80 84
2  78 77
4  55 93 88 39
3  23 44 26
6  69 67 75 37 21 61
4  13 68 56 92
2  81 65
6  65 95 77 41 48 31
3  35 70 75
4  14 100 54 83
4  20 58 3 40
2  64 92
3  31 47 37
3  28 1 49
6  95 25 32 42 56 66
5  25 40 34 39 87
2  6 7
5  9 46 10 72 38
4  2 85 91 51
1  91
6  3 86 24 35 28 79
6  4 39 38 42 79 24
4  84 31 40 92
5  49 63 14 3 64
6  93 15 10 84 13 69
3  47 97 15
3  1 18 85
3  59 64 62
2  47 92
4  38 68 8 100
5  11 64 79 3 78
6  86 91 100 55 26 47
4  41 93 52 58
5  89 16 41 51 37
6  42 96 24 10 4 90
1  88
5  17 65 56 2 57
5  2 8 22 94 59
5  71 47 95 12 97
2  98 39
2  22 48
2  46 38
3  33 6 60
6  62 53 17 18 34 19
2  56 13
5  34 84 30 29 95
2  59 92
4  86 14 13 16
4  50 60 92 55
2  89 16
5  42 33 99 76 51
2  31 63
1  65
3  37 93 41
4  51 33 28 37
3  40 52 4
6  11 96 44 30 84 60
1  26
6  10 1 43 34 32 6
3  96 52 77
6  92 40 39 24 68 75
5  8 27 73 97 37
5  41 67 53 100 78
5  92 88 79 34 21
1  40
4  6 91 38 93
5  77 32 6 45 75
4  32 48 69 16
6  36 68 88 13 46 79
1  24
1  21
2  52 81
3  42 18 31
2  95 63
2  39 68
1  90
6  51 38 69 67 26 5
3  13 18 80
6  18 4 38 37 55 19
5  96 37 6 19 31
5  48 70 36 52 60
3  2 97 5
5  23 9 3 35 26
5  26 43 86 29 80
2  83 99
6  79 35 2 98 66 70
3  35 5 96
6  41 98 91 45 67 13
4  70 48 78 52
5  20 37 3 100 59
6  98 55 64 33 56 61
6  26 6 32 30 2 70
6  17 15 66 30 67 35
5  45 87 51 65 24
4  64 82 38 62
3  1 94 92
4  92 18 67 23
3  69 49 17
5  65 31 34 94 98
5  70 42 55 21 6
5  73 70 60 10 32
6  11 26 88 72 17 5
3  40 51 6
6  68 74 52 99 7 45
6  75 15 38 30 36 44
1  8
1  66
2  45 61
2  71 49
6  87 53 36 27 4 42
1  71
1  66
5  22 11 66 97 25
1  26
4  46 33 68 59
6  85 4 60 12 74 8
1  61
4  46 87 63 88
6  34 3 65 25 75 68
2  100 71
3  60 17 80
2  76 78
1  79
3  24 52 45
2  13 4
5  99 67 66 98 100
5  63 3 92 38 70
1  38
3  60 98 57
3  25 32 17
3  10 54 60
4  99 92 74 2
5  72 69 36 70 68
1  33
5  95 70 40 7 8
5  67 5 36 29 22
4  77 75 25 38
5  17 12 75 86 84
3  22 54 12
2  86 82
2  56 21
2  63 1
6  68 37 96 4 17 61
5  92 85 18 64 2
2  39 88
1  82
1  67
6  32 52 75 50 7 96
5  70 96 65 37 33
4  33 36 76 94
1  67
5  34 31 80 63 70
4  76 52 75 42
3  6 94 19
4  1 14 29 70
1  94
1  42
4  39 78 28 32
6  95 10 27 26 89 90
6  56 65 47 30 7 91
3  100 9 91
6  23 20 69 33 13 75
5  65 14 52 93 45
3  88 55 72
1  44
4  8 99 25 54
2  32 45
4  31 54 30 76
5  99 8 85 74 82
3  87 34 43
2  79 30
6  50 42 30 10 28 35
1  56
4  47 19 96 100
5  26 76 45 24 84
2  98 66
5  84 99 21 16 77
3  2 26 92
2  36 42
4  70 44 15 36
6  34 31 91 5 56 67
3  80 50 79
5  15 58 61 14 78
5  91 28 77 17 20
1  52
4  66 22 5 81
4  96 14 87 19
3  53 68 23
1  47
6  18 4 60 31 81 35
2  9 12
3  28 19 89
6  85 10 93 65 66 89
5  53 75 97 96 28
4  18 30 11 17
3  14 76 78
6  11 99 3 22 36 31
3  24 19 25
3  12 89 100
6  67 52 74 64 48 1
2  66 30
3  82 77 51
4  55 45 68 54
3  90 89 78
2  13 96
4  46 7 42 6
1  98
5  72 45 80 99 10
1  37
6  87 88 49 41 32 17
6  79 6 83 57 35 95
4  89 41 59 30
6  64 39 83 43 10 27
2  9 37
2  46 28
2  33 76
4  65 93 52 44
6  35 100 34 29 52 22
5  10 51 55 74 90
3  16 100 65
3  8 1 70
4  28 88 86 4
3  50 96 98
6  94 32 93 27 61 44
3  30 53 99
6  26 89 22 42 88 87
5  96 88 49 15 37
3  19 82 84
1  79
5  9 11 70 36 71
1  84
1  66
5  85 92 71 7 34
4  93 13 53 81
4  1 95 98 35
1  80
2  28 59
6  37 69 65 72 40 78
4  40 44 37 24
3  7 31 69
4  24 82 16 4
3  17 99 42
4  12 21 69 40
5  64 76 48 29 47
6  7 2 26 50 38 86
3  80 55 8
1  37
2  7 80
3  5 22 91
1  42
4  56 21 23 32
5  51 78 55 58 80
5  8 17 30 93 62
1  47
5  13 83 94 19 63
2  23 84
2  39 26
5  94 47 5 25 15
4  3 70 13 82
3  20 99 80
1  61
6  60 30 1 43 23 19
1  56
3  89 79 80
1  62
5  61 66 99 76 22
1  45
3  84 95 55
5  74 67 43 62 27
5  63 69 95 82 74
3  23 63 29
1  77
6  76 38 56 74 13 78
5  58 12 59 53 66
3  26 33 84
6  59 56 50 27 32 1
6  54 63 29 56 39 18
2  77 74
1  89
4  81 47 62 39
6  28 80 25 61 63 12
2  18 62
3  67 93 47
4  47 9 95 2
3  13 33 24
6  38 13 37 18 59 99
4  58 27 35 82
6  98 93 6 15 55 52
5  48 98 94 6 42
6  54 55 28 77 41 66
6  77 83 48 75 39 5
1  74
6  88 71 79 93 86 34
3  67 81 41
1  75
3  56 70 1
1  98
5  51 63 66 27 46
1  1
6  18 2 58 3 89 29
5  82 14 16 25 80
6  66 94 71 13 50 41
1  60
3  90 10 1
4  36 47 67 37
2  84 39
6  87 28 16 69 9 29
6  33 9 80 99 2 50
1  51
6  24 11 28 13 20 29
5  56 75 34 93 5
2  32 92
1  59
1  73
4  36 57 100 45
3  98 46 86
1  97
5  33 8 3 46 28
2  13 83
1  47
5  10 64 7 2 69
4  9 42 32 45
6  31 89 34 29 35 19
3  32 94 71
3  96 16 66
2  28 49
2  74 24
3  38 30 42
1  95
4  48 27 95 45
4  83 79 86 18
6  24 49 90 94 87 86
1  53
1  37
1  44
1  24
6  48 54 26 49 76 1
5  71 46 33 54 24
2  71 20
3  19 10 36
1  96
3  59 7 82
4  51 92 83 34
3  37 60 92
6  35 93 61 5 38 58
4  11 29 81 52
3  90 88 54
6  33 12 92 14 71 43
1  53
5  44 90 36 35 75
5  27 35 76 65 34
2  37 62
1  89
1  96
5  63 81 9 74 73
2  44 15
2  97 91
5  86 26 5 60 96
2  95 71
6  21 5 58 66 26 47
5  21 24 37 2 33
1  74
4  54 88 82 50
5  52 35 4 56 95
6  87 89 70 83 10 75
1  68
3  28 15 49
3  52 50 70
4  23 25 15 11
1  65
6  57 99 92 12 94 91
6  83 61 81 92 35 60
5  11 74 89 59 12
3  9 82 1
2  6 16
3  12 80 31
5  79 22 80 72 13
5  54 73 60 46 8
3  6 82 53
5  71 12 91 11 20
5  12 52 79 27 94
6  7 24 58 85 46 38
4  59 16 11 32
5  57 39 17 62 21
5  41 91 81 32 2
1  5
1  52
5  40 45 73 47 69
2  31 14
4  88 73 82 98
1  57
4  42 73 16 63
3  57 54 23
6  55 23 93 68 74 76
1  18
3  54 87 77
6  1 43 72 73 25 69
5  81 23 18 54 39
5  96 95 33 18 84
6  40 76 55 14 51 62
2  98 15
2  75 99
2  17 70
6  42 39 66 23 62 83
5  100 63 72 95 90
5  82 30 54 36 43
1  98
5  2 12 92 76 11
1  93
5  99 35 18 65 57
5  48 33 79 10 5
5  4 95 51 86 24
1  22
4  8 19 41 10
2  32 86
3  41 79 20
3  13 38 5
5  17 52 3 96 61
1  69
4  2 19 50 26
2  71 92
2  90 33
3  20 65 25
4  5 3 80 45
1  18
3  85 35 1
6  30 62 94 98 26 96
1  76
2  39 47
1  68
3  45 7 55
1  32
1  14
3  95 59 49
1  8
2  47 8
2  77 69
1  75
6  9 92 70 30 16 43
6  52 87 5 7 96 36
2  10 69
1  68
2  29 75
4  75 83 71 52
4  84 27 46 93
2  16 23
3  32 65 45
5  51 49 90 47 84
1  56
4  27 24 70 55
6  21 30 81 91 82 32
5  8 78 67 25 94
6  72 25 53 17 8 4
4  98 50 49 8
1  1
3  29 71 90
2  91 19
1  82
6  39 55 8 17 22 32
1  10
1  35
4  20 43 66 85
3  16 33 48
2  34 82
3  5 72 77
6  90 84 77 23 32 97
3  53 29 49
4  32 84 25 52
2  91 36
4  6 68 13 27
1  95
5  6 66 53 1 56
3  77 45 58
1  42
6  61 70 45 23 2 28
3  53 54 37
6  19 43 56 32 70 58
2  46 63
6  98 64 47 34 41 92
6  48 33 87 9 3 32
2  4 60
5  57 13 14 45 32
4  1 63 26 58
6  71 20 80 69 84 26
1  24
2  92 72
4  79 80 53 11
1  56
5  87 13 82 1 57
1  57
4  76 82 14 63
4  34 43 21 17
5  22 40 86 14 11
3  92 90 88
1  100
3  72 86 56
4  87 12 66 43
5  41 24 82 4 76
1  46
6  32 14 17 72 100 31
5  35 22 73 23 24
5  67 95 58 22 48
3  34 14 87
1  55
1  84
4  86 99 5 81
2  19 98
1  18
2  85 52
3  57 75 74
2  41 69
6  62 17 30 96 31 16
6  85 26 81 44 11 80
3  92 10 67
6  12 84 17 96 36 67
4  10 40 81 50
1  67
1  24
6  8 54 12 5 39 38
6  83 49 65 31 40 75
6  29 86 80 46 82 16
1  34
2  51 15
5  59 81 87 83 78
6  37 90 99 75 27 84
4  75 49 88 15
2  84 43
1  64
6  90 79 100 24 4 51
3  78 10 20
4  92 97 57 28
6  55 3 13 39 60 87
6  48 2 9 31 44 18
6  33 8 74 32 31 77
5  69 54 92 89 17
5  85 74 11 71 29
1  83
5  74 70 54 21 71
4  52 15 79 46
3  86 19 79
2  95 61
6  49 53 74 66 36 59
3  47 29 68
4  11 35 34 80
6  54 50 49 6 65 28
4  11 14 70 89
2  65 50
1  13
1  90
5  38 48 17 84 77
6  44 87 19 78 67 6
2  16 54
3  80 82 87
6  96 57 79 26 21 29
3  34 30 32
1  67
5  28 51 56 12 95
3  30 72 9
3  4 24 89
3  4 71 27
6  66 83 73 92 4 1
3  37 31 65
3  98 45 76
3  100 88 43
3  18 15 50
4  18 74 42 57
5  12 83 72 78 66
3  70 69 45
1  5
5  68 53 73 13 29
2  13 17
4  55 34 78 5
6  96 78 28 53 56 40
3  27 18 1
5  87 69 17 90 74
6  58 27 65 70 55 85
5  72 49 36 5 26
3  92 22 19
2  74 59
1  1
5  10 72 64 78 88
4  52 80 11 78
3  80 33 29
4  4 77 98 9
1  38
6  24 56 19 98 30 78
1  30
4  16 2 17 94
6  70 45 69 80 23 12
4  56 40 22 60
1  20
5  18 57 68 42 13
6  39 43 64 46 73 18
4  74 34 54 63
1  98
2  84 21
3  43 76 81
4  35 97 84 3
1  41
5  56 53 57 95 96
2  40 68
3  100 41 71
4  3 74 51 34
4  71 75 100 47
4  64 81 53 48
5  67 88 53 23 41
1  17
3  29 57 3
4  57 43 36 10
3  10 60 79
4  31 54 66 78
1  30
4  62 77 41 29
4  94 51 4 3
5  39 32 24 41 97
5  84 32 89 30 41
3  8 7 80
4  72 57 71 1
1  33
5  56 61 41 49 12
3  52 79 83
5  2 24 79 82 8
1  71
3  51 19 44
4  99 6 29 55
5  30 69 9 7 24
5  47 73 80 91 25
4  74 7 61 97
6  42 4 96 12 40 46
2  84 3
2  90 31
5  65 61 53 73 67
5  42 13 49 22 4
5  80 77 40 74 65
5  77 60 94 17 6
2  1 9
4  90 40 37 55
6  89 28 66 65 70 79
1  91
5  86 71 59 65 11
2  30 92
1  89
6  26 95 10 27 3 63
1  42
6  71 41 88 98 7 52
5  85 65 58 67 51
2  25 15
3  57 45 31
4  33 16 91 28
2  17 30
6  33 72 88 3 12 75
1  19
2  68 3
6  25 70 41 53 94 56
6  51 100 22 16 33 37
1  60
4  23 90 50 55
4  37 58 73 12
4  91 38 25 94
2  50 63
5  2 57 25 93 8
2  14 23
4  51 29 17 13
4  6 63 67 100
4  40 11 20 31
3  45 24 77
6  87 46 96 44 70 89
4  94 2 73 51
4  1 67 65 52
5  27 57 39 26 20
5  37 40 9 85 84
2  61 78
2  7 73
4  77 61 12 70
4  85 20 15 86
6  79 37 59 6 94 97
2  14 75
5  53 83 37 15 14
1  34
2  86 95
6  47 7 66 9 91 86
2  77 72
1  14
2  8 7
2  40 21
1  7
5  84 59 10 99 72
2  32 92
1  27
6  55 34 52 64 24 37
6  100 9 90 14 38 98
2  65 37
3  66 44 14
3  3 23 48
5  46 79 66 54 6
4  9 39 4 73
4  41 60 63 49
3  76 87 48
6  51 85 36 16 28 50
4  31 72 12 5
2  91 71
5  97 23 79 35 26
4  98 67 11 60
1  61
3  3 8 31
4  92 67 69 20
1  34
3  88 46 55
1  36
2  75 33
3  54 68 73
1  65
3  16 24 55
5  59 57 84 90 10
5  56 79 95 72 12
3  60 57 100
4  93 24 39 26
5  92 93 44 96 57
5  12 81 38 87 40
6  71 29 5 46 85 83
3  57 95 85
1  51
6  79 44 8 18 69 9
4  22 5 18 16
6  43 3 38 37 73 67
3  18 52 23
4  8 17 42 24
5  26 3 12 33 20
5  11 28 42 33 32
4  37 48 57 79
3  95 16 22
4  56 40 12 79
6  19 96 39 43 64 45
5  96 64 56 7 91
6  39 23 56 76 71 13
4  20 7 70 42
5  25 81 79 4 78
6  99 16 40 62 79 84
3  74 47 93
5  38 89 19 61 45
6  31 57 48 50 64 18
6  30 42 72 8 46 49
1  44
4  45 6 43 28
3  17 75 35
6  12 24 16 72 69 10
1  25
4  52 88 75 43
2  17 15
2  62 64
2  6 28
5  11 70 3 54 87
5  88 83 89 12 99
4  80 8 62 5
4  14 92 40 57
1  56
5  35 18 34 66 23
4  41 33 31 43
6  17 20 74 100 8 85
6  68 65 5 30 69 70
3  61 9 99
5  65 70 5 82 3
5  4 64 10 37 95
4  22 12 72 95
1  79
5  8 47 44 13 76
1  83
2  73 92
2  42 56
6  46 37 90 16 41 53
2  77 48
5  99 59 49 94 69
2  73 77
5  17 90 49 29 72
5  1 63 85 42 19
5  88 56 60 4 96
1  29
5  61 7 71 19 55
4  88 82 37 65
4  53 54 5 81
2  72 82
6  56 23 7 27 11 62
6  15 58 99 44 30 60
3  100 78 4
4  66 86 100 30
3  52 84 45
2  9 17
1  97
5  37 4 98 48 65
6  62 23 83 6 52 43
4  52 20 59 15
6  45 15 86 66 98 31
6  7 47 12 3 18 49
1  16
6  71 100 58 94 83 63
3  25 17 97
3  76 12 30
2  26 44
1  92
3  35 90 48
5  2 51 99 50 57
1  46
2  15 4
2  98 66
4  23 83 62 67
4  74 97 78 99
3  82 91 17
5  30 97 82 80 96
2  36 11
5  64 25 81 84 22
3  50 45 29
1  12
6  85 8 65 84 49 47
5  30 63 54 60 35
3  55 67 75
4  44 38 90 24
2  12 70
5  56 99 82 67 86
4  75 50 23 97
2  53 59
5  12 19 11 51 73
5  25 38 20 63 28
3  84 40 13
4  95 11 36 62
6  2 36 46 51 59 43
5  11 1 50 23 19
4  73 92 37 97
2  57 60
4  100 44 97 12
6  92 23 33 53 19 35
6  65 85 47 7 59 58
1  8
5  27 68 53 19 4
3  48 60 9
1  60
4  2 71 49 93
6  82 46 12 16 35 76
1  81
5  59 39 89 67 19
1  34
5  34 38 20 82 98
2  87 57
5  89 27 28 82 20
1  27
2  25 61
1  25
3  88 84 81
5  50 99 92 83 70
2  20 89
1  17
2  93 73
6  82 100 24 63 20 33
6  50 57 51 56 82 93
3  65 73 20
1  72
1  97
3  36 17 30
3  34 47 35
1  43
1  6
4  79 25 99 69
5  55 20 30 37 12
5  1 85 92 15 56
1  12
6  39 28 27 81 62 74
1  68
1  33
5  82 12 99 81 80
5  36 99 3 72 10
5  72 94 68 87 50
5  98 47 9 26 73
6  87 46 6 54 62 38
2  44 49
2  24 28
6  60 27 1 31 37 77
1  31
3  88 81 14
6  27 23 11 100 12 98
3  18 52 7
4  79 51 4 75
2  2 34
4  3 64 95 79
4  25 23 54 6
3  39 32 58
3  31 70 47
5  88 98 83 42 76
3  46 80 9
5  81 42 35 84 6
2  63 72
4  85 25 59 20
4  90 78 13 21
3  60 97 35
4  79 77 33 13
2  12 21
6  93 63 32 77 69 60
3  40 14 23
4  72 43 28 62
2  40 82
5  99 79 2 56 58
5  89 70 99 100 91
6  93 53 28 69 21 88
1  61
1  30
2  73 72
4  34 91 16 58
6  94 59 46 51 37 34
2  35 34
1  32
2  63 60
6  84 47 2 44 48 31
5  21 3 19 54 94
1  70
4  100 64 10 45
1  46
5  34 81 13 45 39
1  72
2  91 18
3  35 66 65
1  86
5  22 40 61 31 10
1  30
5  21 75 87 67 54
2  48 66
4  60 4 72 31
3  63 49 71
6  14 36 100 3 21 40
4  51 49 74 81
2  95 56
1  61
1  28
1  75
6  67 78 64 98 14 26
3  84 23 60
2  22 59
2  43 99
6  94 47 57 74 68 51
2  75 12
3  3 19 13
6  86 91 58 83 5 84
2  88 6
6  7 28 47 71 45 12
4  91 68 38 59
2  67 34
2  6 36
3  18 30 36
1  87
2  13 70
3  1 76 34
1  4
5  35 75 24 46 38
1  14
5  73 33 41 6 63
3  42 13 64
5  48 73 58 66 85
2  12 85
1  45
6  8 25 27 82 48 73
2  63 87
6  35 19 34 41 82 80
5  95 44 53 42 16
1  7
6  38 19 85 42 63 77
3  88 3 30
3  75 49 98
4  42 33 80 75
5  62 55 56 98 9
6  14 19 4 57 22 98
6  85 75 46 72 77 76
1  52
2  5 13
4  37 93 40 10
4  95 65 11 93
5  8 6 92 12 19
3  34 17 46
2  91 92
6  68 98 20 92 2 33
4  38 25 96 48
5  90 13 82 86 98
6  78 10 7 26 43 23
5  61 14 63 52 82
2  49 1
2  50 33
5  88 58 73 35 37
4  48 27 45 33
2  32 11
3  38 36 76
4  7 37 75 70
6  56 100 37 57 21 86
6  98 74 47 71 9 84
2  56 11
5  89 35 9 99 68
3  35 44 7
3  81 82 11
5  38 10 6 94 31
6  83 29 65 30 99 73
1  31
2  24 8
2  58 16
1  26
4  50 70 69 91
4  50 1 19 88
1  24
5  41 15 64 70 80
6  68 53 7 99 81 30
1  98
6  22 14 84 63 83 53
4  33 3 54 52
6  65 76 71 6 91 35
5  70 28 42 22 34
3  3 64 47
6  52 68 14 65 77 48
1  30
5  6 84 32 96 48
1  66
4  98 100 28 67
2  69 89
4  9 91 25 56
6  77 24 4 41 75 80
6  79 10 69 85 93 100
5  41 7 45 93 4
3  20 71 89
4  32 98 49 57
4  39 33 76 43
5  51 22 62 29 31
2  14 23
2  93 63
3  37 56 40
5  76 10 52 65 68
6  62 16 40 15 55 72
6  97 45 41 19 6 70
3  36 83 72
4  75 35 100 12
6  39 93 67 48 45 31
1  29
6  32 69 7 86 41 97
5  86 38 1 92 8
3  27 90 22
6  65 56 90 77 47 28
5  13 76 15 43 91
3  36 23 12
3  8 52 39
6  37 77 91 28 84 41
4  74 62 45 39
2  34 16
4  62 85 77 38
6  19 28 43 54 51 55
6  59 6 35 49 43 11
3  71 94 80
2  68 41
5  6 59 2 21 22
4  6 98 100 17
2  48 71
5  2 67 37 8 1
6  50 12 24 20 6 4
3  73 45 12
5  3 14 99 25 77
1  23
5  9 40 5 57 10
5  59 77 19 67 78
1  17
6  27 36 94 31 80 66
5  92 44 78 6 42
1  82
3  25 58 55
4  62 12 74 45
5  50 63 37 27 66
4  16 93 89 9
2  69 75
6  60 18 76 66 77 47
1  2
1  60
4  67 72 38 11
3  88 74 78
1  39
2  30 32
2  39 55
6  13 52 47 30 27 12
6  4 59 95 5 63 55
5  30 26 8 40 68
6  14 45 10 53 76 39
6  94 77 38 80 89 90
2  19 17
3  8 21 96
1  26
4  57 95 88 82
1  28
3  97 41 94
1  93
5  45 76 63 22 14
3  11 4 69
2  20 7
3  41 3 39
4  61 96 49 78
4  76 27 60 16
2  65 8
6  10 84 52 31 98 94
3  1 62 70
2  69 7
4  71 46 27 31
3  87 80 18
3  55 44 9
5  64 73 79 53 83
4  4 13 60 98
4  60 24 81 28
2  41 98
5  68 29 16 55 8
2  4 62
5  12 33 41 85 11
6  67 73 97 80 32 94
2  92 53
4  73 81 87 14
5  62 81 6 78 35
1  11
3  76 88 50
1  28
3  19 20 1
6  16 81 23 10 14 15
4  71 87 43 58
6  20 80 26 97 15 39
1  53
1  95
1  22
2  36 40
3  37 31 57
1  53
4  30 68 29 1
4  71 58 54 91
5  33 16 74 48 55
5  100 69 75 1 90
6  37 30 38 73 60 95
6  13 61 19 80 90 34
4  77 87 51 53
2  66 26
5  21 6 67 89 81
5  79 77 4 9 14
5  69 8 64 81 83
4  58 2 95 17
5  81 67 31 1 33
4  68 54 62 34
3  43 1 21
2  4 29
2  79 98
3  43 78 9
2  39 66
2  33 83
1  14
3  35 14 82
6  82 35 53 15 77 95
1  98
1  19
2  47 98
2  87 41
1  95
4  40 60 93 73
3  97 87 91
2  1 73
2  82 8
5  96 84 70 11 82
5  29 8 27 31 15
4  32 10 33 72
5  25 44 11 21 30
1  53
2  74 75
1  81
3  7 65 18
2  46 1
3  53 30 73
5  44 39 15 54 71
6  22 95 30 33 16 60
2  68 90
1  42
1  88
6  7 53 8 24 99 9
5  52 38 42 35 82
5  49 35 51 57 46
4  89 62 24 22
2  13 29
5  13 16 62 20 69
5  44 67 78 14 18
1  56
4  97 36 1 31
6  36 88 32 100 76 94
2  97 23
3  25 94 50
3  56 69 9
2  13 76
1  26
6  18 81 45 15 17 46
1  81
2  35 81
1  28
1  5
4  40 29 45 90
5  100 58 78 25 70
4  28 96 46 77
6  60 93 35 6 95 15
3  30 96 46
4  99 50 8 39
5  53 28 48 52 86
2  77 56
5  5 51 24 50 28
1  10
2  48 16
1  63
4  45 58 99 2
4  48 10 96 26
4  24 73 13 10
6  90 65 76 95 16 100
3  43 13 54
4  60 70 77 23
2  22 81
2  23 37
5  32 33 93 57 65
1  66
4  96 30 39 90
3  38 34 89
4  88 51 11 57
2  33 79
3  13 99 72
3  66 3 83
4  96 39 23 2
1  86
6  34 24 86 79 62 20
5  12 7 19 22 63
3  54 41 95
4  39 66 17 5
5  99 63 64 37 85
4  40 71 62 74
6  48 52 56 67 20 73
3  89 35 83
3  76 78 9
1  44
2  19 12
2  81 76
4  66 41 100 36
1  73
2  50 25
6  16 44 52 88 81 40
2  64 82
6  41 90 13 84 15 32
6  38 13 72 98 78 12
6  14 69 43 63 93 28
5  37 79 66 17 18
6  80 99 87 21 89 100
1  3
2  100 41
3  71 38 22
5  34 35 97 3 78
4  96 5 38 32
6  4 49 1 92 28 100
5  48 88 78 52 90
1  51
2  53 22
5  74 4 1 9 3
6  60 99 91 98 30 75
1  78
5  93 6 75 72 53
4  49 5 52 58
4  82 10 77 49
5  81 49 91 52 77
3  51 68 38
5  42 39 58 17 32
4  91 3 17 52
4  21 4 9 76
6  18 53 33 1 82 92
1  34
5  55 84 36 92 64
5  31 22 94 62 85
6  64 1 36 15 22 39
2  97 24
3  50 56 42
5  38 34 96 71 2
3  55 37 42
2  14 72
3  8 34 23
6  98 24 27 12 45 65
3  42 89 76
6  45 18 73 82 51 69
4  53 18 7 90
4  24 4 31 63
1  65
6  1 62 8 27 74 53
6  9 94 80 85 84 24
1  57
1  53
2  58 6
3  65 95 1
6  98 32 50 8 96 35
1  58
3  35 31 95
2  39 88
1  23
5  30 25 28 36 78
4  93 83 58 77
6  45 74 26 95 82 21
2  90 78
5  25 9 66 51 47
4  57 69 24 87
6  51 22 71 3 15 53
6  72 29 89 17 3 14
1  84
3  41 73 13
1  97
2  78 48
5  30 4 36 54 91
2  5 13
6  7 28 52 2 100 81
6  16 83 5 28 66 39
5  39 52 80 36 72
4  83 39 87 75
3  77 4 45
6  4 52 17 55 54 16
3  44 32 18
3  60 84 88
2  22 39
1  58
1  64
3  50 26 24
6  3 28 35 92 31 86
1  85
3  25 20 83
4  38 31 16 22
2  43 56
3  1 67 12
3  16 62 66
3  52 68 67
6  60 97 71 68 82 10
6  2 92 49 40 23 64
4  40 6 4 96
4  4 62 67 43
5  29 8 17 80 76
5  65 35 80 36 3
4  45 95 63 37
3  2 59 7
4  98 13 66 94
5  69 56 34 12 33
4  19 49 42 95
2  6 30
1  41
2  73 85
2  36 21
5  38 79 77 100 89
4  70 56 33 26
6  45 58 51 64 7 92
4  39 98 87 50
3  19 22 23
3  57 44 15
6  23 91 94 99 79 58
5  35 91 94 23 52
5  98 58 66 56 97
4  42 46 100 60
5  23 5 25 66 20
2  88 10
1  87
6  70 56 23 60 50 46
6  1 20 93 59 85 48
4  48 90 1 50
5  70 54 93 36 74
1  23
5  22 10 72 91 66
6  51 15 41 46 16 60
3  75 45 86
2  92 75
2  39 24
6  9 78 90 44 51 100
4  35 22 77 6
1  42
1  64
4  41 9 72 1
3  47 45 32
5  37 6 76 30 3
6  8 93 27 59 92 14
5  99 26 11 90 67
3  98 39 40
3  85 75 60
2  81 65
6  11 68 81 18 60 7
5  52 100 69 65 67
6  79 66 80 46 5 78
6  45 21 68 30 96 28
4  77 93 47 87
4  27 5 20 34
5  72 34 50 36 2
2  27 81
5  7 26 88 84 9
2  5 77
4  100 5 12 77
6  58 64 59 85 69 78
2  50 52
6  85 54 16 12 34 99
2  60 86
1  69
1  6
3  78 6 50
6  83 48 47 46 6 32
1  84
3  64 33 2
4  18 55 79 30
6  77 48 49 62 17 79
4  62 56 61 12
3  43 60 90
6  65 21 2 49 71 66
5  72 28 99 27 7
2  16 83
5  64 45 24 80 23
5  42 78 38 53 22
5  12 11 69 77 32
5  25 3 36 6 75
4  5 2 70 32
1  53
1  81
6  30 61 19 8 2 97
3  55 18 26
4  29 94 43 61
4  68 63 100 74
3  63 78 38
2  10 55
6  16 35 82 46 95 1
4  96 97 98 50
1  24
1  44
2  59 4
5  27 66 81 1 3
3  78 40 76
6  94 60 4 29 42 49
2  42 2
2  39 100
5  53 23 85 96 40
3  100 21 70
4  1 71 68 44
3  7 19 36
1  79
3  29 20 88
4  61 90 70 100
6  38 52 12 22 48 65
3  73 35 12
5  5 79 17 53 86
3  88 87 13
2  16 33
1  67
6  4 36 93 74 45 95
6  56 60 39 28 94 51
1  98
2  17 51
1  51
3  2 64 65
2  96 79
6  89 83 20 82 75 93
2  79 88
2  34 47
4  62 40 7 63
3  36 79 88
4  30 26 53 93
6  70 89 54 78 52 73
4  27 66 84 5
4  1 39 99 56
1  39
4  63 76 98 41
4  49 70 90 2
4  81 72 52 50
2  29 2
6  88 29 63 71 33 16
5  72 14 27 52 89
3  28 86 75
6  35 44 82 36 7 62
1  58
1  32
6  14 29 74 42 92 45
5  7 16 46 21 42
2  72 31
4  100 17 25 92
4  69 73 86 76
3  93 33 45
2  20 59
4  93 100 44 38
5  51 53 19 71 94
3  43 25 86
3  41 10 34
6  79 6 77 54 39 70
6  84 94 6 42 46 99
3  90 36 15
3  88 34 10
5  69 53 6 55 95
3  65 28 38
3  34 14 96
5  84 83 56 77 88
6  22 87 39 11 23 54
4  10 87 61 92
4  13 98 10 8
3  74 35 81
1  68
6  12 40 78 94 96 54
5  94 76 68 32 87
6  86 37 100 73 97 92
2  9 89
3  17 32 11
4  13 27 19 7
3  59 85 33
4  39 14 47 81
5  100 71 65 36 37
2  62 65
3  50 2 57
5  13 8 94 40 27
1  78
6  85 10 39 23 86 37
1  65
3  75 29 72
3  66 4 6
2  45 56
2  1 37
3  9 31 84
3  32 61 20
1  71
4  39 94 44 75
6  9 11 72 37 82 17
1  85
2  32 29
5  64 30 16 8 39
3  91 74 78
4  94 22 52 33
1  96
1  12
1  18
6  41 100 1 43 85 23
5  14 1 38 43 16
3  82 62 36
4  39 86 49 33
1  1
4  22 96 72 34
6  89 17 41 88 18 84
5  40 59 86 41 96
2  57 41
1  19
5  65 57 62 13 89
5  13 53 91 9 25
2  9 13
3  49 1 58
2  73 98
6  58 39 87 95 27 96
1  3
4  70 64 72 59
2  85 12
2  93 36
3  1 49 87
3  49 45 82
2  42 73
5  80 59 66 75 86
4  87 89 21 57
4  93 15 85 77
2  8 69
4  54 70 10 41
2  59 85
1  81
2  74 60
1  33
2  82 18
6  69 6 7 25 58 99
3  43 75 66
3  44 28 4
1  37
3  32 96 29
2  76 56
1  36
4  37 61 44 55
3  13 61 53
3  19 52 76
4  27 42 11 70
5  15 82 6 58 13
1  87
3  77 43 50
1  6
6  73 50 42 19 62 2
5  98 21 23 74 82
3  16 93 19
6  7 1 90 65 14 91
4  59 67 94 8
5  99 95 51 48 36
5  9 38 41 7 59
4  81 40 13 96
2  31 80
3  31 69 2
3  59 53 3
2  46 10
1  45
1  54
6  40 23 1 78 64 7
3  27 87 75
3  82 7 70
4  45 1 30 46
3  88 99 47
1  45
4  17 89 61 71
5  1 94 81 78 57
6  14 83 74 88 22 55
6  91 16 39 45 84 35
2  83 81
3  27 38 63
1  98
2  96 99
2  76 83
4  89 65 35 77
6  90 71 77 6 9 67
3  93 2 83
5  82 28 2 20 90
2  17 23
1  16
3  88 91 31
3  80 96 84
4  82 74 28 58
5  37 25 29 30 26
1  5
1  39
1  27
2  23 44
4  35 59 100 23
3  31 72 30
2  56 86
1  29
1  65
1  49
6  37 78 15 48 83 22
6  89 49 15 12 92 67
3  51 66 69
6  96 40 30 22 95 15
2  24 28
6  31 77 83 67 55 97
1  37
2  1 25
5  16 37 60 82 83
1  47
4  10 43 90 40
4  84 54 92 8
5  85 38 58 67 5
1  64
2  50 83
2  75 50
3  11 9 16
6  19 62 43 29 4 32
5  67 16 22 58 23
1  43
4  61 9 66 74
5  85 23 55 4 97
1  37
1  13
4  100 32 14 42
4  18 74 28 85
6  49 43 13 52 85 73
1  93
3  86 65 23
1  19
2  5 23
4  12 36 15 11
4  28 52 27 46
2  54 30
1  3
5  28 55 56 100 67
3  39 53 13
4  61 32 86 66
4  48 77 90 63
6  56 90 39 83 36 65
3  65 80 39
3  7 94 91
1  61
3  45 13 52
1  74
5  91 39 37 16 26
1  3
5  91 42 65 26 6
1  90
6  40 25 91 33 16 98
6  55 42 6 47 79 88
3  17 25 76
2  51 76
3  33 67 76
6  92 82 97 66 37 7
4  69 23 54 62
5  96 67 82 42 46
5  79 63 94 54 95
3  29 77 96
1  74
6  86 71 69 52 7 76
1  75
6  62 37 74 58 3 55
6  48 25 77 10 18 31
1  63
4  33 40 55 37
1  42
2  83 11
5  89 86 82 64 84
3  100 57 1
1  12
6  50 36 77 60 54 7
4  16 66 96 55
2  33 68
4  55 50 72 29
3  58 10 1
3  54 1 97
4  3 9 54 52
3  31 11 99
3  74 14 2
5  69 22 2 36 83
4  86 55 85 24
1  94
2  52 48
2  49 2
2  58 56
5  2 86 89 100 22
4  14 24 33 83
3  34 19 29
6  4 83 74 28 95 68
4  47 15 76 96
1  3
4  72 81 55 57
5  54 79 33 68 3
4  50 49 98 69
5  88 73 60 61 100
4  29 51 1 43
2  96 59
2  48 31
1  2
6  79 56 66 11 24 69
5  73 17 42 93 60
1  53
2  13 7
3  63 7 91
6  3 50 18 51 80 27
4  67 6 8 32
1  31
6  91 4 17 63 45 9
2  59 62
3  71 68 90
3  75 81 23
5  30 41 28 10 68
5  76 73 88 8 89
2  8 80
2  24 42
5  32 64 26 94 6
6  61 96 30 36 76 52
1  6
6  39 15 60 19 91 33
1  98
2  24 5
1  46
2  43 13
4  6 38 53 12
3  14 7 63
3  83 15 61
6  7 100 3 67 18 94
6  23 91 20 47 95 21
6  23 63 5 82 68 43
3  80 77 48
6  39 96 68 54 56 60
4  59 26 72 52
2  95 42
3  41 37 65
2  59 27
3  41 95 81
5  74 57 22 59 96
2  27 49
5  83 9 27 41 34
6  93 58 35 2 34 71
4  67 30 93 4
5  87 85 45 61 42
4  20 37 84 46
6  56 29 94 83 69 27
5  62 85 74 96 86
1  66
4  74 96 44 78
4  31 62 11 91
1  77
1  40
4  56 25 16 84
2  98 53
3  79 14 29
4  9 15 60 75
4  33 70 10 11
3  40 72 45
2  75 22
3  14 81 96
3  97 79 56
6  31 100 73 45 28 26
4  42 85 27 8
2  96 17
2  31 57
6  76 87 75 97 27 89
5  22 27 74 1 83
5  31 82 41 75 10
4  28 52 51 54
4  69 50 76 96
5  32 96 56 19 70
4  45 59 30 66
6  3 66 68 71 97 49
1  72
4  78 99 10 29
4  69 97 2 44
6  82 75 88 38 93 58
6  38 16 18 3 1 21
5  68 92 66 17 3
3  75 80 36
6  8 89 53 5 90 96
6  72 71 84 9 63 42
6  100 57 16 3 58 36
5  26 28 38 42 30
5  17 10 11 2 18
6  54 22 89 50 18 60
2  2 69
5  43 66 82 100 85
4  18 57 82 45
6  24 74 68 41 84 78
3  1 77 95
2  65 44
3  24 63 42
6  46 84 58 27 40 12
3  57 69 22
1  62
3  75 30 86
4  8 27 59 84
2  81 48
4  21 72 29 63
4  74 47 22 1
2  61 12
5  17 80 92 18 42
3  92 71 23
3  79 50 8
4  71 89 9 37
1  80
4  72 44 38 19
4  38 48 26 50
2  42 29
1  59
5  46 51 42 69 100
2  19 8
5  90 96 26 6 70
6  77 13 27 95 78 65
3  3 14 60
3  43 69 4
1  15
4  54 84 74 2
4  54 91 56 44
1  61
1  6
3  25 33 3
6  75 5 10 35 50 52
1  53
4  18 7 19 1
4  92 2 20 46
6  76 89 9 37 1 14
5  26 46 7 28 43
5  33 52 16 82 4
2  34 69
3  40 87 37
6  78 39 19 23 31 94
1  40
2  12 54
1  38
6  11 65 42 92 98 93
1  79
6  25 13 65 61 53 51
6  52 29 35 71 66 65
4  5 95 75 58
6  12 57 9 77 98 100
5  91 6 53 87 31
4  52 91 18 3
6  70 32 22 41 84 87
1  46
6  99 21 49 98 32 5
1  9
1  5
5  93 11 35 80 41
6  32 18 34 19 87 65
3  27 49 32
6  18 31 15 67 28 47
5  33 55 74 38 37
4  48 71 46 89
5  77 20 88 11 38
5  76 78 2 24 5
2  18 23
4  33 89 91 79
4  24 34 33 61
5  99 9 41 45 97
1  22
1  99
2  55 73
1  33
5  32 37 6 49 60
5  81 48 60 7 83
6  40 44 63 39 52 4
5  49 15 5 65 13
3  19 86 45
4  59 76 87 65
2  46 34
1  94
6  65 1 75 57 41 18
2  79 70
2  62 18
3  67 82 50
1  100
3  47 51 94
2  38 58
3  84 91 52
5  84 16 77 58 73
2  76 93
6  46 16 58 63 53 24
3  2 26 45
3  73 95 30
6  33 88 42 16 78 94
6  62 9 69 19 82 86
6  74 82 41 89 39 4
3  63 48 43
6  93 80 61 88 9 56
2  97 98
3  75 91 27
3  100 95 55
5  81 50 55 62 90
3  1 93 85
4  41 28 52 33
1  12
2  16 68
3  12 66 74
6  56 100 22 95 76 37
5  25 92 37 14 36
3  6 20 1
3  48 52 79
4  64 98 71 32
3  82 97 11
5  53 10 89 8 4
4  45 79 89 36
1  3
5  52 8 91 54 38
1  33
6  67 31 63 98 44 95
5  12 47 87 1 55
6  65 99 69 54 34 83
4  4 35 64 95
6  18 32 90 50 24 57
5  87 54 47 31 48
2  42 95
1  43
3  1 8 48
5  61 82 53 17 86
6  80 74 98 12 64 47
3  20 27 22
5  73 52 22 97 94
1  8
3  66 9 44
1  78
1  95
2  20 80
2  100 60
6  97 71 55 44 6 75
5  28 49 43 79 71
3  73 87 47
1  53
4  51 66 34 55
4  64 75 40 81
5  99 72 71 70 27
1  76
1  84
1  50
2  82 20
4  54 7 13 62
4  69 12 25 2
4  85 65 41 24
3  15 23 17
6  93 44 100 68 45 84
5  94 10 52 14 76
1  21
6  66 80 57 78 4 58
3  88 22 85
1  67
6  35 84 86 27 85 94
5  68 64 65 78 16
5  53 20 98 41 86
5  97 64 81 54 8
5  76 93 80 42 14
2  78 41
4  63 34 22 31
6  86 8 14 63 61 33
4  1 19 38 98
5  19 52 90 87 27
5  66 69 75 80 94
4  20 45 15 54
4  46 52 51 53
4  14 98 75 15
1  13
1  99
2  63 89
2  90 71
5  58 46 63 51 98
5  96 13 37 61 59
6  12 11 53 25 50 100
3  66 13 50
4  43 13 53 61
1  23
3  60 68 6
1  66
6  6 79 25 66 37 12
5  48 65 2 72 14
1  10
5  14 60 44 57 72
6  17 74 18 60 34 86
4  44 52 55 49
2  79 15
5  91 92 16 55 94
6  69 96 97 48 9 57
6  66 29 87 82 3 5
3  36 91 8
5  43 62 28 73 40
3  40 31 34
4  85 27 43 54
2  39 1
2  96 92
6  24 79 78 26 84 20
4  74 27 40 16
6  67 89 28 8 29 59
3  84 43 68
2  97 90
4  97 21 60 89
1  84
5  94 10 51 13 71
2  39 10
3  27 77 28
4  84 57 13 25
3  56 93 65
4  83 30 49 4
6  38 20 74 5 13 83
4  26 54 79 65
4  18 92 40 46
3  23 2 59
3  41 15 6
4  24 36 16 27
2  53 46
6  57 59 81 12 84 34
6  49 97 8 40 36 53
6  59 55 44 7 95 47
1  26
5  36 41 97 61 94
3  59 51 1
3  62 85 72
4  33 69 59 72
1  12
4  63 66 2 69
4  60 16 62 85
6  97 26 83 58 19 16
5  26 54 31 11 82
3  94 41 15
6  52 73 61 18 74 30
5  33 46 39 18 32
3  44 15 94
4  40 9 31 66
4  61 76 88 42
2  82 34
5  34 6 41 52 79
5  29 12 15 68 30
3  4 73 61
6  35 1 6 65 66 68
2  41 56
4  60 37 49 93
1  83
6  57 34 78 26 62 89
3  30 19 88
2  92 48
2  26 48
3  91 14 3
1  54
4  82 14 95 31
1  11
1  5
5  46 82 93 8 71
3  38 89 21
5  80 69 100 6 17
3  97 30 38
1  84
6  94 97 90 25 3 100
3  7 67 83
6  60 90 59 94 27 47
1  97
2  83 97
2  100 32
2  29 69
3  13 64 35
1  53
4  11 53 95 18
2  77 6
5  67 64 72 94 11
6  90 38 68 87 70 19
6  96 87 39 9 51 74
2  4 32
2  56 27
3  75 4 51
4  70 14 25 63
2  11 53
4  79 40 31 46
4  30 42 45 68
3  95 41 67
6  73 95 55 99 40 29
1  90
5  72 4 8 35 28
2  87 90
6  27 20 42 84 49 83
2  17 33
2  58 99
2  31 93
5  29 32 4 31 22
6  2 26 94 37 54 11
2  43 7
3  63 48 33
1  31
4  29 63 83 87
4  4 17 54 79
3  86 82 76
1  68
5  34 62 14 87 72
3  30 79 87
6  27 20 5 57 80 33
2  63 20
5  66 36 35 44 81
2  26 57
2  94 34
4  55 48 49 27
6  79 5 71 32 90 76
6  70 9 8 32 28 89
6  64 24 41 44 45 66
6  73 59 34 35 13 82
5  39 66 62 44 37
2  75 27
1  63
6  16 71 27 44 59 24
1  82
4  50 26 29 99
6  84 33 100 65 16 39
2  77 83
5  10 57 94 18 20
6  33 90 17 77 48 40
5  30 4 33 56 83
4  20 66 87 31
1  59
4  79 41 29 89
6  22 6 16 12 39 28
1  53
4  97 83 70 30
3  2 12 92
2  78 41
1  80
6  70 59 39 98 47 36
2  53 52
2  91 57
4  6 10 25 2
6  95 31 30 97 43 22
2  20 100
4  28 80 57 97
3  96 95 85
2  15 38
5  46 28 40 3 33
3  28 35 42
2  66 71
2  8 93
3  28 93 94
4  72 51 53 10
3  47 94 77
4  32 60 7 59
6  10 92 48 37 26 89
4  92 60 77 99
4  12 27 45 6
5  16 56 34 25 2
5  19 79 42 50 38
3  9 36 57
6  84 94 26 72 53 17
2  29 16
6  41 42 28 46 23 44
1  57
5  3 37 88 81 78
3  19 26 46
4  83 45 38 76
5  10 28 87 42 57
1  25
6  44 53 43 67 96 45
2  65 48
4  52 28 37 89
3  63 34 1
3  79 38 21
3  48 49 36
6  5 38 14 2 81 66
3  47 62 89
5  26 36 29 77 64
4  66 11 28 99
1  73
5  49 94 27 96 42
4  85 47 99 98
3  80 63 93
2  25 82
6  51 18 25 28 82 90
6  92 18 3 91 69 51
6  95 47 25 56 31 72
4  28 20 34 91
1  60
1  95
4  66 13 80 93
6  70 85 86 87 76 89
5  44 40 61 39 86
6  94 17 57 49 45 77
5  35 90 42 50 84
6  16 96 76 8 90 45
6  76 32 67 65 9 11
1  70
3  90 55 43
1  12
6  50 88 73 85 77 14
3  61 11 50
4  86 57 47 31
3  22 62 15
6  71 25 90 40 74 79
6  16 85 6 34 94 79
2  71 92
4  31 2 4 88
6  60 34 19 8 56 80
2  42 51
3  32 91 21
1  85
3  95 91 43
2  85 21
3  55 13 1
6  15 4 73 3 64 6
2  72 62
1  94
1  51
3  34 42 62
3  26 99 39
1  41
4  1 61 14 55
5  14 41 88 17 13
6  80 19 10 51 45 83
4  86 17 2 48
4  28 47 99 45
6  65 45 48 78 100 21
6  40 9 8 53 99 88
5  8 39 52 18 83
3  79 69 51
5  17 12 8 63 10
4  50 75 97 53
6  17 44 37 26 52 89
2  39 61
2  78 12
3  61 46 28
2  96 8
3  8 16 9
2  68 58
6  64 55 45 60 72 88
6  97 40 85 20 78 45
4  56 57 100 16
1  27
3  98 34 91
1  50
6  22 17 57 14 80 11
4  40 82 46 36
5  85 21 98 63 66
3  18 22 48
2  23 75
5  21 9 68 25 58
4  47 74 23 60
4  33 18 93 15
4  28 93 47 49
6  10 14 38 27 35 86
4  58 60 37 78
5  5 3 26 71 49
6  93 9 52 26 44 40
6  72 32 36 20 21 45
2  59 72
5  44 31 25 4 68
1  72
5  4 97 43 53 95
3  61 46 60
6  90 100 75 61 31 10
5  52 54 14 11 25
5  55 56 5 58 24
1  30
6  10 26 39 62 21 74
2  67 34
1  56
2  83 17
4  93 97 15 47
1  25
5  90 79 27 94 36
4  100 65 47 9
6  85 70 11 59 92 77
6  1 32 24 83 49 86
5  45 100 22 55 24
6  45 2 20 39 38 71
3  3 17 47
6  2 17 3 60 9 80
4  9 12 74 91
4  60 67 4 88
4  84 80 3 86
6  41 24 70 79 26 86
2  19 88
3  22 47 50
1  98
4  12 72 49 71
2  15 75
6  2 34 75 82 36 60
5  77 83 51 56 9
3  80 27 24
2  48 71
5  48 69 28 60 40
5  31 71 90 5 62
6  38 36 74 95 55 51
5  5 6 86 42 12
4  7 60 36 77
1  4
1  67
3  80 97 15
5  2 76 61 40 11
3  13 6 89
4  84 94 68 69
3  54 81 1
4  40 36 47 14
6  19 10 98 88 11 74
3  50 84 83
4  90 72 26 73
4  94 42 1 47
2  1 6
4  37 41 9 77
5  22 60 99 32 58
6  42 31 34 92 15 16
4  4 87 79 77
4  72 18 52 19
3  52 24 1
6  65 9 45 31 24 43
4  81 28 4 12
4  95 26 77 49
2  64 28
1  15
6  23 67 18 62 19 42
4  7 6 72 71
3  2 95 93
4  75 20 67 86
5  62 12 58 11 41
2  38 46
3  38 69 3
4  31 21 97 93
2  2 64
6  52 66 92 44 29 67
4  96 53 45 57
4  3 68 5 24
1  51
4  43 19 62 98
3  82 95 42
1  97
1  7
3  71 99 92
6  65 56 95 17 1 51
5  3 19 85 27 24
3  86 66 54
3  64 3 29
4  44 37 55 49
3  3 19 42
6  18 6 50 13 23 64
1  53
5  88 79 5 23 64
5  76 10 34 78 38
6  22 75 46 70 19 48
6  60 42 7 66 92 19
6  41 82 91 94 64 79
5  68 2 36 38 78
3  71 56 84
4  77 59 9 47
5  56 35 37 98 42
1  89
4  90 30 42 81
2  5 59
6  73 60 31 10 38 77
5  93 61 43 69 20
4  15 97 7 50
2  4 91
3  93 51 24
2  92 4
3  97 62 39
5  22 70 79 59 47
4  52 8 3 20
2  53 35
2  60 84
4  64 74 90 56
2  13 77
1  16
2  13 78
4  82 99 30 61
4  77 20 9 84
2  29 11
5  63 34 35 46 89
6  19 78 54 43 90 31
4  6 52 72 83
1  53
5  42 14 39 18 34
3  2 55 76
1  30
3  46 64 84
3  62 3 13
1  46
1  46
1  8
6  75 90 9 28 71 50
3  10 68 74
4  69 29 33 82
4  71 27 23 55
4  84 57 74 99
1  76
3  6 84 42
5  73 50 8 44 99
3  54 66 23
1  35
4  44 16 10 14
3  32 69 4
1  26
5  15 27 53 59 33
3  1 13 9
3  21 53 49
5  6 14 92 16 49
3  59 64 52
5  6 84 41 10 99
4  87 14 93 40
5  26 76 73 38 84
2  58 37
5  27 42 84 18 58
2  60 16
6  12 89 2 95 30 11
6  96 98 8 89 37 80
1  12
4  52 96 75 10
2  44 36
5  28 54 31 60 14
3  56 25 35
4  20 64 68 14
4  66 22 48 2
1  62
1  53
1  9
2  22 41
5  58 14 99 11 44
4  24 90 14 49
2  71 69
6  39 83 48 5 4 95
1  4
4  20 57 69 29
6  90 69 55 47 83 54
4  26 12 82 16
2  31 40
6  99 28 35 81 76 39
6  70 45 88 26 65 95
6  28 84 62 83 31 44
3  89 69 47
5  85 72 100 24 68
6  52 3 79 27 42 63
6  87 50 23 51 94 17
3  22 1 5
1  31
3  39 20 17
6  89 1 57 25 24 87
5  27 66 3 68 28
6  55 77 22 5 71 39
3  92 39 53
6  70 100 33 89 16 18
5  17 74 66 41 98
4  17 25 20 92
3  19 47 22
3  51 92 80
6  84 18 52 78 88 51
1  76
4  29 53 83 3
2  23 100
5  40 24 87 60 16
2  78 62
4  19 13 43 98
1  26
1  63
1  3
1  15
5  80 43 31 62 45
3  85 45 18
2  69 4
5  84 35 61 46 86
5  58 29 78 70 55
6  32 59 96 45 73 74
2  16 4
6  61 52 70 6 94 74
5  77 58 8 38 3
6  17 61 22 95 30 77
6  61 35 83 6 8 56
2  24 60
1  84
1  84
6  81 77 63 54 53 20
4  91 22 55 7
5  77 2 12 54 89
5  89 71 78 96 27
1  20
6  21 3 98 4 92 79
5  54 33 74 94 23
6  49 30 78 26 31 89
5  20 62 67 91 40
4  18 47 82 4
4  85 2 71 77
5  51 31 13 83 4
1  6
6  55 36 76 81 67 65
4  86 26 76 66
6  93 12 71 97 78 56
6  49 33 78 99 63 90
5  67 96 87 65 51
2  41 31
6  5 90 75 31 16 51
6  5 44 7 76 40 85
2  38 34
4  15 32 26 5
1  92
1  100
4  52 22 97 83
1  1
5  85 32 89 35 27
6  79 34 68 18 19 99
4  52 61 71 83
6  76 96 78 95 35 28
1  31
1  27
2  82 12
4  70 47 89 63
2  23 30
3  41 29 98
6  89 69 75 76 44 71
4  19 65 88 46
5  18 56 8 49 38
2  12 8
4  100 70 91 23
6  33 64 28 31 56 17
6  31 92 42 1 46 61
4  33 6 47 51
4  55 99 74 10
1  39
1  76
2  33 76
4  96 3 92 51
2  90 81
1  32
5  57 92 47 89 98
6  40 59 48 38 58 21
3  64 60 58
3  89 91 14
3  86 17 42
3  37 32 17
3  63 99 5
4  45 94 52 38
2  11 86
5  68 6 19 31 66
5  70 54 67 84 4
4  1 45 88 37
5  4 85 40 2 89
6  47 82 45 85 14 55
5  84 23 76 2 54
3  78 24 94
3  7 98 95
1  43
5  44 19 86 28 58
6  16 51 34 97 96 19
1  51
6  94 73 63 96 26 3
5  49 97 17 56 95
1  63
3  93 7 56
5  34 14 66 50 65
6  46 60 18 56 10 6
3  83 68 45
1  71
2  58 68
2  14 62
3  76 99 37
5  54 15 16 67 81
4  31 80 11 91
6  67 1 3 16 83 71
4  92 41 78 49
1  11
4  71 55 38 69
6  19 23 6 35 89 86
6  20 66 9 11 64 75
1  66
6  94 36 51 85 77 28
2  85 39
6  56 93 33 24 84 52
3  89 86 35
5  84 55 41 93 65
1  68
5  69 58 68 5 9
4  81 37 86 66
5  81 21 68 13 45
4  64 91 39 49
2  14 33
5  54 25 45 57 93
2  25 50
6  29 59 40 10 95 25
5  70 5 96 37 17
3  88 81 31
2  29 56
3  61 36 93
6  80 49 78 99 74 28
6  3 86 25 12 81 49
6  51 54 83 88 71 23
5  51 53 1 79 9
3  40 44 33
2  24 82
1  22
4  31 7 57 17
2  69 98
5  56 48 34 39 36
1  61
1  54
1  11
2  22 51
5  66 84 97 89 65
6  10 19 30 17 76 46
3  45 44 28
6  91 61 38 26 64 99
3  18 12 47
3  34 98 21
6  81 18 87 45 97 64
3  14 40 93
4  84 36 88 27
3  22 53 13
2  89 30
2  35 79
4  33 99 64 13
1  51
4  34 48 22 81
4  61 74 21 44
1  9
2  36 58
3  89 70 69
5  99 1 12 77 66
3  76 29 56
6  80 14 26 27 35 6
6  95 80 8 39 89 17
4  24 74 15 13
3  84 89 42
5  100 18 49 43 94
5  99 86 57 12 11
5  46 17 70 41 96
5  79 84 94 45 8
5  60 20 10 43 9
4  26 8 69 74
4  62 51 49 48
1  61
4  90 7 74 60
3  70 37 26
4  30 71 61 97
2  80 7
5  89 58 98 96 27
5  46 88 23 95 36
2  55 93
2  61 67
5  8 36 15 33 89
3  4 49 41
2  29 48
1  17
1  3
1  32
5  59 20 96 53 55
2  8 47
3  69 14 21
5  50 35 10 39 79
1  87
2  46 16
5  50 33 73 52 46
1  26
1  23
2  57 77
3  65 24 89
2  37 9
1  87
3  19 25 22
2  12 42
5  28 9 27 60 81
5  6 84 4 9 7
2  66 83
5  30 7 59 63 44
5  72 30 11 91 54
2  22 66
5  98 93 83 24 53
4  3 58 48 6
4  54 31 36 1
4  42 60 23 85
2  94 15
3  85 69 70
1  34
3  4 26 27
2  78 90
2  35 37
3  1 90 66
2  26 67
6  68 26 14 53 52 8
5  89 92 35 59 97
5  3 1 94 29 28
5  19 58 6 55 93
1  45
4  38 71 25 29
3  51 42 91
1  49
4  91 41 93 49
3  61 52 38
4  80 65 26 99
2  31 53
1  37
6  73 74 69 98 2 7
3  44 97 50
6  55 40 33 48 89 70
1  40
1  63
2  72 88
2  93 18
5  8 55 69 81 29
3  78 30 43
2  74 40
5  66 94 14 98 42
1  67
3  43 74 12
4  45 99 80 38
2  51 45
5  19 25 100 55 2
2  97 27
1  37
1  69
2  15 66
5  18 33 21 60 6
2  22 50
2  2 88
3  52 32 20
5  57 19 25 59 48
2  85 51
4  86 19 87 1
6  59 18 17 79 78 23
1  99
5  42 100 60 90 52
6  9 21 48 28 45 6
5  66 91 25 23 77
3  10 77 27
5  95 44 47 72 66
4  71 38 100 97
6  22 88 99 43 35 26
6  40 1 54 30 25 77
1  68
6  83 95 54 77 38 1
3  3 58 19
3  58 89 36
3  10 23 45
4  57 70 40 97
5  93 26 95 69 32
4  55 14 57 9
6  94 9 39 97 67 57
3  24 45 72
5  55 95 14 7 52
5  46 48 53 39 74
3  8 6 9
4  20 65 70 10
4  79 48 55 45
1  91
5  49 62 37 4 57
4  10 8 34 56
4  86 95 30 33
1  35
3  64 55 6
2  65 11
1  19
4  17 10 23 65
5  60 69 28 10 78
3  43 34 91
2  28 21
4  30 56 2 93
1  8
2  74 73
3  86 92 2
1  14
4  72 73 35 99
5  13 34 26 47 25
4  75 46 15 4
1  17
6  10 25 22 84 97 58
5  89 49 71 63 38
4  36 73 59 18
6  93 44 32 18 97 6
4  12 9 64 29
1  74
4  27 57 50 84
2  38 33
6  27 95 35 87 31 7
3  49 92 39
6  23 56 88 28 19 100
3  82 28 42
4  81 69 12 30
4  38 68 85 35
6  80 70 81 10 76 26
4  68 64 49 90
2  37 17
3  36 54 20
4  96 75 44 64
6  74 15 25 41 100 59
3  80 28 16
6  4 41 47 71 5 96
4  25 33 78 63
5  31 83 32 26 58
5  89 44 48 4 69
6  4 27 24 83 55 39
5  59 80 18 30 85
1  90
1  46
4  71 14 97 54
3  23 11 19
1  55
4  15 23 56 18
3  79 1 5
2  72 64
6  89 93 81 3 82 48
3  60 61 45
1  5
5  25 24 78 79 91
6  2 46 11 52 24 57
3  82 20 38
5  12 18 73 94 7
2  42 67
5  86 80 53 4 9
2  83 99
2  85 45
3  36 69 45
6  10 27 12 47 98 24
4  71 18 91 59
3  72 45 17
4  97 21 66 28
1  65
4  88 9 85 24
5  30 16 86 57 28
2  54 52
6  24 69 67 15 27 5
6  71 21 43 68 42 8
6  45 72 47 32 81 55
4  61 71 43 18
6  75 71 49 72 95 18
3  9 44 43
6  15 63 37 83 5 44
5  49 16 25 80 96
4  35 53 17 6
6  34 4 71 5 53 42
6  70 80 8 13 23 2
2  85 38
1  90
5  88 38 97 13 17
6  69 52 46 85 57 42
2  60 12
2  12 54
2  81 34
2  94 56
2  22 41
5  32 30 50 20 67
3  32 84 40
6  35 85 92 27 4 52
3  27 63 92
3  44 26 77
3  81 7 60
2  75 91
4  25 10 18 71
3  1 10 41
3  95 25 28
2  28 79
4  54 42 51 2
6  76 79 24 57 86 83
5  61 73 29 85 83
3  55 24 47
4  65 82 60 89
1  81
1  88
3  71 30 91
5  15 67 51 38 24
3  21 2 96
6  30 80 76 75 35 100
2  100 64
1  60
4  13 40 69 100
5  39 30 71 11 44
3  61 82 96
1  62
6  95 91 71 66 6 70
6  5 33 90 64 85 3
