100 5000
243000
433500
296000
107000
5000
257000
497500
15500
300500
27500
263000
44500
382000
407500
444000
81500
107500
393500
394000
33000
216000
26500
170000
254500
8000
130500
181500
379500
17500
36000
90500
261000
470000
387000
368500
475000
144000
366500
491000
445000
394000
254500
489500
276500
162000
434000
358500
270000
328000
252500
303000
44500
279500
473500
299000
287500
104500
481000
167000
122500
17500
258000
384000
487500
145000
252500
463000
289500
119500
454000
234500
13500
208500
224500
290500
371000
159000
149000
141500
487500
402000
445000
32000
181500
418500
331500
469000
23500
312500
136500
146000
330000
394500
30000
318000
40000
282500
281000
329500
402000
3  13 84 89
4  42 64 90 72
6  88 52 81 94 65 61
5  69 23 10 99 89
6  5 53 97 61 9 63
3  56 76 25
3  33 67 8
2  38 100
1  89
5  4 77 44 64 59
1  87
5  12 76 57 16 28
4  77 37 15 18
6  90 43 37 23 9 45
3  46 44 55
3  24 59 12
5  23 70 80 9 38
6  84 94 7 12 47 83
3  61 1 40
3  43 76 73
4  20 18 97 64
5  31 87 42 54 53
1  34
4  50 25 46 44
2  57 90
1  5
4  14 44 1 57
2  73 7
3  90 4 2
4  34 89 93 76
3  45 88 75
1  37
6  53 81 30 9 71 43
1  21
4  57 22 13 76
6  20 14 83 23 16 45
4  4 37 32 46
5  19 20 88 56 40
3  48 49 7
6  62 28 48 18 49 61
6  42 81 8 25 4 24
5  60 27 6 92 73
6  11 92 76 67 10 15
1  58
4  9 49 26 36
6  44 85 57 37 26 38
3  51 41 67
2  1 94
2  92 66
1  3
4  88 69 68 3
5  26 67 80 74 92
1  71
3  100 27 72
2  65 16
5  5 83 96 77 21
6  43 34 99 100 21 68
5  23 39 93 89 18
4  81 34 37 16
2  63 87
4  28 3 35 32
6  30 37 61 51 34 3
6  32 3 5 100 70 27
3  62 16 56
2  97 89
4  12 22 26 99
5  54 1 14 85 44
2  46 95
4  49 78 87 51
5  86 21 9 24 82
2  79 9
2  68 72
2  90 98
2  69 51
2  83 35
1  27
4  62 21 11 99
6  62 81 82 90 5 63
1  84
5  36 51 42 68 41
3  98 9 90
2  92 25
3  19 81 6
3  91 17 38
6  78 19 69 59 8 74
2  22 57
6  57 8 35 25 48 74
2  57 63
4  49 87 95 68
5  1 7 58 17 45
3  95 63 13
4  70 86 75 92
3  67 49 51
1  73
6  75 95 55 37 45 4
2  40 71
6  41 78 48 58 22 93
4  84 5 54 91
5  46 33 47 94 84
3  67 82 22
4  37 59 6 41
5  46 11 73 86 89
2  43 10
1  95
6  17 100 47 8 80 93
3  26 86 24
5  53 5 95 14 41
4  19 81 35 64
6  7 50 80 28 93 90
3  88 83 57
6  30 64 66 22 4 92
1  27
4  61 31 59 74
5  12 92 53 46 56
3  53 6 24
5  98 14 20 86 96
5  72 26 40 38 48
3  29 56 70
6  16 1 52 89 72 63
5  25 9 36 69 61
3  92 41 40
1  60
2  1 36
6  27 75 34 74 18 63
2  87 56
3  88 8 33
4  70 13 83 79
3  52 39 90
3  79 29 49
3  54 50 74
3  76 49 84
3  66 46 78
4  2 22 40 9
4  99 79 67 82
4  15 33 96 5
5  75 34 25 13 87
5  87 36 50 20 99
1  65
5  54 67 99 94 75
4  93 54 19 74
1  33
1  6
3  83 80 70
1  93
4  80 93 30 15
1  28
1  76
1  70
3  2 63 17
4  55 71 72 29
5  5 35 86 42 17
4  11 24 59 68
1  38
4  33 53 71 60
5  47 64 38 89 66
1  6
2  55 76
6  84 56 96 19 42 37
3  8 48 59
4  15 62 4 75
6  57 45 55 25 91 19
4  79 84 62 4
1  60
6  100 16 91 18 57 28
4  65 76 12 31
6  74 34 65 68 90 9
2  14 100
3  76 78 25
3  62 28 53
2  23 53
3  14 71 93
3  24 58 17
3  88 7 9
2  71 77
1  80
6  26 79 39 1 56 63
3  18 91 39
1  43
5  27 13 67 37 25
5  72 12 90 80 33
4  56 45 39 54
5  17 93 70 73 55
1  90
3  97 29 59
3  3 85 53
5  51 89 94 34 61
1  23
3  38 83 96
5  22 49 51 39 42
2  12 97
2  2 42
2  30 100
4  32 84 17 1
3  6 94 69
4  99 92 6 36
5  1 18 96 50 69
3  91 90 46
6  17 47 28 42 76 27
1  7
1  23
1  46
2  1 14
6  99 5 100 35 80 52
5  49 21 9 39 10
4  25 27 1 53
5  77 80 75 84 90
6  91 35 26 92 49 20
6  54 19 25 33 18 77
1  67
6  16 6 7 71 30 34
5  83 2 48 62 76
2  52 73
2  86 98
1  34
2  2 88
3  27 20 54
1  27
2  100 43
2  6 13
4  39 84 37 41
2  99 16
4  50 88 82 36
6  94 70 3 96 57 38
2  76 92
2  3 12
2  46 36
2  58 91
5  42 28 8 72 27
2  33 76
1  14
1  97
1  80
6  3 37 25 12 29 49
1  40
5  60 75 1 18 66
5  59 94 75 31 20
6  63 95 9 77 6 84
6  5 87 21 41 11 33
5  60 48 9 31 7
5  31 25 49 99 83
3  74 13 62
5  76 56 81 52 61
6  36 46 90 22 67 31
2  100 92
3  8 23 54
6  54 78 40 52 60 82
2  73 43
6  48 99 77 100 60 63
3  5 52 56
5  83 89 71 82 81
2  90 4
5  81 57 48 20 9
1  2
3  81 44 31
2  43 8
2  2 70
4  6 22 18 78
1  6
3  87 66 76
6  36 57 46 84 77 55
6  78 89 72 22 20 100
4  27 65 97 88
5  19 5 48 23 10
6  9 97 61 85 86 41
2  80 17
6  71 95 75 42 16 94
3  79 20 67
3  17 54 14
3  59 62 58
5  58 66 65 18 51
3  15 91 81
6  7 67 64 1 41 5
1  34
3  96 54 12
3  70 65 53
1  23
1  62
6  72 28 56 90 78 5
1  68
6  97 75 52 61 76 92
4  93 25 10 88
5  21 27 48 86 80
4  9 94 14 100
4  41 55 19 60
4  86 45 55 61
6  16 37 87 80 29 11
6  17 89 11 43 36 96
2  87 4
1  1
1  81
3  58 36 59
2  94 45
4  49 6 57 64
3  43 44 71
4  33 88 42 43
2  78 39
4  64 43 68 65
3  49 5 4
6  64 21 77 9 83 26
1  39
6  56 82 32 27 35 65
1  77
1  44
4  47 96 18 89
4  82 35 12 87
3  96 51 59
5  59 41 98 73 80
6  29 61 18 56 96 83
5  73 91 13 27 37
1  45
2  73 27
4  84 13 97 80
4  56 52 22 97
3  95 76 35
2  37 53
5  33 35 48 5 25
4  32 61 69 76
6  42 2 45 25 15 41
1  78
6  56 100 93 4 95 68
3  18 4 91
6  36 25 44 41 50 4
5  11 73 48 96 14
3  40 39 64
5  43 42 77 98 69
1  36
3  40 54 30
3  76 54 93
1  4
6  88 14 68 35 9 81
5  49 20 47 29 62
6  5 59 30 73 60 66
1  99
2  47 28
5  23 82 61 38 85
4  25 99 24 60
1  5
3  55 24 89
5  85 77 88 43 7
4  3 72 68 1
6  15 29 59 37 11 19
5  95 75 99 93 98
4  100 2 1 55
2  90 38
1  67
2  52 73
6  54 45 52 55 36 66
5  94 2 93 13 76
6  88 75 81 85 32 87
2  35 12
2  73 20
6  98 72 60 82 25 5
2  80 40
6  63 34 100 56 47 76
3  34 50 24
2  82 5
1  14
3  16 35 12
3  22 9 7
5  91 32 86 24 12
2  22 74
4  22 29 6 97
5  39 46 96 58 28
6  62 41 39 78 76 51
1  98
4  21 79 50 53
4  73 64 91 94
3  50 15 66
4  11 37 94 57
2  51 84
2  13 25
5  91 100 20 4 97
5  24 76 28 77 41
6  40 31 93 77 80 8
3  35 18 78
2  75 10
5  58 41 91 83 10
5  82 30 84 79 8
1  54
3  84 95 34
2  26 27
6  6 34 41 40 52 19
4  26 28 45 84
5  35 66 78 15 48
1  99
2  14 6
5  49 90 75 83 13
6  9 13 5 43 53 44
6  71 11 20 99 55 4
4  89 70 45 4
1  52
1  43
4  8 23 14 98
6  96 11 5 23 100 48
5  44 42 46 54 62
3  9 65 11
6  34 56 2 51 7 3
6  72 11 15 85 9 81
2  7 86
3  7 33 17
4  75 63 4 36
1  13
6  19 10 34 74 12 84
5  15 77 51 25 91
3  34 2 17
4  9 3 94 15
3  11 65 10
5  69 45 80 82 98
6  78 72 3 62 51 17
3  2 42 28
3  75 30 54
2  38 56
2  52 91
2  17 100
1  86
3  84 67 89
5  58 67 53 60 28
1  76
4  6 17 93 43
6  22 97 18 59 53 39
1  44
5  28 44 73 13 88
4  79 77 38 36
3  91 96 70
6  71 35 100 88 27 43
5  49 39 96 8 92
3  19 35 3
3  78 76 58
4  32 36 42 70
5  85 61 67 55 38
6  54 25 16 97 3 64
3  99 72 27
2  90 61
3  35 39 11
6  4 43 29 46 12 100
2  72 67
6  26 4 73 80 28 89
5  31 53 12 29 24
3  62 13 99
6  48 38 8 40 42 50
5  87 61 68 17 33
3  1 59 38
5  38 66 61 14 96
1  26
2  37 64
6  49 62 83 97 100 90
3  41 39 4
2  100 72
3  33 6 45
6  43 17 29 8 78 4
6  68 28 27 31 14 76
6  97 73 92 86 9 33
2  13 60
2  84 4
4  89 48 47 32
4  76 40 42 18
3  33 85 71
4  16 84 36 8
5  8 100 66 16 32
6  29 92 15 12 95 72
1  42
2  32 7
6  71 49 11 14 81 96
5  41 11 67 76 19
3  84 18 13
6  50 3 28 41 17 39
3  88 40 77
1  72
5  99 43 31 10 56
1  5
3  52 15 6
2  33 53
1  51
4  10 100 67 37
3  84 76 75
5  16 51 78 87 34
5  29 65 86 85 76
6  24 28 5 30 55 38
5  66 89 47 76 88
1  13
2  97 89
1  68
1  53
3  90 86 22
2  51 7
1  27
6  27 54 2 56 9 40
3  75 28 84
3  15 97 62
3  93 50 44
4  54 96 6 43
5  27 62 32 34 65
4  31 91 12 33
3  21 72 83
6  100 66 45 14 62 7
4  54 56 99 15
1  95
2  52 76
3  14 7 81
5  65 12 68 77 44
1  97
1  96
6  15 61 36 29 22 42
6  76 98 84 90 7 78
1  59
4  58 72 60 39
3  25 50 17
1  94
2  98 10
2  90 25
6  25 53 7 67 38 82
4  21 72 71 98
5  30 51 39 1 11
5  50 35 27 66 36
2  95 34
2  19 23
4  4 48 7 10
1  44
6  79 65 63 50 45 14
5  80 24 60 29 59
6  94 6 89 28 35 8
3  89 11 98
6  21 12 39 91 3 74
3  65 18 78
1  98
1  60
2  60 46
2  54 52
1  81
6  16 31 75 27 29 69
3  40 8 58
2  10 32
5  75 50 88 53 85
4  10 14 56 30
5  7 38 48 94 54
5  68 80 8 37 27
3  44 84 78
4  16 47 28 65
3  81 15 18
3  24 28 49
5  58 16 86 96 64
5  49 43 47 28 50
5  54 97 27 38 74
5  53 20 8 18 54
6  32 72 23 56 100 71
3  57 86 21
4  49 100 91 47
2  40 30
5  37 56 20 10 36
5  30 43 90 83 31
2  55 54
5  54 24 13 11 10
2  62 58
2  62 49
5  90 89 9 71 26
4  91 35 100 63
4  43 52 48 74
5  2 27 51 55 50
4  65 60 96 27
2  28 89
4  8 79 55 16
3  80 81 40
1  80
1  79
2  53 26
6  26 28 22 76 82 72
3  47 31 34
5  48 62 63 13 69
3  68 85 90
3  65 29 62
3  30 40 66
5  66 61 9 93 83
6  75 54 23 22 84 57
6  31 18 58 44 86 98
1  70
6  58 35 16 19 78 46
4  44 29 25 5
3  17 88 22
6  41 45 13 25 1 8
4  18 65 99 4
4  10 74 50 68
1  65
6  86 11 46 30 40 70
3  77 87 22
6  78 63 43 90 87 44
6  42 62 41 65 24 51
3  73 19 47
3  5 33 48
4  62 87 20 97
4  6 18 62 83
5  4 72 67 48 69
1  9
2  50 74
4  100 12 26 18
4  63 23 91 10
5  53 97 92 49 60
6  67 21 80 48 25 52
1  72
2  23 81
4  72 54 4 66
2  89 24
6  11 15 1 84 67 98
5  16 57 72 83 78
4  30 3 4 44
5  24 66 55 74 38
1  77
1  73
1  98
6  97 9 11 92 78 95
4  94 52 39 76
2  90 5
2  93 49
1  17
1  60
6  52 68 67 61 41 73
4  37 69 66 48
4  58 26 60 24
2  11 63
6  40 53 99 72 45 48
5  62 37 52 13 5
2  73 45
6  31 82 59 97 29 25
4  54 85 78 73
6  40 66 36 92 65 7
3  12 84 99
5  21 50 86 25 68
4  70 58 90 51
1  86
5  42 40 34 26 17
1  21
4  72 56 49 36
4  86 48 47 84
2  68 33
1  93
6  65 62 58 55 13 75
3  92 16 79
2  41 96
2  62 53
1  18
1  37
5  87 85 27 70 5
6  3 12 86 2 77 48
4  31 60 34 70
4  49 76 90 45
1  51
6  7 68 98 44 48 85
2  74 55
2  68 57
3  53 59 20
6  18 50 60 51 20 11
6  69 86 89 13 92 39
1  98
1  8
3  54 92 69
2  46 2
6  3 45 48 61 65 78
1  7
2  34 18
2  2 4
1  15
6  56 24 93 62 32 34
1  23
1  44
5  4 39 71 48 86
2  13 34
1  27
3  38 60 58
4  62 61 82 77
4  37 100 48 99
2  82 14
4  84 58 22 87
6  93 35 81 23 47 15
2  74 55
5  34 13 95 74 15
5  29 52 71 77 50
1  58
4  55 41 21 77
2  16 69
4  97 92 10 12
2  83 67
6  17 79 26 11 52 40
5  80 92 53 57 41
4  14 5 9 55
2  86 83
3  55 45 38
3  55 50 70
3  16 61 54
6  86 65 46 26 47 17
6  82 58 53 95 63 62
3  88 47 32
2  1 77
5  47 31 16 17 68
2  77 21
2  63 85
5  89 31 95 6 30
5  64 83 71 26 44
2  14 90
4  43 91 27 10
3  58 25 54
2  57 31
3  81 94 31
4  82 62 46 88
6  22 51 74 93 77 17
1  91
1  63
2  98 90
3  35 47 67
6  72 23 19 18 4 12
3  55 94 10
1  81
1  23
2  75 15
1  92
2  99 98
6  31 96 78 73 30 25
3  18 97 63
3  14 66 47
4  21 41 72 73
3  52 48 58
4  39 84 58 37
5  89 32 50 61 75
6  79 71 63 14 85 28
4  46 49 1 18
5  22 91 12 73 38
5  33 76 53 90 13
2  79 44
5  40 5 49 83 19
1  97
1  29
4  49 78 58 67
3  79 57 59
4  94 28 85 70
5  75 82 4 53 26
5  92 30 26 31 12
3  32 8 48
4  65 96 38 22
4  84 1 19 42
4  13 69 37 83
3  11 65 53
4  90 31 55 19
4  85 30 1 17
3  48 77 1
3  14 23 6
6  24 25 39 77 37 8
1  20
4  24 84 8 87
5  38 42 91 94 27
2  95 43
4  43 19 58 86
2  80 92
2  4 17
5  80 53 76 93 72
2  17 55
3  4 28 77
3  18 71 38
4  13 94 7 32
4  93 64 31 85
6  35 1 61 14 54 36
1  26
4  23 81 5 26
1  81
5  26 51 41 63 16
4  56 23 85 7
1  48
3  1 41 72
1  1
6  55 36 91 80 2 14
4  6 39 68 87
1  93
3  49 55 53
1  11
5  87 18 90 35 55
6  75 27 91 12 45 11
1  25
1  16
6  18 54 52 5 62 45
3  11 99 93
1  10
5  99 27 58 33 82
3  8 38 83
2  82 93
2  7 6
3  91 24 42
2  52 87
5  63 86 62 75 95
2  74 22
6  7 3 33 14 11 70
6  30 52 89 51 58 94
6  48 17 78 90 45 29
5  13 92 61 74 66
4  2 39 77 87
3  80 19 59
6  89 54 20 40 43 71
6  37 58 44 54 35 34
6  64 9 10 55 70 83
2  25 84
4  2 71 5 81
6  63 71 78 17 91 60
4  14 96 19 58
3  53 91 46
1  100
4  72 69 38 92
6  21 52 95 92 57 76
5  20 47 59 36 38
5  96 99 89 91 17
3  40 70 37
6  86 36 41 58 5 78
3  98 99 1
6  90 57 68 71 77 15
2  13 52
1  8
3  95 99 67
3  38 36 77
2  22 13
4  79 17 41 28
1  39
2  7 29
6  75 100 62 89 30 74
3  35 81 90
2  80 56
5  17 92 46 40 13
4  3 91 75 44
2  88 83
3  95 12 32
5  11 94 57 41 67
6  75 48 88 4 28 44
5  44 35 19 84 47
5  87 38 51 31 56
3  13 3 33
2  35 1
3  28 58 75
6  55 50 43 54 70 86
2  14 20
3  97 67 23
6  4 73 14 60 12 27
4  44 51 97 45
6  24 3 60 19 58 10
4  100 64 30 85
6  43 5 36 40 71 58
2  75 31
3  35 42 64
6  86 14 94 31 99 18
2  59 36
6  69 96 90 33 25 75
2  68 79
4  7 49 16 30
2  47 67
4  88 31 55 74
3  48 4 44
4  37 3 1 27
5  96 16 3 21 90
2  89 68
5  96 17 99 26 41
3  92 99 34
2  54 7
4  2 11 10 67
3  13 67 73
5  63 88 86 83 77
1  72
3  95 67 62
6  92 2 39 84 1 72
1  54
5  73 55 89 82 22
3  95 88 7
5  50 95 63 33 72
5  5 16 69 71 78
4  62 79 1 45
5  72 51 33 50 23
6  38 5 9 73 99 97
5  76 47 74 38 80
3  12 84 61
5  54 38 42 16 17
3  61 96 14
1  29
4  33 16 1 37
2  73 35
2  52 10
5  25 48 69 60 32
2  40 86
4  81 1 83 23
4  79 36 72 7
6  4 23 99 41 47 72
5  69 24 85 37 49
2  85 18
6  16 47 32 1 13 12
1  96
3  63 74 69
3  81 68 38
1  66
5  49 38 53 18 62
3  54 10 70
3  27 62 54
5  93 54 86 5 56
5  39 18 56 8 52
3  75 90 38
3  67 87 78
2  4 40
4  58 49 27 95
5  89 49 82 2 35
6  58 16 24 76 71 32
2  7 6
1  44
3  83 30 24
1  34
4  59 91 12 86
6  87 74 34 35 56 36
5  41 94 85 65 69
4  96 62 2 12
1  47
6  35 71 97 69 33 55
4  44 41 46 31
1  79
4  70 15 34 11
1  18
5  77 73 71 35 72
6  39 19 79 74 89 75
3  21 30 2
4  70 47 95 85
2  60 54
3  93 64 49
1  39
2  84 10
6  18 82 57 100 60 31
6  35 73 9 64 74 34
2  68 18
3  28 72 85
2  36 33
2  75 58
1  84
4  33 65 37 89
4  97 20 52 31
6  61 95 66 34 29 86
1  47
2  29 18
1  49
4  48 80 28 6
6  11 62 27 76 98 15
3  95 35 91
2  27 51
2  92 85
3  77 86 94
1  15
1  22
4  65 70 43 92
5  37 3 63 78 35
5  17 29 12 8 54
3  59 73 30
3  21 7 29
1  14
3  26 36 6
6  5 49 81 80 85 84
1  47
4  51 25 77 79
3  84 32 75
3  5 85 25
1  14
3  25 56 64
4  61 53 65 10
3  45 94 18
4  41 78 11 65
4  89 2 39 21
5  81 25 80 66 50
6  79 88 16 34 52 76
6  5 41 4 39 85 98
4  45 38 33 55
1  87
3  4 25 65
5  6 90 60 71 39
4  49 27 67 82
5  42 77 83 82 80
2  66 78
5  11 15 9 66 18
6  10 22 20 74 1 25
4  61 95 2 11
3  29 77 25
1  19
1  89
6  81 10 66 58 85 77
5  94 42 90 88 51
1  8
2  12 32
6  73 27 89 83 70 18
4  94 25 79 95
1  79
5  23 45 33 8 21
1  1
4  96 89 13 7
6  37 19 28 24 91 55
1  74
2  30 34
2  55 12
1  68
6  88 90 34 21 97 54
2  98 16
2  86 28
2  82 65
3  10 88 37
4  100 10 88 30
3  6 85 55
2  52 44
1  41
5  26 38 32 52 35
3  73 21 75
6  3 39 46 12 27 82
5  27 91 64 57 34
5  41 88 87 92 32
6  33 9 17 70 40 68
1  87
3  26 61 40
2  100 85
3  26 66 16
4  57 79 9 91
3  49 78 34
3  10 25 72
2  42 58
1  47
3  49 73 5
6  1 5 73 40 30 39
4  82 96 35 90
6  82 38 64 16 78 73
3  50 91 82
6  49 91 38 93 39 10
6  27 10 2 99 50 31
3  5 13 33
3  3 18 21
3  81 36 18
4  76 67 45 58
4  93 48 95 85
6  5 82 13 14 83 12
4  14 49 68 27
5  6 29 99 26 69
5  62 86 33 37 52
5  94 10 70 42 5
4  28 9 36 40
2  19 52
6  33 100 52 59 81 58
6  79 84 55 58 45 41
6  82 93 68 76 2 38
1  6
6  44 14 28 84 36 46
3  21 79 34
5  37 15 31 24 94
1  79
4  59 19 42 41
1  10
1  13
3  33 19 39
5  33 66 60 69 12
6  89 90 28 62 27 43
6  50 36 6 29 87 65
3  29 5 58
3  21 71 86
4  90 24 30 22
6  89 91 1 83 80 90
1  41
1  53
2  66 89
3  94 76 3
3  4 7 99
3  28 70 81
4  51 10 81 40
6  71 40 82 51 30 92
6  45 23 11 34 61 5
1  63
3  13 70 44
4  97 13 83 77
5  33 87 52 73 85
2  13 66
5  42 58 64 87 3
6  97 36 47 1 44 10
3  57 80 89
1  76
1  94
4  73 27 39 25
6  24 48 11 89 21 52
3  84 38 49
5  35 84 17 36 28
2  81 84
1  70
6  82 72 89 35 45 15
5  69 13 96 17 24
6  37 76 31 21 14 80
6  48 63 8 84 91 35
4  75 40 34 70
2  6 58
4  50 72 29 19
6  25 35 8 9 72 84
3  92 97 20
5  44 83 90 28 73
2  92 48
4  26 17 86 31
5  41 80 47 69 98
2  94 32
3  2 4 23
3  95 19 61
5  63 44 67 90 16
6  81 64 55 7 40 37
4  80 16 2 49
1  33
3  46 73 44
3  95 86 44
1  47
2  76 90
6  66 6 78 47 69 32
4  49 71 89 4
4  5 100 18 38
3  63 10 86
1  5
5  54 18 74 93 8
4  58 13 39 4
5  70 56 30 41 45
3  91 49 39
6  66 77 32 28 86 18
3  90 89 93
1  6
4  100 14 28 58
2  66 61
1  35
2  38 76
4  71 67 10 57
5  86 89 3 71 6
3  61 94 34
5  99 100 68 13 27
2  39 93
6  46 27 2 84 3 63
4  69 72 64 25
3  49 13 50
2  18 92
5  12 25 48 11 16
2  52 40
4  44 25 7 71
2  90 73
6  44 41 61 7 66 8
4  79 58 75 96
3  55 7 73
1  18
6  18 40 50 57 100 93
5  7 64 8 96 37
6  40 78 57 47 43 65
1  21
2  76 17
5  31 24 43 34 41
3  51 81 90
1  80
5  90 86 46 97 82
5  93 21 60 50 67
1  14
5  23 36 44 40 5
5  64 48 8 5 88
4  85 77 67 65
4  56 50 5 53
2  87 45
4  46 94 19 48
1  87
5  43 31 11 48 6
5  95 13 78 82 72
4  59 38 27 17
6  77 21 46 8 91 60
4  85 79 1 92
4  72 35 96 82
5  2 55 76 14 33
4  86 95 16 24
2  32 17
6  53 63 5 61 65 14
3  44 14 28
1  86
4  5 67 44 6
2  20 55
5  5 50 92 28 71
2  45 68
5  7 73 37 60 38
3  96 81 64
2  89 49
6  94 16 29 99 37 49
2  91 25
2  40 16
4  10 40 95 78
1  2
3  52 61 87
1  56
5  65 80 56 14 50
2  94 48
4  42 66 57 89
6  82 39 7 21 34 84
3  36 34 89
6  20 90 52 88 55 31
3  69 96 93
6  89 40 63 31 6 19
6  95 16 78 33 22 99
4  5 35 2 38
2  97 58
1  49
3  67 80 88
3  75 81 32
4  21 95 94 26
1  89
2  29 67
4  50 65 19 55
6  21 92 23 18 50 35
4  95 2 45 83
3  19 63 69
5  83 63 75 9 76
4  28 4 31 81
4  96 100 8 95
2  100 18
3  50 53 2
3  54 47 26
6  66 89 59 48 71 22
2  79 97
6  7 1 17 88 55 12
6  62 7 6 24 43 11
5  45 54 31 91 80
2  57 68
5  4 39 1 26 18
6  12 25 98 28 52 40
6  14 46 5 75 70 47
6  46 91 39 77 82 19
6  38 87 76 42 25 77
5  43 73 79 67 71
1  79
2  46 77
3  92 82 11
4  28 96 8 19
3  84 1 53
5  39 57 80 64 33
3  6 26 73
5  32 52 98 78 29
3  69 10 45
2  37 40
3  56 74 21
4  26 2 95 65
4  75 28 90 21
2  95 46
1  71
5  57 69 55 85 3
2  94 47
4  31 87 92 60
1  42
6  14 37 50 71 11 77
4  31 10 55 77
1  26
4  73 94 10 57
6  33 51 43 87 82 29
5  68 89 90 10 74
1  46
2  74 56
6  34 87 10 89 64 25
1  18
6  9 27 54 4 60 5
3  46 86 75
2  54 64
1  63
3  16 9 60
6  64 60 24 50 70 13
1  94
2  31 91
3  58 44 39
2  49 86
4  35 61 86 88
2  99 50
4  15 58 21 5
2  80 28
5  49 41 85 43 68
1  33
1  73
5  42 90 26 27 53
4  87 38 47 10
3  97 71 52
4  91 56 76 71
6  48 20 25 32 62 92
3  95 94 20
5  35 10 97 62 56
3  100 3 58
3  99 28 88
4  18 44 29 89
2  76 8
4  8 70 44 55
4  38 75 36 73
6  33 34 45 89 82 44
6  39 80 89 66 68 42
6  11 71 72 39 47 80
6  55 49 34 9 13 72
5  49 45 67 82 78
1  70
4  56 60 98 35
3  64 2 91
3  13 62 20
4  8 99 41 62
3  75 71 60
3  54 8 90
2  89 68
2  59 27
6  18 25 22 67 89 24
4  36 37 19 55
6  26 53 28 88 100 3
4  59 48 12 67
3  32 55 6
4  13 33 51 31
4  73 98 46 96
4  82 33 74 36
2  99 89
3  87 89 49
3  47 97 56
1  35
6  68 40 51 81 73 1
1  30
5  9 75 69 64 56
1  37
6  20 36 81 67 22 69
1  66
1  13
2  28 47
1  95
6  58 75 59 86 88 32
6  63 1 58 18 2 94
1  22
2  90 88
3  58 4 16
5  16 36 100 63 44
6  50 1 69 9 60 55
6  92 49 58 6 76 93
6  85 14 28 74 2 78
2  5 93
1  21
2  2 84
5  96 33 73 64 41
2  18 37
2  67 95
1  72
5  8 71 55 22 99
2  23 77
4  28 69 63 49
6  65 32 69 61 41 25
1  73
3  43 96 9
3  11 80 7
2  51 62
3  50 91 62
2  51 90
6  14 38 92 79 70 60
3  35 100 63
3  73 5 83
5  13 19 79 93 26
6  44 88 35 93 79 97
2  29 86
1  43
2  4 21
6  63 60 28 22 68 35
2  51 3
3  69 81 33
6  77 76 83 12 69 61
1  87
6  94 99 32 17 3 53
1  65
1  38
2  34 6
4  60 56 65 100
2  45 32
2  21 8
1  33
5  63 40 64 53 33
4  85 50 65 37
4  29 48 98 56
5  4 18 41 60 82
3  84 27 73
1  48
5  6 80 57 68 19
2  21 52
5  5 1 46 41 61
5  89 58 31 70 61
3  11 20 31
4  4 57 23 7
1  3
1  84
4  81 2 79 1
4  60 5 55 6
3  15 81 35
5  11 4 33 60 15
4  90 65 56 46
6  63 50 91 75 33 56
3  28 56 88
6  61 43 94 6 57 74
3  29 85 44
4  44 58 13 33
2  68 79
1  31
2  1 6
4  50 61 95 78
1  83
4  77 25 58 83
5  32 23 10 16 67
5  60 24 82 92 47
3  70 57 81
6  58 86 7 46 53 84
4  35 49 39 60
1  21
3  38 44 50
4  10 19 13 34
1  5
5  51 74 37 31 72
6  16 29 1 62 81 85
2  16 34
4  75 40 84 15
5  27 65 31 37 84
3  70 84 48
3  34 22 87
4  93 81 21 82
3  2 66 67
2  100 29
6  39 12 7 17 71 47
5  55 91 45 38 95
5  59 82 36 52 63
1  73
3  59 75 10
2  91 9
4  83 48 65 90
4  4 60 11 79
1  1
2  52 39
2  24 98
6  60 49 62 76 21 6
3  95 15 59
6  24 12 69 71 77 58
3  80 18 45
4  32 45 82 83
5  100 7 80 66 28
4  41 49 67 75
3  82 33 30
1  44
6  76 20 56 10 100 73
4  58 4 98 40
6  81 40 93 60 39 58
6  100 99 37 67 74 81
3  6 10 52
3  8 28 70
4  37 70 36 90
2  39 88
4  26 69 6 19
2  45 76
1  45
5  53 11 48 34 58
4  44 10 4 51
3  74 14 73
3  49 63 70
6  51 37 14 19 42 32
3  87 8 63
2  82 16
3  30 49 99
5  92 8 87 43 45
4  56 18 2 5
5  72 93 31 8 6
3  50 37 96
3  45 59 67
2  74 8
4  23 6 39 14
1  26
4  58 85 11 76
6  16 56 58 8 87 66
1  36
1  50
2  51 94
6  17 20 64 25 76 86
2  15 99
3  40 55 2
2  66 77
1  81
2  68 89
2  33 2
4  48 52 85 98
3  75 15 66
3  39 41 25
5  55 24 12 95 78
1  18
3  90 28 24
2  95 13
3  28 14 93
5  66 78 72 12 53
6  77 92 25 18 16 93
5  39 5 67 16 18
6  59 8 12 83 29 7
6  68 34 8 61 74 39
5  85 92 65 62 83
6  79 98 83 52 36 87
2  52 5
1  10
1  14
6  40 20 87 8 53 95
5  60 68 7 39 52
6  4 13 81 94 92 78
5  43 14 62 61 65
4  63 75 78 76
4  18 96 53 26
3  47 94 8
1  1
3  67 99 51
5  79 44 71 57 19
1  70
5  74 34 47 36 9
2  12 75
3  7 28 68
4  75 62 89 8
4  61 58 34 40
1  4
6  20 18 66 1 91 99
3  27 8 72
3  83 14 45
1  81
6  84 42 60 73 4 68
2  64 26
4  3 27 64 99
3  82 64 47
5  63 94 98 70 65
3  52 78 81
4  58 79 46 100
3  18 3 6
3  67 32 4
5  59 68 5 49 32
4  21 95 45 19
4  9 55 16 87
3  78 45 13
2  44 51
3  47 57 84
1  88
6  82 47 56 50 51 5
5  3 25 75 47 43
3  55 97 41
2  33 85
3  55 29 94
6  75 51 78 87 39 66
5  85 21 18 36 25
6  38 50 74 84 93 12
3  90 67 80
2  99 65
4  54 94 58 49
5  8 26 55 46 92
2  31 12
3  66 37 39
1  87
1  88
5  24 27 68 91 6
6  89 71 51 43 64 8
6  32 16 17 86 61 8
1  92
2  49 57
4  88 61 43 99
3  21 23 75
6  13 80 76 2 51 27
3  15 34 35
3  49 52 31
1  60
3  1 80 89
4  36 76 19 79
5  67 100 97 41 88
1  21
4  11 71 90 55
6  23 90 30 72 41 61
5  100 1 83 79 89
3  15 64 58
6  39 24 93 36 64 80
3  84 43 56
4  32 11 39 55
6  69 27 41 30 8 90
2  18 30
2  82 88
2  20 12
2  56 76
6  100 60 41 56 14 73
4  53 28 65 22
4  6 51 62 46
5  52 65 97 81 98
5  69 24 99 80 42
4  56 40 53 15
5  8 29 54 74 81
5  39 2 35 44 52
6  89 32 48 53 29 51
1  97
5  5 77 16 59 32
4  11 47 36 19
5  89 92 55 70 31
4  4 74 9 100
4  40 47 16 69
5  66 76 73 40 81
3  55 39 81
1  50
2  46 69
1  35
4  56 4 91 13
1  64
2  7 26
4  54 41 29 7
1  1
3  85 50 1
2  31 11
5  58 57 41 59 91
1  14
6  91 26 1 54 47 7
5  8 60 21 37 88
2  41 89
5  25 39 74 48 69
6  20 26 40 61 84 31
4  98 24 52 6
5  31 85 78 90 6
1  77
2  55 66
1  80
1  78
2  73 62
3  99 2 7
5  32 68 80 56 19
1  80
2  74 10
1  52
6  14 66 76 46 20 41
3  99 45 28
2  17 89
5  15 91 80 97 22
3  77 65 81
4  89 55 66 97
1  64
1  71
3  56 91 80
1  89
2  33 15
3  22 87 56
1  66
4  34 12 30 11
5  10 67 66 64 32
4  70 95 73 40
3  28 30 14
2  19 37
4  33 78 88 20
2  99 85
6  33 97 14 43 74 24
1  39
6  41 2 56 36 74 96
5  1 26 82 34 45
2  99 78
6  86 97 29 85 82 14
1  78
2  60 52
4  69 91 38 9
6  93 44 65 89 13 14
6  99 59 13 97 36 9
5  32 37 67 13 50
5  91 77 43 42 28
1  32
4  19 24 58 63
6  46 75 53 60 69 51
2  81 48
4  89 30 85 26
6  98 76 79 88 53 22
2  80 32
4  44 51 85 2
1  72
3  87 25 7
4  75 25 36 22
5  25 51 63 50 47
4  26 48 78 47
5  57 79 38 1 29
2  2 42
6  49 29 18 55 83 92
5  19 14 58 43 65
2  93 12
5  19 37 26 96 84
1  53
4  40 53 91 61
4  32 54 3 60
5  58 43 63 38 62
5  95 5 42 14 98
4  93 16 90 19
1  74
2  64 35
4  16 26 21 71
4  74 73 18 45
2  61 8
5  22 84 62 26 75
2  78 68
3  68 86 50
3  6 13 76
4  28 1 85 99
4  59 71 76 4
1  36
1  69
4  95 31 83 20
1  6
6  73 45 65 58 94 5
4  6 80 28 34
5  13 32 39 72 3
1  75
1  50
6  73 7 81 3 90 1
1  96
6  80 40 63 38 34 68
1  40
3  28 73 41
1  67
1  7
5  87 11 31 72 83
3  53 86 27
4  93 22 50 73
4  13 11 96 80
1  35
2  39 7
4  79 12 21 91
2  1 78
2  31 50
1  68
1  96
6  54 89 16 4 62 78
1  72
5  95 83 8 22 21
1  75
6  26 96 90 44 67 72
2  16 82
6  18 78 87 71 67 2
5  28 80 90 100 53
6  82 60 6 3 74 81
1  99
5  92 42 71 59 13
6  75 95 90 92 72 77
4  38 78 36 66
4  25 66 10 48
5  15 50 42 95 52
3  71 43 82
3  1 95 38
5  89 28 67 61 4
2  99 82
4  64 39 89 30
3  98 77 17
1  27
4  7 78 99 77
2  81 18
2  75 56
6  64 83 62 25 87 90
2  68 53
6  6 41 16 54 39 93
5  51 19 29 57 96
2  34 16
1  52
3  83 8 31
3  91 93 71
5  82 93 44 34 79
3  75 95 3
1  87
5  63 5 2 20 1
2  54 16
3  5 52 19
1  83
4  3 75 35 79
4  28 22 90 7
5  64 1 74 76 88
3  39 93 49
4  93 78 11 8
1  16
4  33 28 42 98
2  16 32
1  71
4  30 60 66 1
2  66 75
6  54 22 38 46 71 95
3  48 6 46
4  21 6 95 49
3  92 79 62
2  87 33
5  16 92 49 17 15
1  91
1  68
1  51
1  83
3  51 31 52
6  93 73 2 87 21 48
5  99 10 2 85 42
6  1 33 17 48 47 7
4  14 19 12 27
1  58
5  32 9 75 24 81
5  11 2 24 89 100
2  90 85
5  75 85 8 7 2
4  54 9 17 68
2  29 94
2  86 72
4  95 46 83 75
2  93 76
3  82 76 78
5  61 53 46 60 52
3  15 5 55
2  73 82
4  66 10 44 38
5  38 83 52 13 4
3  89 49 26
4  27 97 25 79
3  70 39 93
1  53
6  71 83 70 52 41 36
4  85 73 30 23
4  82 35 59 26
2  8 51
6  35 47 12 13 88 82
4  81 98 4 78
5  87 48 21 28 83
5  12 56 35 11 93
5  69 18 93 77 68
5  11 15 92 24 2
5  75 82 71 79 60
3  65 7 60
6  90 41 4 45 52 38
4  44 7 25 62
6  1 29 78 12 43 70
3  45 43 10
2  13 88
6  52 93 11 44 82 47
2  3 84
5  47 90 7 8 88
1  37
4  18 80 35 53
2  77 62
3  90 50 35
3  1 27 53
3  9 4 91
3  6 74 18
4  63 24 60 51
2  97 16
3  76 51 100
6  28 62 49 18 11 83
4  12 10 11 56
2  15 46
4  21 19 71 73
5  94 33 24 29 49
5  4 99 71 3 27
2  51 45
3  34 4 54
3  15 10 62
2  55 16
3  74 86 21
4  80 54 88 3
5  36 74 86 35 45
6  61 78 40 6 20 74
1  74
1  23
5  79 51 38 94 100
1  80
2  66 59
5  53 62 56 88 36
3  23 81 31
5  58 70 89 77 43
6  51 60 20 34 38 70
5  31 69 81 10 89
3  69 62 99
2  18 87
4  59 9 45 89
6  3 59 81 80 1 78
2  60 97
4  98 66 34 28
3  15 38 24
4  6 86 60 35
1  47
6  62 56 45 50 48 47
1  28
2  9 5
4  69 1 19 66
4  52 94 2 66
2  25 27
3  10 86 72
1  33
5  73 88 16 23 35
4  31 62 88 40
4  43 8 68 61
5  35 13 67 36 79
6  60 5 35 69 91 6
5  23 76 54 11 91
5  45 53 7 40 46
5  83 53 41 44 27
5  57 94 10 35 92
5  40 26 38 31 19
4  6 72 64 97
3  9 50 54
1  89
6  88 72 52 29 15 79
1  72
5  14 6 63 83 46
6  21 76 19 39 30 25
1  93
2  58 1
5  12 16 59 11 4
2  63 33
3  41 36 17
1  49
2  76 31
5  64 51 44 83 90
5  7 100 66 28 58
4  98 69 82 57
5  86 87 42 18 32
5  54 48 95 2 70
5  33 37 34 84 80
1  73
4  23 73 18 50
2  84 47
6  65 3 79 51 90 20
5  21 2 22 69 97
2  39 67
4  76 1 40 55
1  12
1  39
6  25 89 15 8 36 14
5  39 92 23 28 12
6  49 14 13 17 10 36
4  77 91 30 78
2  85 94
3  92 33 27
1  21
3  24 56 55
6  95 47 19 22 58 10
5  71 22 87 81 57
3  58 48 71
3  78 56 28
2  48 60
3  64 81 87
6  37 42 84 31 88 3
4  46 13 22 17
3  8 97 92
3  54 39 21
6  17 76 16 36 24 81
6  56 67 75 93 8 59
2  96 62
5  41 74 97 57 8
1  54
6  54 7 37 74 95 50
1  89
5  85 69 61 41 36
3  33 44 94
4  39 55 31 80
2  27 36
3  31 89 34
6  96 71 58 90 24 7
6  12 80 85 81 40 26
1  75
4  60 69 15 98
2  45 77
4  72 13 87 2
1  20
6  97 91 44 87 14 50
6  26 30 72 6 69 97
2  44 56
5  12 70 78 35 14
4  86 85 68 72
6  69 92 73 66 82 17
4  96 67 39 21
6  10 26 65 7 47 8
4  27 19 31 5
4  45 60 39 30
2  11 16
6  2 89 61 84 5 13
5  72 52 100 67 62
2  31 69
5  38 30 99 57 61
1  10
1  63
3  35 90 59
3  85 61 39
3  44 59 23
1  11
2  81 72
3  12 40 19
3  70 17 5
2  20 15
3  82 62 70
5  21 20 56 81 58
1  25
1  61
3  16 71 69
6  42 15 8 82 33 56
4  50 61 82 69
5  17 51 37 86 22
4  5 78 38 63
5  62 64 39 8 79
1  76
5  51 91 82 33 24
3  84 73 98
4  42 73 82 92
1  67
1  66
5  91 3 34 70 65
6  9 72 75 18 48 49
5  39 31 1 63 68
6  35 65 50 77 38 31
5  47 98 81 13 69
5  15 3 41 79 99
3  51 74 66
6  23 34 37 53 99 20
2  34 85
5  10 22 99 78 68
6  58 80 64 29 95 67
5  74 65 18 25 39
5  23 61 17 60 14
4  59 34 69 92
2  36 2
3  34 79 7
2  37 87
6  66 82 60 35 56 25
4  80 63 36 3
2  52 62
3  2 20 70
5  12 88 6 14 27
3  93 34 69
2  21 62
6  2 22 30 58 46 82
3  8 17 39
2  69 1
5  70 21 38 40 32
2  45 46
4  85 38 86 53
4  6 15 61 8
3  90 65 81
5  2 89 88 40 20
4  41 88 26 61
2  65 93
4  9 38 2 93
5  88 46 42 93 60
1  1
6  91 66 77 62 67 65
3  7 85 5
3  72 31 7
6  95 99 48 4 37 49
6  11 36 42 52 29 2
4  29 98 45 94
5  7 61 39 56 67
2  61 13
6  91 20 92 85 18 39
6  54 88 85 65 24 27
2  52 29
5  81 26 15 75 99
2  35 37
5  2 60 37 14 55
2  34 47
1  51
6  1 5 73 85 70 96
1  87
3  40 57 28
4  71 3 64 92
3  1 68 39
4  4 53 15 32
6  61 44 36 46 41 18
2  10 14
3  97 61 80
4  89 44 24 91
1  15
2  7 82
4  67 86 19 81
1  4
3  60 40 87
1  81
1  32
6  19 72 87 79 51 39
5  95 62 59 1 77
6  8 58 53 75 44 72
4  61 75 97 20
1  84
2  95 89
4  85 7 27 71
6  78 10 54 72 12 73
3  99 81 6
4  55 49 22 11
1  97
1  29
1  91
4  5 80 8 90
6  35 60 72 12 70 25
5  41 37 56 88 35
3  93 86 91
3  7 1 51
1  8
5  14 99 32 19 78
3  8 64 74
5  35 86 37 60 69
5  97 25 65 31 61
4  16 51 99 23
4  50 26 59 29
3  57 61 59
3  100 67 98
5  35 33 58 72 93
2  49 89
4  13 20 11 71
3  62 70 58
1  19
6  72 47 24 29 8 82
4  7 49 61 80
5  93 38 54 86 64
1  74
1  15
6  24 86 29 85 55 98
5  70 69 20 93 97
2  75 60
3  23 20 13
1  13
3  58 98 14
4  72 27 75 65
4  60 93 36 14
5  33 87 48 2 7
3  98 34 15
4  67 38 76 80
3  88 30 100
6  43 60 57 69 34 22
2  94 14
4  8 93 88 94
3  89 100 81
6  33 96 43 100 19 79
5  7 8 75 92 50
3  49 19 69
5  38 62 83 93 69
5  81 63 16 69 97
4  96 92 97 95
2  15 74
6  22 82 74 13 32 9
4  50 77 31 88
3  14 81 7
6  61 69 5 29 31 1
5  26 92 80 21 17
6  94 16 75 90 29 6
6  90 56 74 21 44 12
3  24 18 23
6  86 27 13 17 96 43
2  76 63
3  70 57 51
6  32 40 15 37 38 5
6  12 25 36 23 59 60
3  82 44 26
1  57
3  35 53 85
4  28 47 88 98
1  38
5  34 78 98 71 15
1  64
2  27 99
3  85 59 88
4  2 14 74 59
4  8 11 40 61
3  87 48 35
6  86 18 23 63 15 94
5  17 58 4 43 57
4  27 15 40 93
1  53
4  75 9 74 85
3  34 22 82
4  23 67 74 46
2  89 40
1  5
6  11 47 53 63 74 67
1  66
5  55 32 58 63 5
3  11 39 64
3  21 20 67
6  94 13 17 82 52 24
6  48 34 33 1 96 7
5  98 72 50 52 4
1  15
1  48
2  47 12
5  67 31 36 54 25
3  71 7 99
6  93 47 28 26 24 32
1  21
1  63
5  7 70 88 15 18
1  61
2  82 28
4  17 82 84 65
4  90 64 46 83
1  73
1  57
6  40 70 17 43 33 90
3  3 77 63
2  89 24
3  70 51 8
6  33 92 51 85 82 14
2  65 24
1  72
5  99 11 49 16 54
5  5 2 84 81 65
1  70
6  52 40 39 60 26 71
4  76 56 33 90
6  97 13 88 69 92 87
5  41 2 33 23 6
3  6 87 99
1  56
6  61 95 24 20 71 96
4  4 86 36 100
6  23 69 90 10 48 31
1  80
4  17 14 59 3
1  67
4  98 28 53 22
3  73 17 18
5  67 21 54 2 20
4  25 88 42 34
3  72 45 15
2  61 29
5  64 41 50 22 39
5  74 60 24 47 76
3  15 43 61
5  45 81 21 69 62
1  4
3  47 19 59
1  47
3  71 88 91
6  26 68 66 85 91 12
4  31 27 4 92
6  48 72 16 17 40 78
2  44 11
4  62 69 74 9
1  44
6  100 36 22 67 1 7
4  13 67 89 39
5  80 34 18 52 49
2  92 27
4  35 37 18 97
1  91
1  15
3  1 15 70
2  82 70
2  39 82
6  27 21 65 7 54 82
4  3 15 49 29
4  84 66 80 71
5  85 86 9 100 78
1  81
3  35 20 29
2  46 49
6  53 3 75 10 5 89
4  34 56 43 99
3  22 70 14
1  55
2  92 55
6  98 36 47 32 55 75
4  1 24 54 53
2  28 63
2  17 21
4  72 63 12 85
2  26 92
6  48 83 42 47 80 77
6  12 32 69 72 92 25
6  18 52 47 48 69 67
1  41
2  75 52
1  7
5  6 93 24 88 35
5  68 11 65 79 42
2  51 74
2  75 58
3  27 4 90
6  71 2 36 100 76 87
1  82
4  19 74 87 7
1  57
5  19 22 52 61 54
1  34
5  77 92 20 3 95
1  98
4  11 33 66 86
2  79 67
5  98 41 69 4 49
2  77 67
3  29 28 100
2  61 78
1  53
6  10 47 7 8 13 18
3  78 3 60
4  70 42 54 10
1  58
4  35 25 82 64
4  82 94 13 59
6  65 57 10 12 64 17
2  81 57
1  84
1  58
4  58 11 63 68
5  20 2 4 45 84
4  97 65 60 10
2  60 75
5  70 87 44 86 11
2  43 12
1  60
5  60 17 80 22 84
3  42 86 52
6  69 19 84 34 79 93
4  39 68 37 8
4  80 94 66 4
3  77 11 96
3  70 12 26
6  96 75 33 81 27 19
3  45 2 83
2  95 40
4  63 76 70 17
4  63 83 59 100
4  69 95 5 39
1  31
2  2 6
4  83 32 82 77
5  15 1 78 54 62
3  30 32 57
6  94 40 43 93 99 12
6  3 51 94 34 81 96
3  43 78 72
2  10 48
1  25
3  85 79 10
2  8 41
5  92 35 21 28 19
3  16 22 97
1  55
5  5 95 21 83 66
3  93 14 51
2  62 35
6  72 59 3 13 41 94
3  61 28 75
5  74 90 100 71 99
4  48 4 49 68
6  14 12 79 27 63 95
6  97 90 60 56 92 72
6  86 19 57 14 94 35
6  83 35 58 82 89 6
6  38 74 71 52 85 49
5  47 44 67 34 26
6  26 98 96 11 16 53
2  9 87
1  92
2  68 74
1  74
4  47 30 99 31
5  77 78 22 43 56
5  22 81 66 18 91
5  70 15 90 56 25
5  77 93 56 87 66
1  34
1  44
2  43 22
1  21
3  51 43 99
2  64 79
6  82 69 66 51 84 56
1  8
3  84 1 93
5  66 7 4 78 50
3  21 72 43
3  15 93 84
1  12
3  91 96 29
4  62 79 43 17
6  51 54 69 47 39 16
4  42 94 3 76
1  74
2  56 88
1  40
6  23 87 91 19 16 50
5  94 93 97 80 43
3  48 93 96
6  9 49 27 3 51 17
2  22 72
1  33
1  11
4  98 1 74 13
4  54 7 44 50
6  86 100 33 79 95 19
6  44 46 90 94 49 6
2  70 78
2  3 89
3  58 87 41
2  99 92
6  6 35 91 21 34 24
6  29 43 87 72 88 76
4  36 82 84 6
4  13 8 49 53
4  35 93 97 34
6  81 39 19 16 30 40
3  53 39 78
6  25 49 83 100 15 19
5  98 24 41 11 32
6  63 97 24 55 93 58
3  74 96 59
6  25 98 37 78 36 15
5  60 63 55 78 73
3  76 97 82
6  28 71 48 24 95 3
1  52
3  89 48 1
5  72 98 14 50 33
2  22 92
6  76 52 69 49 92 44
3  74 30 73
3  78 96 40
5  12 91 23 100 38
2  77 10
2  91 59
4  19 80 44 10
4  95 78 4 87
2  49 61
4  21 6 28 17
3  8 28 35
2  28 73
4  5 83 72 96
3  23 14 21
4  23 77 62 100
5  49 22 29 10 72
3  15 100 66
4  7 93 94 37
2  67 89
2  49 60
2  90 83
2  11 50
4  87 11 56 67
4  77 96 69 49
3  84 48 10
3  55 3 36
6  23 2 80 48 50 40
5  40 22 1 50 71
4  37 82 13 3
3  90 98 10
3  42 93 85
4  35 40 54 70
2  77 71
1  25
2  49 92
4  71 93 10 42
3  46 23 62
3  65 52 46
5  89 88 67 74 39
1  13
6  72 44 70 43 53 94
4  2 86 23 72
5  32 13 28 78 36
6  26 100 41 72 74 30
4  41 4 98 43
1  91
1  60
4  56 13 53 19
1  39
3  86 17 74
6  44 51 34 76 75 47
1  4
1  49
1  4
6  24 94 6 83 53 61
6  6 80 9 44 22 94
4  95 92 4 45
2  38 21
4  12 68 15 73
1  23
5  8 46 70 13 29
2  74 24
2  54 33
5  75 26 31 69 18
3  14 44 72
3  4 83 2
5  98 75 87 20 51
6  66 20 7 95 42 81
2  70 34
3  41 8 76
5  77 94 6 90 37
5  24 41 61 26 11
4  100 98 78 50
6  44 70 100 38 12 80
4  81 14 5 22
2  81 93
6  74 99 88 11 76 51
3  36 62 94
3  59 72 86
4  15 56 50 53
5  30 8 48 43 12
5  64 93 62 61 66
4  48 77 35 59
2  71 95
6  65 31 47 37 16 98
4  71 47 4 38
5  11 86 19 23 54
5  15 16 43 81 75
6  57 10 50 83 81 44
5  45 75 17 82 90
1  33
4  61 36 99 37
3  84 56 70
3  38 85 53
5  65 27 71 22 36
2  5 16
4  75 61 38 92
3  28 6 75
6  66 11 86 3 58 69
4  27 6 96 11
4  76 85 47 98
2  66 2
3  30 77 98
5  68 39 95 73 14
5  39 24 68 41 81
3  99 8 43
6  19 1 71 95 86 17
6  6 83 93 42 12 70
3  79 37 78
5  10 92 56 48 15
2  89 96
4  88 4 3 82
2  4 52
1  89
5  8 94 51 1 36
4  70 75 42 7
4  15 16 43 70
4  58 93 52 54
4  39 57 56 20
5  59 72 95 47 40
1  41
6  4 77 53 73 51 94
5  3 8 95 46 78
4  4 71 9 57
2  47 14
5  67 93 37 39 88
5  79 91 25 69 94
1  21
4  52 14 45 54
2  40 100
6  97 3 69 5 60 92
4  74 70 18 66
1  57
4  89 35 44 14
1  37
1  23
1  65
3  48 19 58
6  19 57 83 21 25 88
5  17 39 55 86 57
2  92 13
5  81 47 18 94 50
4  7 72 57 9
1  91
4  90 9 23 73
2  48 61
1  64
6  65 50 56 85 41 68
4  21 15 76 64
2  21 36
6  93 45 89 83 11 79
6  33 52 21 81 12 31
3  11 96 94
4  80 34 38 55
3  14 69 13
3  90 49 28
5  93 17 65 3 95
4  36 47 78 16
4  9 60 69 4
4  35 84 87 68
2  42 17
3  10 29 77
6  77 4 82 69 20 47
5  15 3 7 61 80
2  19 88
5  87 91 36 21 74
2  89 96
4  5 30 74 34
1  73
1  9
4  79 29 1 51
3  3 57 4
5  80 23 70 63 9
4  98 30 35 21
2  30 85
2  59 58
4  31 68 73 85
3  2 85 96
3  88 53 48
5  33 70 39 95 79
6  93 9 34 13 28 63
6  51 22 56 8 85 87
5  58 72 21 59 57
1  3
3  69 51 13
1  20
4  96 99 51 88
1  84
1  34
3  99 85 68
4  93 53 41 68
1  12
6  69 68 5 72 12 73
2  24 74
3  76 70 40
2  58 47
1  59
5  56 57 66 24 11
4  76 51 25 86
4  13 54 30 17
2  41 90
3  65 64 89
3  34 29 66
6  76 49 56 32 6 22
4  16 79 30 67
1  15
2  17 69
4  33 94 100 23
3  65 86 30
1  19
4  71 10 34 46
4  90 77 64 11
2  80 90
4  46 93 76 75
1  44
2  42 38
2  64 79
6  50 8 1 69 67 72
5  1 17 36 91 94
6  2 26 79 91 87 25
5  62 99 92 6 33
3  43 65 98
2  62 47
2  63 16
6  34 93 96 51 29 87
3  28 88 70
1  78
4  30 61 18 29
4  23 62 86 66
2  83 88
6  30 17 50 45 12 84
3  8 34 66
6  79 93 81 48 99 59
1  29
2  22 58
5  45 19 58 11 41
6  32 70 14 82 15 26
4  52 34 99 18
2  77 11
1  25
1  67
2  38 86
3  95 57 94
1  15
1  58
4  1 89 25 15
5  40 35 92 73 33
1  100
1  19
1  33
2  74 61
4  59 11 60 16
1  73
2  8 31
6  9 19 10 23 89 49
4  23 40 36 55
3  35 64 67
3  96 95 16
4  60 75 67 20
6  71 93 21 79 23 5
6  42 14 10 30 63 73
4  2 8 50 42
5  17 84 67 12 100
2  72 74
6  91 65 61 83 85 39
1  90
2  47 4
3  76 66 8
2  68 15
3  17 57 6
3  41 72 45
3  95 17 14
6  7 79 44 90 63 82
6  53 8 42 56 43 17
2  51 46
6  65 81 5 22 86 39
4  58 83 2 52
6  16 35 6 94 79 96
4  61 91 8 68
2  64 11
3  84 61 94
5  25 74 77 47 60
1  8
2  98 10
5  97 25 4 3 18
5  99 73 42 89 81
1  20
3  20 68 28
5  61 100 5 35 77
4  94 92 58 11
6  68 80 87 92 83 89
1  64
6  81 6 76 62 15 95
1  34
4  33 13 24 32
2  58 9
5  52 100 26 63 89
6  42 75 84 24 64 92
6  51 73 93 26 34 7
2  39 40
5  72 53 6 3 70
4  11 37 15 63
5  99 55 19 74 38
3  38 30 88
1  22
1  36
2  34 75
5  16 46 21 22 49
6  85 60 28 99 70 90
5  69 44 95 43 82
3  80 11 66
5  13 87 81 49 14
1  23
5  30 69 2 51 17
6  35 76 20 34 46 9
1  15
4  3 57 34 40
3  45 5 3
4  91 83 6 5
6  29 87 26 97 89 77
1  81
1  89
6  44 35 8 53 49 60
4  5 94 95 40
3  99 43 95
6  26 100 95 22 28 81
3  25 69 24
3  49 34 26
3  78 60 56
2  8 16
6  12 9 80 52 46 78
6  41 68 20 62 69 42
6  93 11 12 29 60 46
4  8 23 14 63
4  22 78 37 34
6  16 86 32 94 80 72
4  99 13 23 40
5  65 28 73 75 40
1  34
6  56 41 7 70 4 58
6  82 95 25 68 10 100
1  89
5  64 88 84 87 27
4  51 55 37 25
6  38 59 78 94 100 85
4  4 43 54 85
3  78 53 47
6  52 50 76 23 14 63
1  100
6  69 50 44 5 75 38
3  33 16 36
2  100 99
3  42 52 21
5  30 73 25 17 24
5  92 46 87 54 51
6  44 20 36 88 25 10
2  67 42
3  3 75 40
1  10
5  53 31 59 82 3
5  99 26 57 90 72
3  44 23 29
6  43 64 74 67 73 99
3  15 39 37
6  78 38 99 59 90 30
2  72 32
1  70
4  57 60 30 100
1  52
2  90 94
6  64 61 66 62 94 81
6  31 70 77 68 69 36
4  98 53 29 99
6  10 58 16 61 67 39
3  61 31 13
2  97 75
1  77
5  45 46 51 12 15
6  69 12 38 98 41 91
6  27 100 53 42 9 14
1  47
4  70 78 76 91
5  50 6 23 51 96
5  63 10 59 31 22
6  29 62 87 24 88 86
5  30 95 90 39 42
4  9 19 28 99
6  77 4 43 100 55 38
5  17 48 32 69 28
5  30 14 99 18 100
5  48 94 65 86 36
2  95 54
3  93 47 22
6  89 22 51 27 94 67
5  26 15 43 53 90
5  67 89 91 66 64
3  60 29 24
6  46 18 49 91 11 96
1  7
6  33 58 10 27 25 84
4  39 27 5 28
6  71 16 90 37 80 28
6  8 51 91 54 69 40
3  79 35 55
6  18 88 43 28 15 68
1  67
1  38
5  34 38 41 50 27
5  29 55 73 37 6
4  90 74 3 33
4  37 88 38 55
5  81 83 90 49 94
4  54 32 27 88
5  68 37 95 45 65
3  18 1 54
5  91 28 84 23 81
2  11 19
5  86 99 57 76 48
3  31 1 82
4  89 50 25 45
5  89 94 86 90 47
4  80 75 50 3
4  70 13 73 45
6  72 1 74 19 51 5
2  32 62
1  81
6  33 25 55 21 18 41
1  65
1  91
3  57 93 95
2  5 67
5  3 39 71 76 58
2  80 77
4  42 85 34 27
1  59
5  38 77 22 48 42
2  38 81
6  31 75 10 35 42 79
3  80 49 14
3  70 94 14
2  35 98
4  61 15 14 42
4  91 63 100 32
6  38 12 74 68 87 83
1  28
4  41 8 11 54
3  81 47 58
1  81
4  58 42 70 72
5  22 62 46 21 93
3  59 5 10
2  91 93
2  19 54
5  26 65 23 69 45
5  27 47 51 82 5
6  51 77 75 72 39 21
6  31 57 52 36 67 78
2  59 6
3  13 76 70
5  98 39 21 68 65
5  18 46 72 10 97
3  85 68 86
1  61
1  62
1  52
2  89 78
6  95 22 99 70 91 76
5  29 96 35 94 63
4  39 35 62 83
3  3 69 50
4  85 12 75 37
3  64 15 25
4  37 23 28 98
6  57 94 30 50 82 88
6  43 23 74 88 25 42
3  89 27 49
4  64 88 27 78
1  85
1  35
1  42
2  8 98
2  38 47
5  19 35 75 62 58
3  50 83 90
6  71 17 36 33 80 24
4  57 36 44 71
5  56 13 3 63 10
2  100 57
1  19
6  88 81 48 36 30 25
1  100
3  53 33 21
5  92 78 12 36 49
5  91 61 85 54 70
1  54
2  27 73
1  14
4  65 49 82 94
5  99 94 15 51 27
3  27 19 12
3  54 60 19
3  20 3 99
6  17 53 16 43 25 32
4  78 96 4 60
6  77 58 84 91 9 10
2  35 29
3  73 82 97
6  27 17 95 26 6 11
5  21 53 3 9 80
3  13 39 37
6  96 21 81 4 30 6
3  58 43 12
3  39 3 67
4  97 92 61 7
5  82 60 72 34 69
4  82 81 90 19
5  86 39 50 90 68
4  28 26 98 39
4  36 42 33 91
3  24 52 45
6  34 5 65 67 73 16
3  53 5 67
2  90 5
5  79 73 27 7 99
2  46 65
4  87 97 52 24
2  3 69
1  36
5  78 3 45 93 51
6  98 18 20 88 23 92
4  95 19 73 94
3  18 58 3
1  54
4  29 74 57 97
6  93 69 65 95 14 58
3  11 55 64
2  42 86
2  8 81
3  81 74 82
6  31 85 3 38 59 95
2  46 87
6  11 82 10 68 27 20
2  90 50
4  76 71 72 56
1  52
2  92 50
4  77 52 45 15
5  4 9 10 49 95
1  59
5  14 27 3 34 49
6  83 12 68 54 84 23
4  35 52 55 84
1  32
3  56 46 18
4  54 27 8 49
2  67 24
3  93 27 79
3  19 62 54
6  15 37 10 78 71 61
2  55 72
4  90 28 9 7
6  63 34 95 11 65 62
3  10 54 61
6  96 80 50 49 66 65
6  75 42 56 36 10 7
3  100 35 47
1  22
1  40
1  19
1  77
4  14 31 3 26
6  53 74 59 17 33 14
5  33 24 75 70 23
1  16
2  31 25
5  47 44 73 24 97
6  55 11 90 81 4 42
4  62 58 13 95
1  26
4  48 49 37 18
5  47 34 100 78 58
5  24 1 42 48 97
2  2 8
1  82
1  58
3  72 16 48
4  32 74 29 80
2  66 97
6  12 30 94 89 88 62
1  88
1  60
6  31 61 92 47 43 2
1  78
5  21 26 41 52 99
5  31 21 35 27 14
3  57 7 36
3  68 48 31
5  7 16 1 68 8
3  10 52 88
5  72 13 24 23 11
6  54 31 27 80 44 73
3  51 9 80
2  56 11
6  63 27 89 31 34 36
3  43 88 27
2  59 39
3  82 50 42
3  80 68 15
2  41 52
5  49 31 92 5 42
5  67 68 69 97 1
1  37
3  92 64 69
3  2 18 32
4  59 67 31 26
5  55 67 33 28 16
4  20 5 100 87
5  68 83 73 72 20
1  63
5  85 13 84 2 45
3  60 11 66
6  92 20 53 25 48 68
6  67 88 92 66 74 64
3  57 37 5
5  53 68 58 37 80
3  39 25 77
6  35 42 85 27 61 38
4  8 6 39 75
6  30 41 66 94 74 23
2  79 98
5  46 56 20 26 97
4  50 73 57 85
1  42
1  75
5  63 83 84 1 57
5  31 97 42 25 71
4  55 49 62 37
6  17 57 20 14 15 70
6  71 54 100 13 66 75
6  28 57 74 14 50 59
1  92
5  81 56 37 30 18
5  24 34 30 44 48
3  13 33 15
5  33 27 32 8 18
4  65 91 87 78
3  45 89 32
2  70 88
4  99 5 37 23
3  67 66 86
1  79
2  25 45
4  52 77 59 69
3  23 60 1
6  68 89 32 95 58 19
4  57 24 95 79
4  62 44 47 71
2  66 96
5  17 47 44 75 16
5  97 75 2 98 70
6  7 65 44 25 23 1
3  18 79 10
5  23 57 50 45 22
3  12 38 92
4  12 7 35 9
5  36 7 56 6 93
4  70 37 87 92
3  35 10 16
3  88 39 1
3  83 22 95
4  74 49 71 81
5  80 62 19 86 18
2  78 79
6  15 66 86 51 1 96
4  45 83 5 46
2  88 67
1  82
2  76 31
6  57 14 77 18 33 63
3  57 41 14
4  55 80 37 6
5  32 72 25 15 76
5  35 64 37 45 63
1  75
4  69 88 37 87
2  100 21
5  40 35 27 95 14
4  100 94 72 18
1  48
6  43 11 25 79 55 88
6  30 47 60 18 84 46
3  83 67 14
2  2 41
1  16
1  16
1  98
6  27 6 35 15 48 45
3  27 100 26
2  30 73
5  47 56 23 84 38
6  98 60 91 38 76 7
3  92 15 39
5  42 44 13 56 92
4  95 18 58 21
3  87 93 12
2  49 35
1  86
2  14 46
1  52
2  21 93
1  36
2  91 77
5  4 33 66 62 28
6  19 48 6 40 30 38
6  65 55 74 88 68 20
1  19
3  23 12 53
4  43 44 35 17
3  68 83 10
6  67 28 43 85 34 83
1  71
5  79 25 44 67 93
4  69 12 4 92
2  57 50
4  100 85 83 48
4  65 57 47 32
6  89 16 18 71 31 41
1  14
6  76 6 48 45 18 52
3  40 8 86
1  8
5  88 56 22 53 12
5  84 96 57 100 14
2  31 2
5  40 15 54 21 2
4  38 53 96 78
4  81 83 68 51
5  23 73 35 41 6
2  98 6
3  26 36 46
6  75 60 47 90 80 48
3  18 1 45
6  61 25 78 29 76 47
4  48 69 86 89
5  16 86 80 59 11
1  4
1  90
4  51 79 44 99
2  61 100
5  56 60 97 33 88
5  80 39 20 49 24
1  24
3  94 3 98
1  18
1  9
1  66
4  86 9 58 13
5  58 84 26 17 81
4  5 53 38 44
5  87 68 80 10 7
5  12 5 78 30 6
6  37 72 45 22 81 3
3  50 60 18
5  77 99 33 82 51
5  25 23 57 92 3
4  98 77 78 2
4  8 40 44 80
6  65 60 87 99 10 47
1  85
2  15 18
1  66
6  29 89 45 20 92 10
2  68 88
2  21 95
2  60 39
1  44
1  66
2  2 75
5  18 60 100 33 77
1  98
4  32 87 8 52
5  18 70 45 6 89
4  1 16 25 39
2  69 42
6  99 43 63 76 61 22
5  93 98 78 91 62
1  77
5  62 54 88 31 98
6  19 63 94 35 88 32
4  56 73 45 55
1  8
2  76 30
1  68
2  82 59
6  92 35 59 53 89 46
5  86 39 2 49 32
3  37 63 94
6  36 39 47 51 46 77
2  76 81
6  3 62 53 91 54 87
3  6 76 95
6  62 34 91 10 65 27
3  28 21 38
4  59 85 14 5
4  40 80 41 33
5  3 85 73 56 72
2  62 47
1  51
1  50
3  18 15 68
4  42 88 1 5
3  86 18 51
3  57 30 86
6  12 88 75 84 44 47
1  5
6  22 55 2 72 96 19
6  63 82 27 51 83 32
6  68 50 47 13 7 77
6  96 89 87 71 73 30
2  78 35
1  99
6  12 70 85 31 56 48
1  82
6  95 14 63 42 75 69
2  74 65
1  60
3  79 89 53
4  24 63 55 13
5  25 98 5 80 45
2  62 43
1  75
3  74 38 78
3  6 96 22
5  3 82 5 81 71
4  36 94 21 91
1  95
1  4
6  95 49 17 56 91 28
2  28 1
5  6 50 73 2 72
3  4 53 48
5  23 5 20 17 25
1  23
2  24 26
2  18 74
3  74 65 63
1  92
4  72 98 13 45
6  85 87 2 37 35 60
3  4 76 65
1  99
6  37 25 3 55 99 38
2  63 100
2  55 64
1  52
5  47 50 60 34 52
6  68 36 56 8 40 32
5  53 30 55 89 54
4  44 52 95 72
1  95
1  69
4  6 21 34 53
5  93 87 22 90 55
4  46 62 97 77
2  49 7
6  38 61 45 81 12 39
4  27 33 55 95
6  61 16 24 14 86 17
6  7 6 54 63 51 15
4  28 47 9 34
3  46 94 78
2  6 17
5  32 50 34 27 40
6  42 64 8 27 80 7
2  85 60
6  36 75 56 63 21 64
6  55 10 91 33 36 96
3  15 28 99
3  55 39 44
6  2 51 23 81 58 56
4  18 52 2 92
1  64
1  71
4  67 80 51 99
1  47
3  31 74 47
5  28 86 22 24 87
5  47 68 30 2 34
3  54 35 38
4  99 50 31 59
1  10
1  16
2  55 64
4  29 11 35 57
6  57 80 83 29 26 51
4  28 84 6 81
2  43 42
1  93
5  75 9 82 84 25
1  39
6  63 67 98 97 23 93
4  3 76 82 28
2  41 56
1  46
3  28 89 78
3  81 50 19
6  32 2 14 39 41 1
1  99
6  30 92 51 32 67 33
4  93 73 16 2
2  52 29
1  30
5  87 79 91 76 10
6  90 48 32 92 49 39
6  46 69 82 97 1 49
2  61 41
1  76
3  19 27 72
2  57 44
1  35
3  86 44 26
5  92 58 67 40 96
4  86 64 38 83
4  87 11 25 28
1  100
5  30 27 42 54 83
6  63 17 19 49 61 45
2  53 2
6  93 98 48 79 61 86
4  26 72 71 50
6  83 49 69 13 76 11
4  58 96 29 75
1  77
3  58 1 88
4  92 80 57 40
4  18 25 19 43
6  90 92 96 72 41 65
6  16 75 49 73 70 77
3  84 54 83
3  55 71 1
3  51 57 86
1  74
1  27
1  7
1  8
1  87
3  66 71 63
3  20 36 10
6  84 93 50 67 34 5
3  34 51 87
6  36 96 64 46 22 80
4  37 87 54 24
3  20 95 98
4  14 34 69 10
1  61
4  83 94 65 19
2  15 6
2  51 1
5  97 23 61 49 59
3  3 83 82
2  78 79
5  91 12 49 1 28
1  61
1  3
2  29 31
3  35 48 91
3  29 88 58
6  36 17 39 99 18 60
5  96 41 67 8 89
5  35 98 29 45 1
4  74 31 93 9
5  84 44 7 71 1
6  7 17 31 45 16 49
1  92
3  45 59 51
3  27 86 31
4  31 8 5 61
6  13 39 83 57 45 54
4  40 60 75 71
1  90
2  9 82
4  53 41 13 87
4  99 18 21 30
3  28 34 10
2  47 48
1  3
6  64 60 32 23 34 2
2  24 20
3  6 82 88
3  95 74 13
6  91 33 23 40 61 56
3  89 2 96
6  5 88 63 65 19 86
6  21 13 22 41 48 27
2  35 73
2  9 85
1  100
2  32 39
5  88 87 66 90 82
4  94 70 29 58
6  14 56 9 27 77 50
5  4 72 8 76 88
1  60
6  16 77 30 54 55 17
3  21 6 22
6  100 91 14 57 79 28
1  88
4  89 37 27 92
1  35
5  96 51 27 94 66
1  23
2  58 40
4  78 45 80 63
3  71 76 1
3  3 12 38
4  1 75 84 92
5  19 59 78 69 85
5  35 88 94 55 45
2  13 23
5  93 85 22 64 61
2  13 63
3  51 20 35
2  3 26
1  21
6  84 90 69 55 25 56
3  79 1 82
6  23 60 85 8 81 48
5  3 61 31 37 11
3  72 36 53
6  42 73 81 26 63 49
5  88 4 29 67 5
1  58
2  69 43
3  50 90 2
4  51 32 89 62
5  60 97 33 57 38
1  37
4  69 85 43 56
6  72 22 94 81 80 21
3  22 55 99
1  56
4  62 87 40 23
5  100 20 57 58 6
6  21 74 79 63 29 67
3  51 61 15
2  81 65
4  35 63 90 14
2  77 54
3  44 54 67
3  10 24 48
1  44
2  81 7
3  48 41 1
1  56
2  89 20
5  23 83 45 13 97
5  89 50 16 32 4
5  75 13 6 23 16
3  44 96 55
6  44 95 51 50 25 39
5  7 62 53 52 74
3  20 63 99
3  95 2 18
5  14 23 92 29 71
3  25 29 68
2  23 19
5  48 58 39 54 20
6  5 94 40 25 56 38
4  50 39 78 19
4  100 11 82 71
3  7 96 74
5  15 97 93 85 44
4  24 98 70 15
1  63
4  27 19 92 87
5  30 65 87 83 98
4  35 43 70 30
1  44
3  13 37 29
4  88 53 55 57
4  57 20 21 84
3  12 71 6
3  35 93 24
6  90 87 33 32 57 63
3  1 8 61
3  37 18 25
6  72 82 55 29 1 76
1  39
6  83 44 28 17 37 51
1  26
3  49 58 94
1  6
6  18 67 32 54 85 57
3  57 38 98
6  38 73 97 77 59 79
2  86 96
4  37 11 83 74
4  41 68 70 46
4  88 13 94 42
6  50 84 53 88 81 38
2  53 34
1  12
1  22
6  8 78 34 19 60 7
5  100 75 46 37 33
4  30 75 55 80
4  8 67 39 46
6  92 80 93 3 15 100
6  92 34 18 52 41 95
4  15 40 97 51
5  55 81 47 10 60
1  18
2  43 64
2  34 43
1  36
3  26 36 35
1  70
4  68 10 47 19
2  87 16
5  60 70 56 6 80
1  11
6  42 53 61 60 86 3
5  22 38 97 58 72
1  28
2  81 38
5  100 62 57 15 37
1  85
6  22 64 8 32 61 50
6  21 10 70 24 81 92
4  77 50 33 90
5  57 71 14 28 70
5  84 12 100 68 5
2  31 13
4  92 62 37 13
5  6 36 52 98 97
2  47 30
2  24 87
6  37 14 58 12 98 41
2  97 9
2  17 40
3  70 31 3
1  43
5  12 79 26 9 75
4  56 4 73 79
6  61 16 4 18 28 1
4  51 97 68 79
1  7
2  83 38
2  88 80
6  99 59 22 8 33 76
4  37 48 42 27
1  57
2  27 84
2  86 35
2  53 14
3  59 33 22
6  55 10 76 50 9 34
5  16 67 47 79 3
6  21 29 3 77 59 30
4  88 15 96 14
4  9 54 26 42
5  21 96 85 97 46
6  31 17 10 97 63 88
6  58 8 29 60 85 87
6  46 75 4 41 88 71
3  41 96 91
1  17
6  1 13 33 95 43 49
1  40
1  91
3  69 99 67
2  84 53
2  29 27
2  69 15
6  18 56 87 9 72 3
6  73 15 27 67 58 76
5  98 87 61 36 56
4  3 84 43 55
1  71
5  23 40 97 14 58
4  1 66 24 3
4  97 18 87 63
5  62 33 73 49 94
1  5
4  11 89 95 66
6  66 48 13 6 44 27
4  96 27 28 20
2  88 17
3  75 80 23
3  12 96 85
1  4
6  58 14 78 52 79 67
2  26 80
2  70 6
6  66 33 13 86 63 100
1  10
5  81 33 10 93 28
6  97 32 84 54 45 61
1  24
2  24 50
1  47
2  13 31
6  46 44 70 8 43 71
2  17 52
3  26 44 78
2  41 9
1  95
4  65 1 77 92
2  26 99
5  45 11 1 29 56
3  98 64 87
5  81 3 20 30 29
4  7 49 3 15
4  98 68 17 44
1  21
5  7 91 14 17 42
5  35 39 37 21 7
1  23
2  46 51
6  52 99 92 67 89 34
5  86 78 76 7 47
5  97 61 99 88 2
5  22 40 8 43 47
2  65 73
5  16 62 21 15 53
6  66 42 22 33 28 99
1  35
3  89 31 6
6  19 8 58 41 48 65
5  94 89 47 67 58
4  28 78 76 81
4  42 22 87 74
3  86 81 84
2  70 15
3  57 33 44
1  73
6  79 56 85 67 2 51
2  64 78
1  40
4  68 81 80 54
4  29 39 35 13
5  5 27 6 61 59
3  74 32 41
4  87 25 20 89
5  44 53 46 92 10
1  73
6  66 27 19 5 62 31
5  66 57 80 26 16
2  100 47
5  53 34 94 72 23
5  16 75 20 61 67
2  73 40
2  39 66
3  43 28 68
1  93
2  96 19
3  25 19 86
6  71 20 87 43 42 55
4  17 74 18 83
1  91
2  23 30
6  61 72 15 28 88 8
4  84 26 91 9
3  77 2 15
6  88 57 38 42 15 54
1  32
3  20 23 59
3  52 46 3
2  61 30
1  68
5  95 94 72 3 38
3  5 52 44
6  9 82 34 23 36 50
4  73 69 77 31
1  29
5  14 52 38 43 63
1  25
4  99 96 61 36
3  65 87 88
4  96 70 90 18
1  39
5  78 8 49 19 77
6  32 28 22 75 91 27
6  48 25 95 8 60 39
5  47 27 29 42 96
2  60 1
4  31 78 65 79
6  83 56 70 14 92 89
5  18 87 21 43 81
2  3 20
1  50
3  30 92 41
3  51 41 6
5  18 70 60 3 53
1  73
4  98 64 55 71
5  42 92 24 22 20
2  41 22
5  87 51 68 27 99
2  67 5
6  85 74 59 88 27 60
6  71 23 48 42 5 89
2  29 11
4  55 52 74 31
3  25 98 64
2  16 31
2  14 16
1  72
1  28
3  63 21 16
6  69 57 90 58 18 68
3  73 20 16
1  57
3  1 21 64
1  52
6  30 67 93 2 70 21
3  32 41 62
2  10 19
1  67
1  24
3  50 97 54
4  100 11 6 1
2  69 17
5  60 47 50 52 48
2  72 95
4  13 57 68 22
5  74 89 84 98 23
2  94 77
6  94 87 5 95 18 73
1  100
2  58 49
6  6 68 55 100 19 57
6  90 32 59 78 15 56
1  48
3  77 47 44
4  51 38 81 24
3  80 56 6
2  39 11
6  94 11 14 61 67 100
3  99 58 28
1  14
2  61 64
1  8
1  68
4  44 48 81 92
2  37 98
4  75 9 52 68
2  65 29
6  64 79 85 22 6 97
3  35 58 99
3  65 5 7
2  49 55
1  41
5  40 38 14 46 89
5  65 54 10 51 18
6  35 40 94 32 75 28
6  74 67 54 79 76 27
2  80 67
1  19
1  49
2  51 38
1  16
6  24 66 9 12 1 49
1  33
2  34 22
6  1 75 74 51 2 3
2  69 14
3  73 62 80
2  100 94
3  91 17 4
6  29 5 48 34 37 71
5  58 67 32 42 41
5  43 44 12 11 57
4  84 19 39 6
2  32 44
1  49
3  8 77 52
4  11 88 26 78
3  93 45 77
3  86 59 77
2  70 87
6  29 71 4 68 76 21
6  20 30 49 67 37 26
2  92 36
1  17
1  50
1  58
2  43 85
2  71 54
1  56
5  76 59 51 52 80
3  71 9 98
3  46 23 56
3  59 61 54
5  10 62 29 36 4
5  20 23 42 74 28
6  57 3 56 7 54 36
4  25 45 54 63
6  77 18 26 36 78 80
1  88
3  36 23 45
1  43
5  49 17 95 46 74
6  1 80 52 37 76 81
6  39 70 67 56 96 2
2  75 9
2  16 44
3  61 51 86
2  99 3
2  44 76
2  45 56
5  81 92 48 62 83
6  31 49 41 27 51 74
1  60
6  18 4 37 79 54 23
1  52
2  30 95
1  50
3  57 21 20
3  68 81 31
4  12 80 94 38
2  68 40
6  62 58 93 99 36 46
2  43 97
3  72 92 47
2  30 4
3  50 52 10
2  82 62
3  61 56 79
6  24 18 80 85 75 73
5  11 18 4 53 15
3  25 6 97
3  36 100 88
6  51 97 15 32 59 55
6  15 33 83 38 51 63
2  26 35
1  37
4  8 90 67 58
1  73
4  60 8 55 48
6  5 44 7 37 3 61
2  17 94
1  54
3  74 75 71
1  79
1  60
6  96 26 45 10 98 100
5  6 54 17 98 58
4  4 95 63 65
2  79 59
3  33 3 9
1  74
1  87
5  76 73 1 18 86
6  17 56 5 70 73 2
2  33 6
2  96 71
3  75 29 81
1  32
6  15 5 1 85 80 74
4  80 91 46 79
1  2
5  78 74 85 6 7
6  28 3 61 74 77 90
4  84 21 43 98
2  47 98
1  26
5  71 6 62 17 85
5  18 67 47 91 52
4  98 42 80 100
1  54
5  91 8 60 12 50
4  38 97 56 47
2  27 18
2  89 34
1  58
4  80 5 42 31
4  39 72 37 38
5  90 14 65 98 74
5  48 32 14 45 87
4  67 14 78 95
1  11
1  60
4  86 64 3 16
2  41 88
4  79 62 47 92
2  44 66
1  92
6  16 36 84 76 2 98
4  96 100 64 2
4  25 88 22 27
1  42
5  91 98 45 52 44
3  78 88 3
5  79 100 95 14 84
5  16 81 23 12 80
6  14 38 11 1 60 37
1  1
1  94
6  49 46 42 86 23 29
6  3 8 88 98 22 71
5  37 52 90 48 32
5  62 70 87 29 24
4  29 27 58 76
1  69
4  26 98 49 29
1  36
2  26 7
6  63 58 83 11 89 59
5  59 45 34 87 69
6  16 95 56 43 71 59
1  31
6  8 79 13 15 38 39
2  31 1
5  13 12 67 72 84
2  17 12
6  14 28 80 70 50 81
5  13 88 59 25 1
5  63 39 93 71 6
4  38 78 34 62
6  51 74 78 64 1 58
2  71 7
4  51 87 73 39
3  98 39 18
4  77 10 54 16
5  59 67 18 36 100
5  30 51 54 7 15
4  64 48 25 71
1  75
4  82 14 1 79
4  18 39 29 28
6  44 9 51 10 26 87
1  6
1  60
4  23 74 13 87
2  37 57
2  11 14
1  24
1  90
5  32 29 4 60 21
3  69 72 58
6  58 68 100 74 28 97
1  70
5  23 7 40 52 18
4  63 42 67 52
2  99 80
2  59 100
5  27 71 26 21 29
6  20 3 78 99 21 48
5  43 54 22 95 71
5  57 13 42 9 29
3  88 50 99
6  17 26 59 42 47 88
3  67 90 54
3  89 75 92
5  18 46 92 12 16
4  69 29 7 77
4  48 65 6 47
4  23 72 11 65
2  99 85
6  53 29 77 27 20 47
3  66 38 55
5  4 24 10 11 1
4  58 65 72 4
2  95 76
2  59 94
2  58 79
1  10
1  90
3  27 37 80
6  74 35 73 78 58 82
6  58 48 46 23 20 49
3  14 24 67
5  18 93 31 96 7
3  3 96 77
2  33 56
2  7 90
6  84 48 76 72 5 24
1  28
3  66 67 57
6  34 29 7 26 60 3
2  100 5
2  76 35
4  31 56 67 21
3  50 68 25
2  73 48
3  100 91 3
4  47 92 100 76
6  26 35 1 58 6 86
1  40
3  41 95 13
4  44 63 29 69
5  1 17 22 7 24
5  54 16 67 29 15
6  64 15 51 98 21 37
1  60
5  48 55 95 9 98
4  37 67 41 38
5  62 38 89 86 5
3  1 72 71
1  65
3  30 16 32
3  52 40 10
3  87 64 29
6  62 86 32 29 26 69
1  88
1  100
5  12 41 73 83 88
3  46 18 63
5  68 14 17 78 48
1  42
5  99 4 63 30 32
6  99 42 76 6 41 48
1  82
2  99 93
1  47
3  26 9 16
6  23 32 71 35 12 47
2  15 10
4  46 99 62 88
5  67 28 22 83 10
3  82 2 50
2  40 76
3  56 69 58
6  39 28 22 51 75 54
4  85 17 11 83
5  98 56 44 26 78
2  35 19
1  37
5  35 77 44 70 32
1  28
2  52 56
3  2 30 93
4  14 10 78 97
6  75 53 31 1 30 57
3  49 64 73
1  98
3  61 68 80
5  96 98 24 51 37
2  81 30
6  94 40 69 91 26 44
3  57 45 72
1  80
2  77 52
3  75 1 97
3  81 70 38
5  94 88 15 19 68
3  11 62 83
5  52 9 23 95 66
5  66 78 47 86 55
6  22 29 100 18 71 80
6  8 57 81 96 72 99
4  15 9 25 98
6  77 7 11 71 72 78
3  50 25 21
1  24
3  33 23 60
1  2
3  10 59 27
1  30
2  68 45
3  92 43 22
5  49 33 38 21 10
5  70 34 95 74 58
3  6 80 96
1  82
3  19 40 70
2  69 95
6  14 29 83 56 51 4
5  89 25 93 62 94
2  56 68
5  92 73 63 88 82
3  31 100 84
6  23 53 94 13 66 96
2  74 46
2  56 34
3  49 96 43
5  52 10 58 44 83
2  31 64
4  61 63 48 85
6  54 98 65 77 93 86
3  39 10 6
5  59 54 68 1 28
2  11 86
4  94 6 93 58
5  54 21 17 14 6
1  68
1  81
3  96 67 94
3  76 99 6
3  52 73 36
5  91 47 65 53 40
5  45 97 40 99 18
4  12 23 73 79
2  54 23
2  20 16
4  96 15 60 30
4  33 66 47 23
1  11
5  51 82 21 48 22
2  66 78
2  88 51
1  13
1  32
3  24 48 88
2  63 48
3  29 80 14
5  3 25 86 78 76
5  98 24 89 16 67
3  77 17 55
6  21 87 23 45 34 11
4  96 58 12 25
3  25 100 39
3  85 17 26
4  14 50 40 30
3  7 76 15
2  30 4
3  16 26 88
3  36 51 46
6  62 71 30 87 70 69
3  54 85 62
1  98
1  46
2  49 52
1  63
5  33 66 18 49 92
1  98
2  57 44
2  18 14
3  4 83 18
3  37 3 1
3  1 11 87
2  59 39
2  21 13
4  87 31 11 78
3  9 5 93
4  25 10 66 75
1  48
6  53 84 95 54 26 65
1  22
2  51 52
3  63 15 31
6  25 8 30 33 13 22
6  37 32 50 12 46 98
1  98
5  98 52 7 93 16
2  15 39
5  66 82 33 81 13
2  5 20
4  38 32 77 23
5  9 72 80 54 69
5  52 51 81 3 58
5  19 77 87 57 46
4  39 79 33 51
1  38
5  60 75 2 37 97
5  45 69 51 98 38
2  49 88
1  52
3  86 70 22
5  27 67 25 65 46
4  15 50 95 85
1  70
6  46 67 58 90 35 8
6  73 41 36 60 54 88
1  40
4  26 12 83 93
3  48 39 93
4  88 87 47 97
4  34 42 23 92
2  57 99
2  29 39
4  89 93 41 94
2  98 20
3  81 13 79
2  51 71
6  39 58 37 35 14 70
5  36 62 8 93 60
2  22 99
5  11 92 21 5 23
2  24 66
6  36 44 26 87 14 15
2  72 51
4  85 21 37 82
3  14 41 70
3  40 50 45
2  70 50
4  88 73 19 86
1  62
1  96
5  25 20 47 76 80
2  96 16
4  77 60 66 18
2  1 58
5  46 88 49 95 41
3  67 59 23
5  21 34 71 96 59
6  43 34 70 75 29 86
2  6 45
6  24 75 93 81 54 38
5  3 33 10 39 100
5  62 75 89 95 46
6  53 36 27 87 6 1
1  91
2  21 36
2  45 11
1  25
4  51 94 66 83
1  5
5  71 66 57 59 61
1  43
1  37
5  99 43 70 14 34
6  35 70 17 79 80 29
1  44
5  97 9 62 99 14
3  70 80 99
2  40 1
5  53 38 40 51 80
1  65
1  7
6  83 23 78 62 52 82
1  31
5  14 93 77 28 36
3  7 34 74
3  35 44 99
5  83 50 52 93 14
4  99 14 47 21
6  9 73 14 4 51 28
6  28 55 31 73 62 65
3  8 99 91
1  71
5  55 22 66 69 87
4  82 34 85 73
3  57 45 56
4  96 83 56 23
3  87 96 99
4  42 6 50 32
1  21
1  66
3  70 34 29
2  15 62
2  88 4
5  33 59 34 28 42
6  50 79 76 45 78 27
6  83 77 18 94 98 22
4  40 92 68 24
1  30
3  94 33 15
2  92 49
4  33 38 2 12
1  47
6  41 33 72 18 50 65
1  72
2  54 63
1  21
6  21 51 27 14 83 42
3  75 90 92
1  27
6  20 41 40 9 81 72
5  98 21 44 12 92
4  65 55 80 86
3  100 36 68
1  19
1  53
6  98 44 1 25 37 20
4  77 29 45 48
1  43
5  51 54 61 17 19
1  97
1  56
6  41 23 11 59 31 63
4  28 6 54 52
3  74 17 19
1  61
4  9 3 36 60
4  96 77 75 11
5  79 66 70 19 89
5  78 19 43 31 47
3  84 99 91
4  15 9 58 76
5  66 79 11 25 35
1  1
1  17
5  89 83 44 8 71
2  86 90
4  16 36 14 99
3  4 55 49
1  12
2  89 78
1  99
1  37
1  3
3  22 77 35
1  21
3  75 45 27
4  11 42 100 24
3  34 28 95
5  41 7 6 29 84
1  27
6  45 32 88 91 53 65
2  57 86
4  32 30 93 95
3  34 95 64
5  28 91 69 10 32
5  16 60 58 24 86
3  68 18 31
4  71 95 83 28
5  49 59 10 41 54
3  75 48 13
3  76 4 17
6  35 91 1 94 49 24
5  91 92 98 21 50
5  16 33 95 81 53
1  21
1  54
6  55 66 43 30 69 60
1  4
4  15 98 99 39
5  90 31 75 10 81
3  26 13 37
2  93 90
2  13 96
5  8 50 43 51 80
1  10
6  15 61 9 12 59 48
6  48 78 64 58 6 83
5  42 3 63 31 27
5  27 4 83 76 47
3  55 58 44
3  73 4 57
6  63 4 74 11 82 37
5  39 42 51 9 84
4  72 14 81 47
3  85 30 16
2  64 71
6  7 19 62 11 76 46
5  79 20 83 61 57
4  100 98 2 9
5  55 80 95 36 27
3  20 56 50
4  19 21 40 26
3  2 36 15
3  8 94 67
6  54 23 41 53 21 42
4  2 97 41 33
4  31 53 22 81
1  41
1  43
4  41 44 1 55
6  8 49 58 98 3 81
3  55 1 81
1  3
5  56 100 9 23 30
4  44 11 64 85
1  7
3  53 51 8
3  59 56 99
4  58 79 95 13
5  75 28 83 52 84
5  60 6 12 21 50
2  85 35
3  92 85 87
3  35 94 83
6  49 82 7 61 44 19
3  18 47 23
5  31 5 30 37 16
3  87 39 35
2  72 26
1  59
5  40 52 50 33 1
2  82 7
6  25 26 33 43 73 55
1  3
4  41 40 76 91
2  14 25
3  86 51 44
2  91 95
5  23 96 99 4 3
6  28 23 71 100 77 82
1  37
2  42 12
1  68
2  38 14
1  89
4  54 6 49 73
5  45 72 80 47 62
1  74
5  78 74 60 77 97
5  18 9 95 85 34
2  99 44
2  62 98
2  16 47
6  93 91 71 72 37 32
5  11 15 56 85 75
1  61
5  97 79 80 92 64
1  24
4  57 45 24 55
5  39 1 72 31 92
3  3 28 75
5  39 90 37 23 64
4  83 35 49 62
1  41
2  28 65
6  84 10 9 38 81 48
3  53 79 30
6  81 58 69 62 96 99
2  22 51
1  57
6  63 72 40 87 99 4
5  82 13 80 20 93
2  58 46
1  87
3  86 45 10
3  40 68 46
4  89 96 60 46
6  22 17 34 8 15 37
5  97 49 59 16 42
6  74 88 92 61 28 77
1  37
2  45 4
5  3 93 65 62 39
4  83 56 94 91
5  30 70 67 79 29
5  21 15 56 8 6
1  36
5  20 72 6 64 76
5  67 68 40 28 7
6  11 62 93 1 32 23
5  99 1 81 22 13
3  29 19 53
4  1 73 36 7
3  11 82 3
5  22 30 85 21 40
3  13 41 78
3  11 76 36
1  57
4  22 93 86 40
3  50 41 18
6  47 54 96 29 56 75
3  85 60 71
2  6 83
4  84 18 76 60
4  84 16 11 6
1  96
3  54 46 86
5  31 33 24 27 61
5  1 10 64 60 80
6  66 63 53 49 81 28
1  35
1  24
3  17 32 41
4  86 49 57 17
5  80 43 41 59 51
2  3 31
1  68
6  62 16 74 90 24 9
1  47
4  18 79 94 81
4  80 29 20 96
1  100
3  49 59 82
6  81 84 30 90 52 23
4  68 97 42 91
1  42
3  58 60 16
4  40 79 30 69
6  26 77 98 64 56 45
2  36 29
4  26 80 77 48
5  18 39 78 60 76
3  20 91 86
4  69 15 28 67
3  4 65 5
2  20 50
4  56 78 8 81
4  85 58 6 75
3  35 19 70
4  9 55 14 78
5  41 45 10 15 74
2  64 28
6  42 36 65 100 21 22
1  78
6  48 12 31 66 82 85
5  36 98 53 5 39
6  14 84 7 29 58 35
6  85 19 33 21 83 32
3  4 37 19
6  84 31 50 12 16 25
3  14 77 51
4  74 65 35 81
6  92 15 84 77 34 17
6  17 49 39 21 85 57
2  69 87
4  18 98 66 42
3  79 19 95
2  93 60
4  73 52 58 88
3  35 21 53
2  38 1
5  58 85 27 78 53
1  29
5  11 95 13 55 74
2  50 5
2  9 70
6  61 28 83 96 62 4
3  94 42 49
4  99 34 90 77
6  3 6 57 14 1 70
5  74 1 18 79 24
2  49 19
6  76 2 83 38 6 31
2  47 79
6  46 13 85 23 99 87
2  56 100
2  25 68
1  25
6  82 48 12 30 67 99
1  69
5  43 74 11 75 21
6  69 67 2 53 90 1
3  19 56 40
3  80 7 50
1  92
2  52 4
4  18 2 66 86
5  9 60 93 83 81
5  51 48 85 4 37
6  43 55 40 82 2 19
6  52 23 81 83 74 84
3  92 85 8
5  67 17 37 60 99
2  42 50
4  26 53 2 10
6  57 50 78 59 68 67
1  91
3  93 64 31
3  55 16 43
2  83 60
5  42 58 85 84 7
3  9 59 51
2  55 7
5  32 65 36 99 75
2  45 67
6  76 2 44 91 45 73
1  44
1  61
2  98 67
5  7 26 28 25 81
3  93 13 98
2  11 73
4  56 39 44 31
3  87 21 84
4  94 87 6 8
3  33 5 15
1  11
3  37 36 21
5  29 33 69 57 44
3  11 99 79
4  29 19 41 50
1  3
3  90 8 51
3  41 55 51
4  66 91 88 1
1  58
2  44 26
6  88 67 97 86 45 51
1  64
6  64 66 95 7 55 2
4  91 43 11 42
6  76 33 81 77 44 38
1  88
4  92 75 30 89
4  75 40 38 31
3  4 25 44
4  27 100 49 69
1  91
4  87 24 42 64
5  80 70 56 44 62
2  74 51
6  48 90 65 86 20 3
6  45 46 47 71 96 40
4  86 2 43 9
3  7 76 23
5  32 66 37 62 39
6  52 87 77 16 73 97
2  62 41
4  8 12 10 3
4  66 89 53 9
6  96 15 74 18 90 5
5  27 66 22 14 17
1  90
2  81 87
4  42 27 15 50
3  24 53 90
6  41 42 97 39 37 12
1  55
1  17
3  28 82 60
3  99 68 31
2  48 17
5  90 44 96 39 82
2  91 71
1  32
1  5
5  50 16 82 5 17
6  42 44 80 2 85 78
5  16 10 17 33 91
1  76
6  44 58 6 35 29 14
4  41 18 36 91
2  17 95
3  14 37 94
6  38 78 71 7 94 80
2  26 71
2  1 57
5  59 63 7 87 77
5  28 94 7 18 24
1  77
3  49 70 30
6  48 1 93 41 81 15
4  51 43 68 8
1  26
5  21 12 47 93 40
3  100 58 68
2  70 44
4  19 14 90 5
4  90 97 3 70
1  69
2  54 36
2  68 61
6  89 73 45 81 13 85
5  70 52 2 39 96
4  58 10 51 62
5  41 59 74 11 70
3  31 24 78
4  92 39 57 80
1  2
4  24 86 40 93
3  42 32 34
1  89
3  53 51 14
6  9 88 3 79 30 34
1  8
6  95 46 50 75 58 51
3  81 37 74
5  74 15 5 8 17
6  50 70 44 64 62 53
4  65 31 81 99
2  88 91
2  34 40
1  91
6  36 72 27 10 46 1
2  50 8
3  44 58 11
6  22 73 39 38 70 54
3  3 42 26
2  76 66
2  67 56
4  38 83 76 100
2  91 41
5  48 52 63 70 24
1  42
4  72 96 97 74
3  23 4 13
6  35 79 44 1 17 26
5  100 9 77 33 99
2  9 47
5  72 17 92 73 59
4  44 54 50 18
6  72 21 4 60 55 82
1  56
6  30 32 98 38 8 31
3  25 39 84
6  11 100 86 83 58 39
2  12 88
3  3 60 65
1  19
2  88 23
5  86 52 7 84 90
1  15
2  39 53
1  33
4  10 18 46 68
4  72 79 43 16
5  2 80 87 21 99
5  44 74 60 95 80
3  84 94 57
1  33
1  20
4  73 30 82 18
6  37 90 76 80 6 57
5  85 43 2 84 16
3  57 76 40
3  18 24 30
5  34 62 85 53 27
4  83 8 75 79
3  65 54 24
5  10 5 55 53 7
3  69 51 95
3  91 31 62
1  60
3  47 22 20
6  48 77 82 56 51 60
6  15 14 24 85 29 40
5  35 77 45 86 72
6  76 2 50 89 62 85
3  83 5 35
2  81 16
6  32 76 86 47 89 10
2  13 38
5  89 72 48 34 57
2  22 33
2  71 21
5  56 65 61 90 95
3  6 81 73
5  67 20 70 76 51
5  13 21 71 85 68
1  42
6  25 74 8 96 95 89
4  50 54 11 40
3  52 46 30
2  26 96
3  96 71 95
5  84 16 48 68 51
1  70
5  82 77 71 66 22
2  20 32
4  68 84 12 97
1  38
6  53 33 63 47 10 57
1  46
1  23
1  84
1  92
4  81 58 75 7
5  7 73 45 91 85
3  99 22 33
4  54 96 98 63
3  60 20 56
1  28
5  21 11 82 13 65
4  70 39 47 46
3  91 36 26
2  35 48
4  86 1 59 83
4  1 43 84 56
3  11 34 68
2  16 80
6  78 50 24 47 96 70
6  87 6 15 18 40 62
5  26 62 40 8 41
4  9 96 99 20
2  66 40
3  46 25 22
6  49 68 91 18 57 77
2  71 94
4  32 75 88 94
1  96
2  55 47
2  51 45
3  79 11 87
2  56 12
3  51 61 12
3  78 68 19
1  38
1  64
5  87 52 63 2 47
5  57 93 10 7 38
4  86 48 43 8
1  55
4  55 15 63 96
6  30 14 94 68 26 57
3  13 8 99
1  55
5  70 48 90 77 85
3  62 32 89
5  35 43 21 89 58
5  85 50 13 99 44
5  25 1 16 37 9
1  51
4  95 21 11 85
6  95 30 59 26 18 27
4  61 48 50 18
2  35 68
3  33 11 22
4  12 37 94 20
4  44 83 47 65
6  31 62 87 60 20 13
5  47 74 38 94 24
4  23 58 65 90
3  86 47 45
2  40 64
5  84 47 20 49 39
3  10 25 30
3  87 76 11
2  70 34
5  93 91 3 57 81
3  43 28 81
4  67 45 39 51
6  59 99 29 9 54 18
3  91 5 14
1  30
5  35 10 75 25 12
2  6 48
5  33 29 39 100 73
5  51 64 35 50 93
3  58 46 61
6  37 66 9 95 91 72
1  65
6  17 96 2 65 69 35
6  7 34 66 84 85 29
2  34 21
4  92 67 23 87
1  88
6  40 83 87 11 88 52
1  4
3  9 68 16
3  60 23 77
2  7 62
4  25 95 75 87
6  42 9 73 45 97 69
6  80 55 95 67 6 2
5  53 11 38 69 54
6  91 30 23 98 77 22
6  52 8 72 93 17 45
3  13 21 93
5  16 59 73 17 29
2  28 66
6  81 63 85 10 82 1
4  4 87 12 58
1  28
1  41
3  15 62 33
5  77 92 55 94 20
5  21 85 74 1 47
4  11 32 41 12
6  44 98 4 56 8 84
4  48 24 72 10
4  54 86 48 8
5  67 88 100 52 62
1  98
2  12 30
4  24 21 5 60
5  31 43 34 79 67
1  88
2  59 74
5  66 53 37 54 88
1  54
6  36 66 15 97 89 1
1  60
4  86 91 4 19
5  70 24 57 93 82
2  64 48
5  100 2 36 88 17
6  74 53 54 89 49 42
2  49 51
6  9 37 74 13 55 43
5  79 99 75 61 29
3  8 12 38
1  47
2  26 35
6  78 89 27 30 13 76
5  97 84 17 70 72
1  79
4  12 54 11 41
6  18 52 30 27 98 55
4  33 55 31 21
3  57 51 55
2  32 52
1  48
2  12 20
3  91 70 45
3  80 86 35
6  37 64 25 35 18 78
4  73 8 87 15
4  38 70 97 69
2  13 17
3  25 36 76
1  6
2  58 86
1  92
6  42 55 9 76 73 86
3  45 94 29
4  59 67 30 55
3  50 68 51
6  92 87 67 7 93 64
5  92 56 62 34 11
5  9 83 56 51 28
3  80 88 7
3  17 62 80
4  30 31 57 21
2  23 28
1  10
6  87 1 47 49 34 57
2  43 40
5  93 68 22 73 55
2  19 71
6  99 37 19 29 94 40
3  17 68 55
2  59 42
2  5 91
4  61 9 2 1
5  95 68 3 67 22
2  86 93
2  84 29
3  13 23 80
4  39 47 13 64
1  55
6  9 45 49 70 54 50
5  35 44 38 37 11
4  68 96 52 88
5  81 28 92 3 7
3  42 54 62
1  59
1  95
5  62 44 37 15 93
1  49
3  45 86 48
1  53
3  55 41 23
3  68 14 38
5  63 79 29 25 84
6  41 79 54 3 22 91
2  15 97
4  51 41 99 45
1  42
6  44 64 34 12 78 72
6  40 50 15 64 34 2
1  12
4  7 34 45 24
3  42 90 99
5  41 97 27 44 39
2  88 2
4  100 79 30 87
2  80 1
5  14 3 87 25 57
6  59 2 18 6 43 8
1  26
3  1 52 92
3  77 80 41
3  79 20 65
4  38 44 66 20
4  69 7 82 25
1  40
2  19 46
5  26 50 94 74 46
4  89 22 45 29
4  24 48 21 89
6  64 55 6 21 23 12
1  48
1  43
5  32 88 42 58 37
3  31 87 81
6  76 2 41 4 58 64
4  79 53 37 43
1  42
4  30 54 66 77
4  8 51 98 95
6  55 32 28 85 19 9
5  94 11 22 97 68
6  49 47 38 85 89 45
2  52 74
5  17 51 46 24 1
3  18 93 98
3  20 82 68
2  63 62
3  84 59 6
5  7 52 6 92 41
3  18 92 24
6  8 74 44 32 87 50
4  84 99 86 65
4  14 28 52 11
6  57 80 92 9 85 83
3  35 1 41
4  98 49 31 42
5  5 28 29 70 11
2  56 76
6  69 3 22 20 14 7
5  93 99 86 77 82
3  12 82 76
5  80 25 99 21 5
1  49
3  73 59 62
2  34 55
6  37 77 17 50 83 94
3  82 79 19
4  14 30 45 90
6  25 15 97 45 19 100
6  53 73 52 14 2 86
5  98 22 45 15 71
2  8 13
1  87
2  71 1
4  15 90 58 39
1  55
6  24 55 77 76 27 29
6  28 14 57 26 35 2
3  5 29 48
2  37 34
3  7 35 21
2  65 60
2  19 43
4  73 20 27 100
3  16 28 61
5  54 95 74 94 100
1  42
1  38
5  64 44 10 71 65
2  36 24
4  54 67 13 27
