100 5000
176000
394500
452500
21500
477000
124000
433500
419000
461000
326500
275000
134500
341000
191500
450500
321500
458000
288500
2500
375500
267000
443000
285000
457500
140500
136000
307000
498500
83000
467000
424500
259500
362000
377500
281500
339000
1500
215500
258500
462500
42000
33500
97000
383000
225000
48000
205000
183500
336500
208000
59000
103500
151000
344500
61500
291500
481000
369000
290500
64000
336500
215000
324000
198500
93000
106000
37500
94500
321500
296500
57000
364000
330000
154500
247500
55500
202500
452500
239000
39500
160500
298500
143500
312000
143000
205000
104000
124000
74500
395000
188500
411000
110500
13000
109500
203500
119000
147500
298000
440500
6  72 62 55 3 11 67
3  2 14 51
2  74 80
6  3 21 17 28 36 96
4  18 68 40 59
6  70 19 80 59 90 41
1  92
4  80 34 53 94
6  86 67 64 82 70 85
6  97 20 94 62 38 11
2  77 70
2  46 88
6  4 77 41 17 68 92
6  2 44 89 87 29 56
3  11 25 35
1  21
4  1 83 92 12
1  68
5  32 14 68 31 18
3  72 35 12
4  31 13 7 20
6  36 75 49 46 100 84
4  21 37 54 3
2  65 14
6  46 10 13 76 27 57
3  62 69 10
6  81 16 11 80 51 86
2  96 86
1  49
1  49
1  10
5  67 23 72 12 68
5  25 44 8 82 91
5  50 1 61 31 17
5  11 68 57 39 64
3  51 12 49
6  14 58 76 81 48 93
3  29 17 93
3  99 84 6
3  84 66 78
1  38
6  68 95 27 31 37 78
3  85 77 56
3  52 36 23
6  28 71 45 63 64 43
3  70 90 30
3  68 30 73
4  97 67 83 28
1  61
5  88 37 25 30 89
4  52 88 23 15
2  86 79
5  32 48 64 62 83
2  92 56
6  89 22 71 16 25 31
6  12 68 9 42 56 69
6  43 56 16 58 87 2
3  61 34 83
2  95 66
4  87 21 44 75
3  14 90 67
3  75 78 12
5  19 68 52 12 11
1  28
5  94 30 3 55 63
6  79 58 52 35 44 73
5  18 15 91 8 81
3  82 58 48
4  77 15 16 89
2  23 17
6  16 46 96 71 8 82
3  66 33 83
1  5
4  27 19 51 35
6  86 17 57 33 82 34
3  98 23 73
2  39 65
3  84 60 6
6  41 54 58 74 37 66
5  96 93 97 47 28
6  33 44 53 65 25 86
1  23
1  85
3  46 50 78
2  10 83
2  51 37
5  24 73 45 2 69
3  99 16 65
6  48 9 46 13 34 32
2  56 39
1  97
6  59 75 15 68 57 36
2  94 15
3  67 59 44
3  97 42 51
4  35 98 69 81
1  2
1  35
4  51 44 54 35
1  28
3  70 85 88
5  100 30 45 59 73
5  55 14 31 15 49
2  84 29
3  85 40 72
3  91 16 96
2  18 23
5  88 8 59 76 86
4  5 31 17 77
1  71
6  42 86 39 70 69 67
1  54
1  79
6  97 94 91 22 12 14
6  99 21 55 74 7 13
5  38 29 55 49 100
3  90 86 83
4  55 50 67 8
4  45 4 54 39
6  76 50 7 71 48 28
2  22 35
3  99 73 67
4  21 67 99 11
4  82 70 6 31
3  14 88 81
1  41
2  10 16
5  17 87 45 12 38
5  50 37 52 16 91
5  82 89 84 34 70
4  40 1 90 53
6  71 69 29 90 79 45
4  96 31 76 41
3  13 21 92
3  73 7 41
3  89 29 23
6  82 62 99 72 14 87
3  83 15 32
4  59 90 57 66
6  32 79 18 23 28 90
2  68 35
2  97 63
3  95 45 1
6  16 15 79 58 97 94
6  58 53 79 14 42 44
1  73
2  29 96
3  19 25 18
4  42 14 16 82
1  60
5  1 76 97 80 33
6  73 21 50 25 100 64
4  43 76 39 64
1  34
1  22
4  31 74 100 44
6  81 52 49 63 24 59
2  57 51
1  77
1  28
5  65 94 19 40 33
5  44 67 96 65 24
2  39 24
5  28 4 20 77 67
5  1 25 3 57 76
1  34
5  34 10 41 28 81
4  10 24 27 5
6  50 30 28 74 99 55
5  19 32 43 90 68
6  88 43 98 21 19 31
2  60 59
4  41 19 67 65
3  72 53 95
1  80
5  100 35 44 18 66
6  7 97 54 99 85 96
1  16
2  35 75
6  92 16 4 59 80 48
2  32 42
2  12 9
2  46 53
3  12 40 55
1  94
4  93 90 50 99
1  76
2  81 62
2  96 65
5  75 12 13 7 54
3  18 63 75
4  16 22 76 56
5  84 49 30 77 39
5  75 44 55 8 24
1  33
2  81 16
6  93 29 100 46 73 18
1  47
5  25 68 56 80 45
3  28 74 16
4  53 91 10 8
6  33 23 31 52 4 46
3  96 74 45
3  46 62 50
6  42 74 60 98 53 5
3  81 78 54
3  31 44 56
3  42 88 61
5  39 64 18 84 59
6  28 100 37 89 50 29
2  24 89
2  76 93
4  57 71 19 3
1  63
4  39 4 45 100
5  84 63 94 68 22
6  95 22 21 84 71 49
1  94
3  44 70 30
1  26
6  28 1 91 85 40 94
2  39 70
1  1
4  81 23 47 76
3  68 60 15
1  75
1  54
2  78 84
2  3 84
4  31 84 45 16
2  39 46
4  9 59 63 72
3  85 19 16
2  86 76
3  2 50 51
4  68 28 39 95
2  22 50
4  6 95 76 29
2  21 91
3  80 53 13
2  38 31
3  67 17 11
1  19
4  59 74 28 86
1  23
1  34
5  77 40 67 53 69
6  74 59 41 53 12 54
5  50 85 7 16 1
2  24 20
5  83 93 5 69 6
2  85 40
6  61 79 66 13 47 86
1  6
3  17 60 11
4  44 18 82 45
3  6 64 11
6  57 16 56 62 43 40
1  43
1  79
1  13
2  74 99
2  80 38
3  39 49 14
5  66 95 27 100 91
1  87
3  26 43 9
5  83 9 11 88 19
6  14 93 95 45 72 32
6  10 81 5 92 46 100
2  45 100
1  56
6  56 82 29 65 50 11
5  61 94 80 89 74
5  84 18 43 16 10
4  96 15 45 41
1  64
6  13 73 41 99 29 22
2  93 72
3  66 33 32
2  12 21
6  84 4 18 26 19 27
5  14 41 24 55 87
3  68 59 81
4  88 3 94 80
5  33 46 6 64 72
2  85 71
1  88
6  27 7 15 5 21 56
2  75 11
1  15
5  73 95 45 61 98
3  40 72 71
6  78 34 57 95 19 27
6  6 15 22 13 30 26
2  85 54
1  96
5  22 73 41 17 1
1  55
3  86 25 26
4  59 82 57 77
1  52
5  24 73 96 53 99
2  38 53
3  33 20 57
1  61
5  22 62 88 77 2
5  1 28 35 60 10
6  36 19 44 42 17 14
6  16 42 32 68 77 64
6  33 70 48 7 91 9
6  68 11 66 69 39 1
2  48 93
4  66 36 83 8
4  96 2 68 37
2  36 14
6  23 47 66 71 53 57
5  46 24 90 11 92
2  12 20
5  4 83 42 39 65
3  92 61 50
4  98 82 94 11
5  17 57 44 88 9
1  67
4  24 57 65 16
6  77 35 61 80 18 2
2  83 50
1  43
6  68 40 82 62 51 60
5  7 4 66 16 32
5  28 89 35 43 73
1  78
2  91 95
3  9 77 84
2  19 84
6  59 65 47 9 24 25
1  27
6  32 31 22 2 58 10
3  100 83 47
5  16 38 72 50 46
3  34 64 67
1  49
2  81 96
3  5 21 51
2  11 82
4  32 84 19 42
2  18 24
4  95 39 4 67
6  49 15 22 12 82 38
4  7 18 56 42
2  76 92
4  86 74 14 18
4  32 59 77 50
5  43 45 21 46 11
1  95
2  30 7
1  68
4  14 86 22 55
1  98
3  61 83 21
5  100 78 6 59 54
4  41 96 100 62
3  11 71 36
3  1 42 43
5  9 56 54 31 11
4  28 58 22 11
5  95 11 55 1 69
1  56
1  3
4  72 44 66 43
5  2 43 22 44 11
2  99 65
4  10 26 88 67
3  99 44 42
1  98
3  78 6 98
6  8 53 60 52 18 2
2  20 44
4  63 55 82 61
2  42 70
3  30 37 91
2  80 33
3  78 74 15
5  72 3 91 24 62
3  42 63 73
4  7 25 23 62
1  84
5  48 54 25 78 90
1  6
5  48 44 47 22 58
2  93 61
2  16 22
4  58 85 33 18
6  58 41 53 64 25 33
1  78
4  90 68 73 96
3  20 39 83
3  97 12 34
4  30 50 79 91
1  64
2  25 55
5  66 7 45 90 39
4  68 96 45 36
5  41 72 89 79 55
2  75 66
4  32 96 13 10
6  19 73 9 44 28 90
1  34
3  99 73 90
4  69 35 2 37
5  73 25 53 28 55
2  94 17
4  90 29 69 75
3  42 84 92
5  74 1 3 7 100
5  96 66 44 30 67
5  5 40 57 67 59
6  61 76 44 50 5 13
2  52 54
1  44
2  82 44
2  88 43
6  84 8 44 14 75 23
2  14 28
5  81 87 59 41 62
1  90
4  14 19 68 22
4  91 3 5 17
6  48 17 74 56 60 87
2  82 4
3  10 78 24
6  36 64 58 38 53 24
4  67 42 20 88
1  11
6  8 27 80 55 43 53
1  2
3  40 84 43
5  93 21 7 89 56
5  46 94 23 69 89
1  65
5  13 75 67 20 2
3  75 44 99
6  46 38 25 29 81 8
2  1 14
1  57
5  55 51 6 23 96
6  33 61 71 46 36 38
4  37 83 40 80
5  25 26 20 49 54
1  56
5  2 69 84 58 52
3  9 57 62
1  52
6  64 23 40 99 60 4
3  43 44 16
2  68 41
3  17 94 44
5  69 46 41 53 3
6  91 12 50 53 15 1
3  79 23 86
5  82 90 13 24 33
2  48 100
5  92 16 62 36 88
2  81 29
5  84 21 73 95 70
2  9 71
5  88 93 57 65 75
3  78 99 5
3  78 73 38
6  34 73 81 64 54 9
3  37 30 19
2  100 44
3  70 15 27
4  71 92 38 16
5  36 93 74 83 71
3  21 63 81
6  44 46 53 90 83 82
1  13
5  53 52 51 67 78
1  38
5  50 53 39 86 46
1  68
1  58
6  79 39 81 23 83 27
5  72 9 57 81 22
3  33 73 87
6  51 100 37 20 49 89
4  35 70 3 51
2  90 30
4  71 52 48 98
2  20 7
5  1 28 19 33 6
2  51 5
5  71 54 57 29 88
6  98 90 42 26 80 71
6  51 22 39 49 48 58
4  30 58 83 49
6  84 54 23 35 59 91
1  12
3  34 99 39
2  88 80
4  68 51 47 18
5  85 66 20 43 21
3  1 4 98
6  87 51 14 21 10 4
2  21 51
4  19 89 7 69
3  75 19 92
6  91 77 58 11 19 78
4  20 81 57 11
5  8 25 88 18 29
1  38
5  71 57 69 60 64
3  5 38 56
6  30 46 73 87 57 91
4  16 11 45 73
2  12 81
3  100 98 75
1  35
4  83 92 22 43
4  59 47 92 14
3  21 60 15
1  16
1  72
2  17 4
3  28 84 27
5  59 39 17 12 22
1  34
4  62 92 10 54
1  53
5  64 68 82 79 74
4  10 90 70 13
2  98 97
1  25
5  70 63 94 81 84
1  15
3  63 6 57
1  11
1  91
5  77 73 53 50 26
4  39 96 75 67
6  72 78 17 49 47 79
3  27 63 45
3  10 7 47
4  24 57 76 15
2  52 87
6  2 13 46 41 8 21
1  100
6  84 16 41 30 95 57
4  28 98 67 35
3  32 59 2
1  73
2  59 60
1  60
5  62 100 80 83 6
5  75 89 96 15 19
6  99 75 47 27 73 13
4  17 45 20 19
4  92 51 10 52
4  70 24 28 69
1  10
5  83 84 64 79 99
5  69 98 57 16 24
2  29 85
3  73 5 65
2  96 15
3  47 81 4
5  9 73 18 48 56
1  12
3  1 94 3
6  51 18 23 80 46 8
2  19 12
6  43 7 5 78 54 85
5  24 93 55 97 11
1  53
1  13
6  14 6 89 12 56 34
3  51 41 61
5  52 51 12 59 56
6  13 41 70 36 34 24
2  45 26
6  57 38 71 70 44 59
5  100 65 15 35 55
6  84 7 47 95 65 2
6  77 42 54 13 75 78
3  19 4 31
5  42 1 46 85 60
2  84 24
3  19 39 96
1  22
1  60
2  66 61
1  43
1  55
4  78 33 2 97
3  32 72 77
2  17 62
6  43 46 16 84 64 55
5  77 80 37 94 46
6  95 89 100 49 45 77
5  46 74 17 77 45
6  10 62 55 2 5 100
2  88 63
5  67 40 49 47 76
3  93 73 36
5  72 84 26 49 65
5  22 81 49 67 74
4  29 28 59 33
2  77 21
6  48 87 29 96 33 4
3  25 77 73
1  48
4  31 97 22 3
2  3 51
6  77 8 14 4 67 46
2  43 66
2  91 53
3  86 85 54
2  10 30
6  15 78 53 46 75 74
3  93 76 98
5  52 6 92 56 72
3  88 14 3
1  4
4  58 90 40 11
1  49
3  9 64 19
4  10 93 36 58
6  11 55 64 63 61 19
2  92 6
3  94 14 50
3  72 40 88
5  52 36 23 61 100
3  22 9 34
4  66 19 68 21
5  31 81 37 50 13
2  56 59
2  70 8
5  41 47 57 23 99
6  46 60 92 87 82 100
2  39 66
3  7 86 22
3  67 58 87
5  85 43 38 6 12
3  75 53 92
2  76 91
2  21 50
1  8
2  13 28
5  79 67 76 64 88
1  30
3  100 9 31
3  47 36 54
6  11 7 83 41 82 73
4  3 23 77 10
4  90 38 23 68
1  98
2  93 11
4  38 11 71 68
4  17 4 6 8
1  13
6  55 94 63 18 96 85
6  6 38 85 43 60 52
3  58 83 40
5  45 78 15 31 49
3  38 62 49
2  17 42
6  35 37 74 29 43 11
1  85
5  65 33 28 48 72
6  92 49 74 6 94 4
3  42 40 74
1  89
6  21 30 90 55 67 63
5  9 74 96 94 45
4  26 73 7 97
5  99 46 42 4 39
3  40 81 86
1  85
5  13 5 4 2 59
5  64 42 78 38 37
5  82 97 54 4 94
2  2 39
4  6 78 10 45
4  95 57 43 69
5  48 72 71 7 42
3  48 20 72
6  91 53 82 87 7 85
5  28 87 19 92 96
1  36
4  96 93 97 64
4  45 36 32 51
5  66 99 97 37 84
6  90 65 73 96 50 53
2  36 71
1  27
4  16 63 21 11
4  18 75 16 62
1  48
1  87
1  10
5  50 94 70 39 58
3  35 8 95
4  44 66 74 70
2  89 33
4  99 88 71 74
1  32
5  51 44 70 63 54
4  12 47 23 51
1  65
6  12 60 44 55 26 17
2  58 6
4  11 5 45 81
5  48 13 61 98 56
2  61 9
5  73 56 6 23 60
5  9 71 29 52 26
4  69 50 12 74
1  23
5  51 3 56 98 16
1  96
5  46 56 80 29 28
3  34 51 95
1  59
4  32 11 90 86
5  40 98 53 46 20
2  97 23
6  95 38 1 91 10 46
3  90 75 74
2  8 25
2  11 84
5  43 94 73 28 72
1  26
2  59 45
4  55 68 40 50
1  40
3  14 86 4
4  60 28 67 84
3  78 67 29
2  60 2
3  32 14 73
4  72 18 11 27
6  50 77 90 89 17 4
5  2 7 33 61 34
6  45 79 77 12 7 96
5  9 43 3 22 16
4  94 33 69 21
1  18
6  6 7 13 9 80 15
1  13
5  48 12 20 27 88
2  34 84
1  42
2  5 63
3  63 57 74
2  77 90
3  74 96 56
6  5 36 1 19 48 76
5  60 95 94 47 26
2  31 28
5  57 32 31 98 95
6  72 27 64 61 76 37
4  32 23 61 67
2  80 14
6  47 73 93 40 20 19
4  50 46 33 6
5  64 4 73 51 75
6  14 36 75 51 93 6
5  53 72 96 33 86
6  79 59 87 18 78 5
5  28 51 17 34 29
5  37 1 31 12 100
3  47 75 95
3  81 68 92
4  64 24 38 57
1  96
3  20 73 48
1  1
6  20 34 26 100 70 27
2  81 27
5  28 1 68 67 81
3  58 33 100
5  70 56 84 66 99
1  38
3  6 38 44
2  72 69
2  41 96
4  22 27 50 23
6  16 4 31 73 36 30
4  6 86 37 71
6  40 9 30 46 47 73
5  18 42 96 59 38
3  81 59 76
2  82 70
3  85 1 19
2  30 73
2  16 10
6  100 50 7 29 96 54
1  66
5  43 62 30 80 10
1  39
6  41 21 55 87 5 56
1  26
6  79 53 1 88 50 100
3  56 28 33
1  29
6  81 72 60 11 52 70
2  90 55
4  10 9 49 15
4  54 41 50 33
6  51 20 42 50 57 98
5  90 7 88 87 79
3  97 30 16
2  19 70
5  29 79 28 44 82
6  93 14 76 43 34 18
6  91 16 70 80 22 77
5  9 55 14 6 84
2  23 3
6  2 32 79 30 75 22
1  58
1  25
3  57 59 51
3  49 66 19
2  88 96
6  97 50 10 2 34 40
2  36 39
2  67 18
4  42 39 67 99
4  92 33 10 51
5  59 99 50 77 28
3  72 23 34
2  33 35
4  72 59 91 10
6  57 27 41 99 66 8
6  18 100 30 28 50 13
6  49 62 76 99 34 32
4  31 66 10 2
2  100 12
1  57
3  51 55 4
4  52 22 58 82
3  8 94 35
4  55 96 32 53
2  31 84
6  62 50 95 64 75 84
4  14 35 6 18
6  58 40 50 39 88 32
2  14 87
2  45 40
3  76 24 33
3  74 27 100
3  21 75 32
5  89 66 78 6 58
3  45 8 74
2  65 6
4  78 92 73 23
2  21 98
4  54 35 28 80
3  76 1 10
1  73
6  72 50 4 29 85 49
3  58 81 1
4  36 78 55 9
6  86 29 98 41 83 32
5  62 66 44 63 76
3  35 73 21
6  76 50 69 24 86 26
1  86
6  41 63 42 49 28 78
4  68 60 91 36
2  57 79
6  32 28 20 5 49 4
5  99 72 5 85 98
1  70
6  50 33 27 98 96 54
5  55 22 36 46 57
4  3 35 42 62
4  39 11 65 19
1  36
2  93 34
2  63 19
5  96 46 79 91 100
4  45 21 90 91
5  47 93 11 88 27
5  49 66 83 13 84
6  49 7 85 82 39 48
1  19
3  46 98 33
3  52 78 65
3  68 42 88
4  52 76 87 24
2  52 7
3  36 99 85
3  84 66 81
2  67 100
5  12 98 6 57 49
5  22 90 51 63 77
1  14
4  98 38 76 50
3  12 85 43
6  28 26 62 9 57 29
3  6 35 96
4  18 17 44 68
5  21 79 93 72 76
2  48 25
5  59 10 17 54 37
3  15 46 99
3  54 27 82
4  62 77 14 79
6  57 46 72 77 25 64
3  100 94 96
2  67 54
2  84 8
5  26 22 16 24 65
5  51 46 29 12 22
3  90 15 98
3  87 75 60
3  24 59 43
2  83 10
5  16 93 80 86 18
1  1
3  66 70 91
1  98
1  33
3  92 48 37
2  34 11
6  84 34 47 26 53 29
3  26 45 28
1  30
3  7 30 86
5  100 77 84 97 79
2  36 70
4  72 98 83 85
5  17 31 7 69 60
3  95 4 69
6  33 14 6 63 100 79
4  76 63 59 54
5  94 24 44 65 21
3  48 5 22
4  36 29 33 95
5  27 98 39 26 30
4  32 93 52 10
4  28 72 13 81
4  6 5 94 71
2  35 19
2  57 82
4  85 14 60 54
3  57 93 66
6  45 97 79 96 7 33
2  78 46
1  29
4  8 23 33 57
3  62 13 22
2  98 36
6  51 76 42 43 29 88
3  8 84 45
3  7 23 86
1  51
3  18 73 60
3  30 100 12
3  22 38 40
4  24 90 33 66
2  75 94
2  13 2
1  57
3  10 79 28
2  29 65
3  2 24 87
2  24 98
5  45 36 12 2 59
1  35
2  35 9
2  55 21
2  58 78
4  67 56 88 86
6  53 23 86 76 9 17
6  6 89 44 42 1 45
1  3
5  25 37 88 43 91
1  63
3  85 23 14
3  11 100 25
4  22 11 39 30
2  38 36
1  81
5  17 26 78 19 4
1  55
6  45 100 7 92 85 30
1  25
3  5 50 4
2  60 43
4  86 81 92 2
4  69 18 87 46
3  91 48 90
5  93 34 81 100 26
4  30 31 90 71
3  39 75 62
6  17 18 84 98 10 85
4  78 2 45 24
3  35 72 27
1  64
4  97 64 86 61
6  17 51 63 53 89 37
1  87
4  32 70 51 42
4  9 19 56 53
3  93 87 14
2  3 77
5  99 41 66 60 33
5  10 96 35 98 32
3  84 86 81
4  36 22 8 45
3  63 97 83
4  84 96 75 86
5  55 85 13 20 44
3  2 53 40
3  51 72 84
3  57 64 88
6  85 95 37 25 58 34
1  14
2  3 88
1  75
3  88 87 62
2  32 63
6  72 98 35 43 82 69
6  46 57 93 31 51 30
4  9 63 62 22
5  64 10 83 38 52
5  25 14 100 56 76
6  28 74 18 71 56 86
5  1 42 63 31 93
6  86 2 54 47 24 34
1  33
1  48
6  86 73 98 29 74 69
4  48 87 26 4
5  96 5 14 58 36
1  49
2  9 3
5  32 37 78 64 53
2  49 38
6  47 23 27 21 92 82
5  78 8 72 50 3
5  64 61 12 71 10
2  79 12
6  10 49 77 74 1 3
2  38 1
5  61 28 90 53 10
4  31 17 30 81
2  6 45
5  17 16 90 48 94
1  47
1  50
2  78 50
2  100 88
2  69 49
4  58 2 64 15
2  81 44
1  1
3  57 81 66
5  70 13 66 72 60
5  21 84 47 71 11
3  59 38 15
1  93
5  8 56 87 40 37
2  52 37
5  9 18 45 80 87
4  46 59 18 15
5  2 61 50 12 8
1  49
2  16 41
6  24 97 81 63 34 11
1  71
6  23 88 36 3 75 94
3  33 11 62
1  12
2  62 23
2  70 72
4  85 13 46 9
1  26
5  43 37 86 13 28
1  100
4  10 75 56 57
1  67
2  18 78
3  80 1 72
3  73 24 34
6  69 42 94 95 13 37
2  98 50
4  5 50 21 15
2  77 72
2  43 91
3  21 32 27
2  4 75
6  28 9 78 96 50 72
6  63 9 21 60 58 80
4  7 100 80 30
5  51 60 19 41 7
3  73 33 60
5  8 53 4 16 31
6  66 2 90 29 11 88
5  90 53 74 32 4
4  83 63 84 24
5  22 97 2 82 74
1  34
5  25 65 77 91 66
4  19 77 76 7
3  66 60 18
4  92 21 20 74
6  3 98 53 25 94 54
1  67
4  40 44 88 4
2  78 70
6  97 46 61 4 90 26
4  7 81 54 28
6  28 11 3 25 63 27
2  17 33
6  80 73 30 67 77 49
3  46 34 42
6  95 45 81 21 7 87
1  61
1  1
6  25 3 13 87 30 32
1  62
1  83
3  46 50 11
6  95 57 28 36 48 22
5  28 43 88 15 48
2  43 36
4  46 49 40 75
5  43 37 96 26 71
3  76 81 36
5  37 63 6 85 86
1  28
5  27 70 21 55 13
4  7 58 5 46
2  84 88
5  79 14 39 20 89
2  56 59
4  18 64 41 3
3  53 30 23
5  100 43 33 13 99
3  71 3 85
1  86
5  71 65 86 10 85
5  30 40 33 86 58
6  27 61 46 80 91 68
4  90 10 91 3
1  30
5  11 14 75 97 86
3  61 71 55
3  45 84 85
5  69 42 74 96 2
2  75 92
6  33 82 96 23 84 5
4  57 16 66 31
1  51
5  73 22 30 18 67
1  2
3  83 44 17
5  46 35 53 38 21
6  20 17 8 3 21 60
4  36 25 90 48
5  66 20 97 96 37
4  9 39 6 91
5  22 69 28 57 21
4  78 5 85 94
1  87
1  72
3  51 96 36
6  71 2 18 67 97 55
2  5 93
3  95 75 57
4  3 14 84 68
6  88 52 85 100 39 99
5  85 50 67 21 47
3  22 64 4
2  19 34
2  11 68
2  86 25
5  89 38 64 56 29
4  8 13 51 46
1  22
2  60 88
4  7 25 73 71
2  90 89
4  12 100 30 29
6  54 9 74 92 72 30
2  23 37
2  74 83
3  95 14 3
5  65 9 7 37 80
3  27 68 97
3  67 26 52
5  76 25 72 47 55
6  70 91 23 43 74 65
3  87 67 20
4  76 27 88 55
4  14 23 58 52
6  84 19 41 64 94 66
3  41 20 26
1  11
3  53 84 12
6  71 79 9 22 55 36
1  10
6  23 32 55 74 21 39
6  62 2 86 27 37 26
3  62 36 57
1  88
3  21 78 12
6  87 33 54 22 42 64
2  64 95
5  38 16 11 29 77
1  15
1  49
3  50 10 75
1  18
4  47 38 41 59
3  28 92 91
3  33 54 67
6  49 40 35 65 51 64
3  63 78 45
1  17
6  20 92 2 38 55 49
5  96 7 13 23 98
1  71
2  57 38
2  6 78
4  71 28 25 12
6  3 57 1 19 52 21
1  53
4  66 1 34 61
1  46
5  5 49 54 36 6
6  63 11 69 25 82 96
3  93 86 52
3  87 71 1
1  82
4  65 47 54 99
1  61
3  90 66 93
3  1 98 34
4  9 3 89 90
6  38 83 84 90 32 70
4  33 76 42 86
3  88 40 39
6  100 83 85 66 75 28
4  72 61 30 81
4  19 71 61 56
4  44 46 85 13
1  17
6  47 2 30 35 41 68
2  41 50
1  6
2  41 73
6  1 3 77 64 21 47
2  77 100
5  22 84 81 27 100
5  73 1 99 7 42
4  36 82 17 49
6  41 89 60 37 90 62
1  54
5  60 78 59 46 80
3  27 7 42
6  80 43 95 87 85 61
2  67 77
5  55 18 60 14 54
3  76 67 3
4  27 81 16 87
2  96 29
4  2 71 48 81
1  42
5  99 2 89 65 79
4  19 96 20 33
3  69 9 17
5  66 44 51 82 30
5  77 59 28 79 29
5  60 43 17 27 41
2  16 6
6  76 24 93 95 57 43
4  65 60 34 31
1  85
1  33
4  89 91 68 20
4  27 63 81 54
1  99
5  8 96 44 32 89
3  88 31 1
4  91 35 83 93
2  95 26
5  84 17 69 51 36
2  78 98
1  31
1  12
6  9 7 43 40 95 81
2  26 81
5  16 62 9 35 57
3  15 40 51
5  90 87 16 67 85
2  97 85
3  96 93 46
3  33 41 19
4  67 100 40 83
1  2
6  50 58 26 64 97 76
3  87 63 62
4  47 91 50 32
2  46 25
5  84 57 17 2 83
1  56
4  17 58 56 66
1  81
2  11 57
5  97 19 37 50 65
2  100 97
4  45 21 33 28
5  49 30 94 31 50
6  47 7 51 13 21 32
3  32 88 16
2  7 52
5  72 79 77 68 36
2  88 68
3  65 16 79
4  47 9 7 42
4  14 92 68 34
2  9 66
1  24
6  17 76 72 89 55 49
4  90 70 44 58
2  8 74
6  66 20 6 73 61 62
6  52 30 19 75 38 84
6  62 78 2 37 49 90
6  97 46 81 67 89 39
6  97 12 81 62 31 86
3  92 47 20
3  76 38 18
1  22
1  75
6  4 12 48 94 3 45
3  84 11 28
2  95 24
3  75 86 65
4  20 56 8 39
6  84 77 17 97 99 19
5  98 23 83 45 17
6  90 56 69 100 84 91
6  8 24 69 93 88 30
1  44
3  51 42 21
2  59 17
2  78 88
2  1 71
4  17 56 73 24
4  56 14 49 63
3  18 56 25
3  67 68 84
2  10 4
3  68 21 69
3  9 90 46
5  57 62 35 13 58
5  90 71 17 53 8
3  8 32 81
5  100 65 92 9 69
3  77 90 3
2  98 93
5  77 50 30 11 62
4  68 30 53 39
3  6 47 79
1  79
4  87 78 25 79
6  93 13 64 82 16 85
5  9 52 56 58 81
4  20 45 35 49
6  73 94 3 19 16 98
2  2 75
4  81 61 49 93
2  31 9
1  10
2  61 65
5  42 32 95 86 66
3  83 39 37
6  58 9 1 55 41 3
2  97 83
6  46 76 14 85 22 2
5  50 76 24 81 71
1  46
1  93
6  49 78 41 58 79 96
6  81 24 95 63 13 41
3  27 16 23
3  1 24 30
4  100 54 31 70
4  77 83 56 61
2  34 2
6  12 97 86 92 21 81
4  34 21 94 60
3  16 8 37
3  37 87 39
6  18 9 54 94 91 10
4  22 43 57 10
4  53 96 46 74
5  100 7 96 93 66
2  9 73
5  48 10 55 87 1
5  95 55 66 86 64
2  8 6
5  17 60 30 12 5
1  87
1  10
5  97 76 15 5 49
5  53 59 38 39 10
3  14 75 20
5  96 27 83 72 43
3  2 55 47
1  42
4  15 24 47 90
3  52 38 21
1  96
4  43 55 67 76
5  42 96 45 38 22
2  10 65
5  11 20 15 16 61
4  30 85 12 19
2  63 57
3  67 53 1
1  8
5  85 75 10 81 20
3  2 46 56
4  15 67 86 30
5  46 95 11 31 6
2  53 69
6  96 36 40 97 45 47
4  30 22 74 10
3  21 12 87
5  78 2 43 63 31
2  9 25
3  40 31 65
6  100 52 88 36 91 85
5  37 49 9 58 23
2  99 43
2  85 19
1  86
4  70 17 85 79
3  20 18 72
6  9 72 36 97 7 26
5  87 63 30 96 21
4  14 19 95 43
1  14
3  90 75 19
1  60
6  47 80 15 19 64 24
6  99 21 97 25 1 84
6  30 79 7 82 92 26
5  35 29 90 85 18
4  4 23 24 1
5  4 16 88 67 39
5  65 59 75 90 60
4  76 90 36 82
5  28 8 48 63 36
3  47 53 2
3  76 26 50
3  29 66 33
6  4 11 60 63 85 49
2  43 24
1  79
1  83
1  13
2  69 49
4  15 2 68 65
5  93 15 23 22 80
4  16 83 66 76
3  51 25 68
6  49 79 72 55 61 78
5  91 46 16 57 60
2  24 94
1  38
1  38
2  72 54
6  38 30 46 88 54 13
5  2 92 53 56 52
2  23 43
5  38 99 35 55 23
4  49 39 97 65
5  14 36 31 73 60
4  61 13 72 42
1  63
6  69 15 24 91 57 99
2  55 34
5  77 92 32 16 89
6  93 2 33 23 16 5
5  75 66 94 46 8
1  8
1  76
2  25 67
5  24 96 34 57 79
1  48
1  26
3  7 19 38
3  41 53 44
2  27 9
1  73
1  23
5  18 99 3 43 65
5  66 61 15 22 39
2  70 49
4  6 55 70 43
6  10 96 37 32 23 46
3  95 62 70
5  80 68 78 22 33
4  87 94 74 9
2  99 78
5  50 83 36 19 26
2  29 22
4  60 44 11 7
3  72 77 15
4  44 93 73 77
4  60 70 26 68
1  24
3  82 74 29
2  92 55
3  21 76 12
5  20 22 87 59 94
4  73 45 7 65
2  84 17
5  53 42 45 55 65
6  37 39 19 54 31 73
6  51 49 11 31 69 33
2  27 26
5  100 71 87 65 88
5  81 64 23 22 9
5  87 99 13 25 17
4  55 90 66 5
3  76 35 7
1  52
2  34 32
2  5 18
6  92 87 77 56 10 98
4  86 84 62 99
1  79
4  62 68 30 67
1  6
1  12
1  53
3  48 84 77
4  1 73 44 88
3  99 98 47
4  83 31 24 81
3  2 46 100
5  75 66 81 67 87
6  20 31 42 3 7 94
1  80
3  92 29 35
6  76 97 72 6 21 53
3  22 98 44
6  73 10 66 53 77 52
3  96 82 89
6  89 82 2 69 19 94
6  53 82 72 50 54 78
5  6 22 92 3 65
5  76 75 48 28 51
6  75 46 81 63 44 69
3  46 37 63
3  34 16 21
1  66
5  84 36 80 5 27
5  70 10 58 44 57
6  94 56 60 40 36 23
5  5 67 29 42 30
5  75 45 89 80 10
4  64 45 42 68
5  24 37 81 80 38
4  73 94 26 13
2  48 96
2  14 24
5  44 91 49 88 79
2  98 41
6  43 83 60 15 6 96
6  87 75 34 53 48 27
5  60 55 25 88 39
5  63 82 70 11 49
3  68 90 32
1  72
6  25 78 86 21 65 61
4  17 9 80 94
5  35 19 23 57 2
6  39 71 95 9 20 35
5  9 66 86 80 56
1  58
3  31 22 2
6  38 10 64 32 78 98
3  1 21 7
1  5
3  73 100 53
6  34 29 1 100 15 81
4  25 38 96 56
4  98 40 96 7
1  27
6  1 77 86 21 83 88
2  28 61
2  81 53
4  9 53 57 24
2  12 48
5  7 4 29 5 43
2  12 45
4  96 46 28 82
4  10 69 91 38
2  15 18
5  72 26 35 29 49
5  40 97 37 47 100
4  51 43 89 62
6  41 58 33 68 39 98
5  8 89 15 37 3
2  19 74
4  53 2 7 20
3  3 57 88
1  22
3  46 11 1
2  51 59
4  18 98 63 96
1  52
1  42
4  42 61 28 99
1  30
1  33
5  8 90 59 11 97
4  21 98 88 72
4  53 90 16 85
4  67 94 99 21
3  59 48 34
5  77 38 5 47 46
6  5 56 2 11 26 99
6  97 55 52 86 7 68
5  64 35 63 55 99
2  2 32
6  78 70 98 25 15 93
2  70 97
2  81 23
2  80 20
6  31 6 91 98 76 54
2  40 17
6  39 38 88 71 31 65
3  29 89 54
2  18 24
2  49 4
3  79 84 59
4  14 65 53 12
3  7 44 80
2  30 18
4  17 88 91 82
2  19 71
5  39 89 5 56 38
1  95
1  92
4  79 6 19 31
2  59 38
4  38 61 90 56
2  7 44
1  89
5  29 59 53 67 48
4  23 85 66 17
1  58
5  79 64 89 10 81
3  47 41 85
1  31
3  28 38 84
3  26 55 66
6  8 33 32 65 55 17
2  72 17
6  43 95 52 32 5 79
4  73 64 59 4
1  86
3  88 24 67
3  90 51 50
2  83 15
5  99 45 48 16 33
6  11 84 22 15 16 1
4  89 64 24 92
5  10 33 56 34 99
6  23 49 48 45 32 63
2  30 7
5  45 39 59 55 23
5  70 39 81 35 27
3  59 18 11
5  50 66 2 49 64
2  98 12
5  29 74 89 59 81
4  4 19 16 59
3  96 28 80
5  63 6 20 22 24
2  90 74
6  92 22 60 16 19 72
6  48 46 73 6 26 30
1  44
3  67 86 41
6  65 16 57 70 36 78
6  65 68 67 61 60 88
2  76 6
6  59 53 37 32 62 61
5  6 34 91 46 28
4  62 85 26 97
4  19 62 30 85
2  90 72
3  65 78 35
2  31 72
4  89 34 15 56
3  20 90 30
4  18 86 26 2
1  23
4  29 84 94 14
1  84
6  48 63 82 71 94 53
2  83 87
3  39 26 60
2  56 25
3  41 51 47
4  73 11 80 56
1  94
4  88 78 9 36
3  91 7 34
3  32 16 30
5  54 55 32 82 10
4  27 51 7 74
1  79
6  81 35 89 74 96 76
4  4 12 93 94
2  26 37
3  42 67 21
6  21 52 78 30 8 4
5  14 77 81 93 61
4  27 49 36 22
2  88 26
3  80 19 54
1  56
1  48
2  24 44
3  76 21 72
5  25 52 97 2 33
6  63 95 16 11 31 37
3  19 62 72
6  81 26 5 37 29 52
4  53 96 100 28
1  72
1  42
2  8 43
4  96 5 51 11
1  82
3  51 100 10
2  98 90
3  2 26 76
4  84 28 49 56
4  55 66 7 78
5  49 35 69 54 86
5  69 67 27 20 36
3  65 26 89
4  51 64 20 35
6  69 18 46 34 72 12
3  50 85 89
6  53 43 70 32 11 37
4  31 3 94 72
5  19 60 33 70 24
4  4 14 22 60
4  94 72 96 44
4  84 28 9 27
6  41 38 33 99 68 36
6  39 3 12 99 36 81
2  88 85
3  10 6 95
4  99 67 60 43
2  43 70
2  70 67
5  7 99 71 74 35
4  13 37 75 11
5  56 32 61 40 67
5  46 62 34 45 28
6  87 51 36 56 82 5
2  54 11
2  25 85
4  88 97 93 63
1  65
2  38 25
4  4 95 66 28
3  93 20 35
3  55 91 25
4  13 78 70 34
1  54
6  90 50 81 52 57 46
5  94 71 28 98 65
2  63 92
5  56 12 13 99 66
1  23
2  15 1
6  48 2 36 92 98 17
3  54 63 13
3  33 41 45
6  71 8 90 49 64 1
4  62 66 63 85
6  78 85 25 87 33 61
5  31 78 21 84 40
3  31 73 74
5  70 45 84 60 93
3  60 54 8
2  17 93
1  94
5  1 18 63 34 79
3  64 56 62
3  96 95 78
5  69 54 38 14 37
6  6 83 57 60 91 82
5  83 98 69 60 87
2  31 65
4  95 21 24 42
1  19
2  84 87
5  22 1 9 19 7
6  75 66 83 56 41 54
1  25
4  96 46 82 61
1  77
5  31 18 98 49 36
5  36 8 3 37 17
2  43 8
6  8 90 52 49 55 5
4  79 56 54 25
3  15 33 14
6  64 31 93 13 66 74
3  74 76 85
6  97 27 92 35 87 44
5  41 48 20 3 95
3  40 9 77
4  5 41 83 98
4  49 72 1 22
3  85 11 45
1  8
3  46 94 80
2  35 27
5  54 30 63 98 70
5  75 23 77 15 6
5  67 54 46 68 76
6  53 87 37 64 94 73
1  88
4  37 22 80 5
5  9 67 74 79 38
3  1 14 63
1  89
2  60 34
6  35 27 50 22 64 13
1  37
2  3 89
4  25 68 62 1
5  29 74 55 66 22
4  80 84 61 68
1  21
1  10
4  29 59 77 92
5  92 28 93 95 17
3  20 84 12
2  61 40
6  15 6 70 85 99 31
4  12 51 55 21
1  83
5  82 74 51 2 43
5  19 93 89 3 4
1  63
3  2 77 48
1  47
2  15 77
6  26 27 40 47 32 23
2  14 97
5  88 98 19 57 16
1  45
2  15 53
5  58 54 57 5 70
1  38
6  80 23 10 6 63 56
3  85 81 52
5  58 40 79 77 96
6  88 40 12 3 93 60
3  49 65 16
4  2 100 31 25
1  37
6  65 75 72 46 26 52
1  65
2  79 61
2  66 100
3  69 92 29
2  38 77
6  54 29 94 60 18 63
6  5 27 70 76 73 96
2  76 61
4  54 21 83 20
2  19 88
1  47
1  51
2  8 4
4  1 57 12 19
2  8 23
3  78 99 19
5  27 94 33 84 48
4  67 68 74 85
4  86 31 71 36
4  78 40 7 97
2  96 16
2  19 62
1  18
5  75 44 8 28 23
4  94 90 35 78
3  20 9 15
4  64 93 96 71
5  92 89 66 8 14
6  70 16 2 50 91 45
2  99 73
3  59 66 37
6  44 81 13 53 96 69
1  88
4  86 58 56 74
2  63 88
1  32
1  9
5  94 54 7 92 26
4  51 92 90 44
3  70 57 87
4  25 3 53 89
6  10 44 62 33 7 49
3  38 53 49
2  46 3
2  38 29
5  89 20 69 32 55
3  89 41 3
1  44
4  2 32 65 46
6  98 52 42 37 90 94
6  9 40 88 35 78 17
1  66
3  82 98 90
2  86 31
2  99 75
5  1 6 42 46 99
3  97 41 76
6  34 62 94 74 50 29
4  66 43 17 2
2  14 91
3  100 22 66
6  96 43 98 1 85 100
2  39 40
6  25 74 61 18 47 10
3  98 75 89
1  76
1  27
5  56 26 89 21 24
6  63 22 85 47 65 84
5  4 24 69 28 97
2  46 43
3  92 40 13
5  54 89 93 81 56
3  7 44 69
2  28 32
4  13 78 16 97
3  19 20 17
3  16 45 92
4  83 98 96 64
4  84 56 32 40
1  38
5  72 68 11 3 19
2  81 35
2  29 53
3  45 99 54
6  91 12 72 74 10 67
3  61 51 92
6  90 96 30 73 67 98
5  70 17 5 51 24
5  4 62 23 3 16
1  93
2  83 66
3  49 2 98
6  94 90 89 20 61 56
2  44 25
2  49 75
6  72 54 87 34 76 90
3  87 82 76
5  48 13 19 49 10
2  43 99
1  31
2  67 87
3  10 11 69
4  86 53 30 39
3  64 15 29
1  2
1  89
5  58 1 89 6 10
1  49
1  13
5  27 80 66 63 90
5  31 48 62 83 77
1  22
3  15 50 53
1  60
3  87 17 42
5  23 52 83 71 60
6  50 87 75 16 49 64
6  80 11 54 63 88 84
2  69 34
5  85 94 22 72 11
4  48 34 14 30
1  74
2  54 61
6  70 10 62 61 89 73
1  52
4  68 35 88 37
5  68 22 63 89 93
5  52 41 7 66 71
1  40
6  65 100 94 34 10 56
6  99 28 7 50 88 75
6  75 11 53 42 32 16
2  25 89
5  65 95 49 35 5
6  30 69 88 24 2 97
5  96 95 7 3 44
6  77 29 69 87 81 10
2  97 41
3  85 24 7
5  72 42 83 60 51
3  95 53 45
5  48 40 80 50 84
5  27 12 42 13 93
4  31 89 92 74
5  16 80 51 87 22
2  47 93
6  94 87 37 38 60 85
5  39 35 60 12 61
5  54 74 64 5 52
6  79 24 12 58 75 98
5  8 45 72 92 38
4  28 76 18 13
4  57 48 13 68
1  84
2  82 47
2  87 99
2  65 22
2  23 96
2  2 4
5  74 95 13 32 23
6  49 35 41 5 82 53
5  90 37 94 72 84
2  59 82
3  24 3 74
3  99 5 48
1  80
2  97 92
4  19 80 1 54
2  6 35
5  79 25 10 72 96
6  92 55 75 32 78 6
2  76 10
5  78 89 93 74 81
3  93 61 46
3  81 52 80
4  30 5 65 2
1  58
6  55 32 24 33 9 30
4  85 40 27 63
2  19 37
1  64
2  70 9
5  51 61 54 5 90
4  69 91 59 27
5  13 58 7 45 67
3  1 51 76
2  13 4
3  49 13 9
5  82 18 51 32 78
1  37
5  62 6 58 20 32
3  33 89 48
5  55 84 78 6 59
1  19
4  50 68 75 59
3  57 77 96
6  54 100 24 22 61 29
5  81 61 20 14 49
5  91 4 51 69 9
1  73
2  73 23
6  47 81 40 3 57 35
6  11 34 15 32 95 44
1  76
1  31
6  53 98 80 56 49 65
4  21 92 30 44
6  77 25 26 80 82 61
5  92 94 85 24 89
2  35 64
2  66 52
6  63 32 40 11 80 4
5  1 96 99 44 83
5  68 8 55 50 25
3  62 9 65
3  37 99 13
5  65 52 27 97 91
3  76 95 7
5  90 5 20 72 81
6  80 35 38 48 60 78
1  69
3  58 5 42
5  73 6 35 25 32
2  15 70
1  10
5  83 99 81 3 71
4  91 50 96 28
6  55 6 5 23 48 63
2  90 33
1  95
5  25 27 99 40 96
1  49
5  88 48 53 91 18
1  82
5  9 10 64 63 15
5  86 63 32 13 52
4  13 47 32 38
5  30 78 69 35 26
3  23 74 93
1  91
1  95
4  15 4 22 78
2  91 64
5  22 76 32 86 89
5  17 27 51 47 4
2  81 30
4  4 3 52 17
6  58 11 51 73 14 31
4  14 11 85 89
3  71 78 21
6  4 72 34 8 90 15
3  50 18 39
1  34
2  59 44
5  32 57 55 82 88
2  96 99
1  85
3  73 62 60
4  33 93 74 23
1  10
5  26 49 73 59 80
2  3 62
4  60 17 46 48
3  41 47 37
2  88 9
6  50 68 52 83 61 25
1  69
3  78 94 83
4  53 63 82 56
2  46 15
3  91 63 75
2  9 11
4  96 20 42 46
6  94 28 48 18 33 17
4  10 35 61 62
6  42 17 21 88 32 61
5  95 35 10 3 46
4  99 65 6 45
4  99 72 100 17
1  16
5  15 25 3 75 87
6  17 4 19 5 36 80
5  30 15 92 33 60
4  32 25 62 76
5  60 48 75 77 53
6  45 67 15 47 42 2
3  59 5 65
4  40 44 45 70
4  36 3 17 91
3  41 52 10
1  12
4  92 88 10 82
2  77 97
5  19 98 25 77 2
6  39 42 32 83 12 89
2  14 6
1  48
3  62 58 64
5  16 55 61 26 36
6  2 32 72 20 30 96
6  31 84 35 73 16 18
6  5 36 98 10 45 46
4  6 4 20 79
2  75 40
3  11 33 46
3  4 66 72
6  62 3 84 97 75 99
1  59
1  50
4  13 95 3 69
1  6
6  79 25 64 19 69 74
4  15 16 55 81
6  54 43 90 37 39 64
3  52 23 38
1  80
3  96 82 19
6  87 8 74 12 71 93
5  44 96 60 98 76
3  52 18 36
6  57 100 24 8 23 62
1  2
1  4
5  30 99 70 37 73
5  7 66 63 50 9
4  10 7 34 57
4  52 93 47 8
6  71 15 32 24 17 42
2  99 71
2  69 8
6  51 14 65 13 64 74
5  73 80 3 29 38
4  22 85 62 14
4  77 28 86 100
3  28 43 99
4  12 6 54 62
2  19 74
5  93 44 55 73 47
6  10 1 5 95 62 18
3  38 46 35
3  90 62 66
2  61 20
3  66 74 6
6  93 80 67 85 23 22
4  70 6 67 11
4  32 28 9 69
5  43 7 63 5 72
6  66 92 39 32 65 44
1  57
2  83 42
3  5 98 15
1  64
6  20 25 16 48 34 85
2  76 91
6  81 63 79 46 55 17
5  19 61 93 76 83
5  17 29 80 15 43
6  79 27 10 3 42 58
3  27 79 12
2  62 93
5  40 39 35 57 15
4  17 8 29 100
5  46 28 63 61 71
4  39 98 63 42
3  20 78 66
6  89 83 60 82 63 100
2  97 56
3  49 73 42
5  73 25 24 1 88
5  71 40 22 69 3
4  8 22 41 73
2  30 55
5  11 17 78 31 13
2  65 62
1  7
3  79 32 63
5  19 46 50 59 68
2  61 31
2  83 71
6  2 100 52 80 11 68
4  41 80 91 6
3  97 12 81
5  44 43 53 63 89
1  21
4  20 82 87 44
4  57 41 66 92
3  68 59 2
1  39
6  14 80 88 26 61 63
5  3 15 31 92 17
4  47 37 34 33
5  98 90 20 63 47
1  8
1  70
1  22
1  2
3  89 90 60
3  52 29 67
4  43 84 11 89
2  44 22
6  41 12 19 4 58 30
1  72
6  21 93 8 22 28 96
1  88
3  63 16 96
2  75 38
1  85
2  32 29
3  31 69 59
3  73 17 79
6  88 79 5 81 86 27
1  82
3  96 26 1
1  21
2  87 58
3  71 85 73
6  32 3 68 91 52 41
1  31
2  95 9
2  75 95
4  83 77 92 79
1  92
6  22 21 77 80 63 47
4  35 46 96 38
1  87
6  54 94 21 78 89 30
1  64
2  61 47
6  52 25 2 44 15 24
4  91 4 27 38
5  62 84 63 100 98
3  90 51 43
1  29
2  40 35
6  63 95 41 47 66 65
6  80 88 55 70 91 82
1  59
3  91 21 43
6  71 32 39 14 42 68
3  81 2 39
3  97 80 7
3  45 71 34
2  59 88
6  50 69 2 8 12 92
2  55 80
6  87 18 12 28 86 57
1  88
6  52 84 75 59 27 19
2  60 43
6  48 36 37 17 44 29
2  73 83
1  71
5  26 83 97 11 39
1  98
2  57 82
1  16
1  26
3  68 31 16
1  68
2  41 12
4  70 84 43 78
4  12 3 37 9
1  75
1  12
1  71
6  15 86 2 41 30 70
1  61
6  13 28 17 54 39 77
2  22 19
6  76 31 3 12 40 17
6  53 29 94 24 22 9
1  23
3  39 93 58
6  78 70 27 94 23 65
5  46 87 89 62 19
3  74 58 65
4  11 93 53 34
1  61
3  37 10 82
2  67 81
1  37
1  100
4  72 69 5 58
4  50 19 76 97
6  34 62 51 45 54 4
5  68 65 22 5 74
1  34
3  83 40 78
6  39 37 61 8 41 18
4  90 37 41 87
2  74 48
5  18 2 83 96 69
3  17 73 22
2  6 62
1  45
3  92 83 75
4  91 16 70 55
1  6
6  91 34 69 39 14 86
3  96 82 8
3  99 81 65
2  86 26
2  31 65
1  14
3  65 4 56
2  58 60
3  53 51 73
2  90 86
1  29
5  89 37 25 87 17
6  6 3 16 27 33 80
3  46 20 3
3  75 36 7
3  75 59 86
3  79 75 34
6  3 16 74 40 41 61
4  30 66 58 45
6  90 25 31 36 44 33
6  19 69 91 54 43 50
3  91 29 13
2  14 16
3  87 55 79
3  10 8 14
5  52 6 58 76 36
6  20 68 77 39 37 92
5  17 30 70 45 42
6  58 32 45 12 10 93
2  17 6
6  69 11 46 45 47 39
4  15 16 2 51
5  94 30 100 23 99
3  65 92 3
2  23 48
2  32 40
4  49 46 43 18
4  89 62 2 28
2  16 43
2  67 26
2  96 26
3  95 70 8
6  72 29 8 19 62 40
4  16 89 4 59
1  60
3  68 61 75
6  77 17 21 43 41 39
5  84 33 38 92 19
1  20
2  29 82
4  87 98 55 91
4  61 50 4 28
1  78
2  88 95
3  31 37 82
5  6 66 1 43 57
2  53 77
3  81 59 12
5  57 66 59 13 27
1  16
4  19 93 75 6
6  16 36 25 98 4 30
4  5 73 21 24
2  97 70
1  56
5  73 12 47 31 24
5  39 40 27 57 33
1  63
2  18 98
3  16 2 73
5  6 45 100 30 70
6  99 75 52 80 48 63
2  79 87
6  17 26 74 58 28 36
5  45 33 21 61 35
6  39 40 70 8 35 69
5  86 49 30 75 8
3  74 24 60
6  98 17 26 33 94 71
4  15 31 100 8
5  40 46 8 10 54
3  78 36 28
2  65 76
1  72
1  74
6  69 72 93 86 98 26
5  69 92 94 99 91
1  69
2  47 77
3  100 19 18
3  46 44 100
2  44 71
2  17 67
6  89 59 86 87 85 65
4  76 58 54 67
4  22 97 6 98
3  6 16 55
3  62 98 40
5  42 11 13 58 77
1  47
3  98 33 20
4  87 95 21 40
4  79 62 58 84
4  95 89 75 49
2  37 47
5  19 88 80 32 46
4  44 92 42 25
1  4
1  7
2  52 68
1  13
2  86 72
2  75 47
5  5 83 15 73 2
1  53
2  48 9
5  40 1 17 64 13
2  75 19
3  26 86 46
3  11 32 31
1  57
6  11 40 13 84 41 15
3  73 63 45
3  2 45 66
4  58 86 41 76
2  67 62
5  5 73 6 15 3
1  72
1  23
1  14
1  52
2  42 24
6  86 73 93 31 38 58
6  24 99 64 52 65 26
2  69 98
2  83 1
3  54 2 66
4  16 72 45 13
3  35 99 12
2  30 50
6  18 73 84 81 25 48
1  50
1  4
5  100 5 25 53 6
6  18 22 63 33 66 76
5  1 74 84 28 4
2  14 21
1  97
1  30
3  7 80 61
1  61
4  15 86 13 21
5  30 42 39 63 8
1  35
1  88
2  36 92
4  49 12 58 45
1  87
6  19 67 50 30 28 9
3  14 21 64
6  51 5 29 13 43 48
2  30 66
4  22 18 4 33
5  49 45 62 38 64
2  87 93
4  96 37 69 16
6  59 67 5 87 80 17
2  27 37
4  93 92 80 10
6  12 85 43 57 46 80
2  74 67
1  30
4  50 98 78 49
4  44 54 43 23
5  71 50 6 29 43
6  9 52 92 21 37 34
5  83 14 98 57 80
1  86
3  60 83 19
1  39
4  62 81 85 31
4  35 37 81 77
3  89 29 25
1  65
4  86 48 73 84
1  53
6  89 94 54 72 12 62
1  74
2  92 59
4  43 94 91 24
5  24 12 99 49 21
4  8 7 11 80
6  14 33 84 2 26 37
5  38 99 84 12 21
5  71 75 18 64 65
3  33 89 53
2  38 74
6  45 81 5 25 71 18
4  55 20 83 91
6  21 90 77 32 10 52
1  85
5  66 49 10 99 38
4  30 75 36 24
2  16 28
3  86 46 1
3  65 83 31
4  4 20 35 36
2  86 38
1  55
1  63
4  2 100 27 31
5  62 55 93 77 82
3  63 28 37
1  92
2  34 50
2  54 84
4  83 70 96 97
2  98 60
6  100 60 15 30 34 76
6  27 53 67 63 16 94
6  18 86 19 52 35 42
1  19
6  88 89 95 85 13 93
3  2 92 4
1  22
3  92 6 64
3  72 27 60
4  26 78 51 45
2  85 87
2  4 86
2  92 80
1  5
5  48 6 64 51 22
6  88 14 91 52 58 62
5  17 27 3 95 77
3  23 62 34
4  66 20 76 58
6  80 62 72 28 68 35
5  90 20 66 3 10
2  61 72
6  78 99 98 72 76 45
6  38 79 50 3 98 25
4  97 4 22 69
2  90 3
1  79
2  76 82
2  92 43
1  87
2  3 84
6  78 28 86 15 7 35
2  5 60
5  2 63 100 70 95
6  73 4 68 95 79 50
2  71 92
2  57 12
2  40 3
1  68
6  25 75 22 42 79 81
2  80 44
2  50 38
1  22
3  75 16 20
2  42 90
1  72
3  27 4 86
2  13 54
1  37
2  38 79
1  19
6  87 62 16 36 100 23
4  41 97 73 61
2  15 50
3  86 97 62
6  82 90 1 36 5 38
4  42 17 70 60
1  56
2  30 92
2  52 48
4  49 21 22 69
3  72 4 21
5  65 9 50 54 10
6  58 48 49 100 64 19
4  77 75 82 7
4  3 58 14 65
1  34
6  75 69 58 78 89 26
3  97 76 96
1  61
4  54 10 53 18
2  13 95
1  94
1  67
6  59 81 61 65 14 47
3  82 5 17
5  31 58 67 6 54
5  67 7 28 77 60
3  4 72 39
1  66
3  73 62 97
4  23 62 67 69
6  48 74 17 18 5 75
6  11 28 59 77 34 86
4  93 30 58 65
5  63 30 6 36 91
1  88
1  64
4  82 64 2 56
5  20 60 55 5 70
5  63 47 15 48 100
1  78
4  72 45 20 1
4  55 92 54 43
1  18
6  87 81 99 43 61 18
1  15
2  72 97
6  18 11 33 19 10 75
6  55 95 91 5 49 82
4  92 87 76 88
5  56 86 16 17 4
2  32 26
6  28 11 6 39 44 24
4  54 99 47 8
6  37 13 42 19 71 33
1  46
2  78 2
1  93
2  9 10
3  34 98 78
3  4 17 88
2  74 41
2  20 48
2  56 61
4  74 31 92 79
5  11 56 77 16 49
6  25 59 45 56 22 3
4  39 90 87 12
2  13 31
5  30 87 38 89 61
5  80 39 44 91 95
2  7 44
1  31
1  58
6  58 80 92 17 18 81
1  30
1  16
4  89 46 47 27
3  7 95 14
3  38 5 40
4  12 84 71 43
6  29 32 42 8 23 59
2  4 62
4  14 77 15 3
2  62 29
4  69 23 71 14
4  75 54 17 86
3  87 29 22
1  60
4  23 82 22 48
6  84 3 99 60 17 2
5  78 30 39 47 53
1  61
1  83
1  29
5  51 16 98 72 31
4  35 53 39 57
1  24
3  3 23 100
2  24 82
6  54 20 44 6 28 4
2  11 18
3  80 68 62
5  40 92 34 75 44
5  31 45 96 71 47
2  70 66
3  52 63 97
5  6 3 99 9 20
1  26
4  90 94 28 67
2  20 100
1  64
5  39 8 68 9 54
6  79 20 29 30 82 26
1  87
2  100 96
3  10 22 14
6  15 41 65 48 60 55
2  37 93
2  4 2
6  90 80 3 19 10 85
3  10 71 67
2  19 88
2  18 2
5  83 49 32 47 4
4  83 97 86 87
6  69 76 77 72 95 86
4  38 96 27 9
1  94
2  24 81
4  41 83 30 23
2  62 70
3  17 52 31
1  38
2  71 14
1  43
1  91
6  46 87 25 54 92 18
5  16 99 38 56 81
5  79 12 29 49 47
3  100 78 46
3  6 16 51
1  58
4  2 56 4 88
5  58 80 99 38 95
6  76 51 78 43 30 90
5  78 37 15 14 61
1  19
5  66 30 34 24 31
6  28 18 71 86 98 69
2  92 67
6  43 44 41 72 34 11
3  70 26 84
6  41 3 62 6 32 95
2  62 85
4  80 55 43 77
2  66 69
6  65 11 34 5 83 67
1  31
3  41 57 20
2  98 22
6  3 53 83 33 15 67
6  94 22 33 71 45 98
3  34 63 50
5  67 32 34 83 63
5  23 19 90 50 17
1  37
2  64 19
4  79 86 42 72
1  74
3  51 72 81
6  34 30 52 1 61 85
5  23 55 6 42 45
4  58 56 91 77
2  10 28
6  95 69 70 2 43 12
4  14 92 37 48
2  88 48
5  73 30 4 28 35
3  72 90 2
2  80 79
3  90 6 44
6  75 13 86 17 24 37
2  16 73
5  36 61 25 17 33
4  21 60 90 65
2  79 67
4  58 45 4 48
4  48 32 26 61
2  42 85
4  73 100 27 50
3  87 75 53
2  29 73
5  18 37 10 97 4
5  55 49 72 2 99
2  33 24
5  50 66 64 4 38
4  30 88 100 17
4  52 36 92 24
1  10
4  25 6 64 92
4  13 64 61 11
5  94 35 62 44 100
2  47 38
6  77 26 89 94 88 40
2  80 64
3  89 24 68
6  88 60 54 1 23 15
1  5
1  45
4  53 45 92 100
5  81 76 8 69 96
1  98
5  72 42 64 96 10
4  84 69 11 92
2  95 97
3  39 62 87
5  54 86 66 34 61
5  3 30 68 11 28
3  83 70 6
5  79 64 62 48 75
3  39 100 40
3  34 79 97
2  62 51
1  28
6  66 100 86 96 68 97
2  11 79
6  16 57 71 80 19 18
4  64 57 53 4
6  87 82 89 7 44 39
1  71
2  77 71
1  72
3  6 95 49
6  87 65 41 58 44 59
5  97 23 33 50 26
2  36 8
1  42
4  52 53 22 75
2  92 83
1  30
6  96 78 72 83 42 13
3  86 72 16
5  94 48 31 20 72
4  27 84 9 78
3  61 99 10
6  90 93 92 20 81 87
6  53 70 39 65 10 24
3  25 6 29
5  37 49 43 3 75
2  11 52
4  72 50 62 40
4  53 60 45 40
4  97 9 95 62
2  19 97
3  25 26 14
4  74 56 64 48
5  74 100 44 46 50
1  8
6  79 60 49 24 100 5
2  9 100
5  27 18 78 69 42
1  82
1  77
3  66 25 19
3  24 62 85
5  77 92 63 56 52
1  79
4  16 99 60 15
5  87 32 57 55 74
4  37 77 74 42
4  92 81 85 54
4  58 30 57 21
6  9 32 64 60 47 62
2  61 41
1  93
6  61 67 58 97 43 94
5  84 55 62 65 40
1  30
6  46 87 18 31 96 50
6  56 96 55 75 57 81
3  93 42 15
4  38 58 45 8
3  100 70 6
3  85 36 30
2  54 61
2  3 54
5  99 9 47 55 4
2  4 97
5  18 47 7 75 92
1  16
6  84 22 29 68 57 65
6  78 19 58 95 22 12
5  20 14 75 23 41
5  20 9 96 66 15
5  57 29 86 48 13
1  76
5  64 41 78 42 59
3  37 80 47
1  100
4  17 74 90 57
4  9 66 47 74
5  17 31 10 3 79
2  10 54
1  74
6  80 15 54 51 34 62
4  33 29 70 7
2  27 58
2  92 4
6  73 20 31 82 23 9
1  33
4  5 6 57 84
2  11 99
5  44 61 24 76 89
6  82 7 19 40 32 11
3  31 83 63
4  64 86 70 67
2  32 71
2  89 54
3  99 53 12
3  13 35 18
1  28
6  8 46 39 40 56 81
5  38 44 32 2 29
1  68
3  32 38 69
2  92 10
2  45 22
4  57 56 77 59
5  76 67 29 14 6
6  95 76 22 39 7 24
5  7 91 14 39 29
5  59 20 92 77 64
1  36
2  69 13
5  52 88 46 80 2
4  65 96 26 87
3  33 10 2
3  100 15 79
2  97 37
3  88 14 12
6  50 32 69 62 11 20
3  57 100 51
1  64
3  33 51 81
4  60 82 5 59
6  83 87 93 19 35 81
2  46 81
5  78 49 43 88 69
6  44 68 42 51 32 89
5  82 69 48 41 51
4  100 48 34 87
3  53 21 84
4  1 65 44 49
1  32
2  99 75
6  41 26 17 30 9 98
6  56 39 49 8 97 41
2  37 93
3  57 77 12
4  42 55 7 49
6  24 48 61 8 89 87
2  18 95
2  16 50
4  65 57 99 62
6  24 98 90 70 55 67
5  13 8 36 19 57
2  42 5
5  49 94 69 73 12
4  95 27 13 54
6  70 53 67 76 51 57
3  5 23 27
2  31 62
3  88 84 77
6  66 26 86 35 99 97
6  93 24 10 47 15 79
6  68 46 75 18 2 20
2  25 46
3  56 8 75
3  91 52 35
4  77 20 92 76
1  89
5  40 98 14 54 77
1  22
2  87 40
2  6 62
3  51 2 4
4  77 47 49 28
5  6 5 1 97 80
2  85 47
4  83 60 10 72
2  82 58
5  6 64 33 54 14
3  58 72 11
1  21
3  86 26 43
6  22 23 4 7 69 60
6  29 70 48 1 30 59
5  35 22 4 89 36
3  47 7 48
4  28 86 36 53
2  22 75
4  26 82 20 85
5  48 54 18 49 55
3  7 26 82
2  29 71
4  67 17 70 15
5  97 100 3 50 29
2  25 79
3  6 98 34
5  46 88 94 42 41
1  67
2  28 96
6  91 63 10 61 77 76
4  77 79 7 5
1  31
5  53 36 81 86 12
2  74 5
2  15 46
2  82 68
3  78 61 38
3  70 98 17
3  55 94 24
4  98 26 92 81
5  28 62 64 39 87
3  43 7 52
6  26 34 56 73 12 16
1  52
6  8 68 30 63 61 53
2  59 79
1  40
4  42 1 20 80
6  57 23 94 8 11 19
3  67 92 53
5  2 4 67 10 72
6  72 33 49 96 91 27
1  31
5  52 31 3 18 59
4  11 67 65 30
1  31
2  61 13
2  65 80
2  37 75
1  69
2  99 60
4  8 90 34 59
2  36 90
3  95 44 48
4  8 77 71 39
6  32 51 19 96 30 50
2  5 53
6  29 51 60 79 58 49
1  17
5  48 6 43 49 54
1  57
2  76 95
2  7 46
3  2 76 95
2  80 47
2  8 97
6  87 55 42 99 71 10
3  77 16 90
2  69 95
5  98 70 77 24 76
2  69 77
6  63 11 77 10 44 84
1  36
5  60 77 70 31 87
1  8
1  6
2  70 100
1  67
5  91 45 12 60 22
1  23
2  84 32
5  68 38 10 39 97
6  8 28 73 23 35 74
2  68 43
2  82 10
6  72 1 41 83 61 62
6  83 93 74 15 67 42
4  77 80 49 63
6  76 36 10 11 9 38
5  52 65 59 62 61
2  63 1
1  24
4  3 7 55 76
2  22 18
5  98 97 21 61 84
6  96 93 7 5 31 85
4  95 44 19 56
5  82 57 86 5 19
6  11 74 64 31 95 81
1  93
5  23 54 61 19 50
4  26 55 84 11
1  79
4  30 35 27 11
6  12 16 10 100 26 84
4  57 78 43 60
5  21 83 24 81 2
5  34 27 18 38 96
6  68 31 17 79 22 29
6  31 28 20 14 90 76
6  33 36 63 53 19 87
3  20 59 68
3  86 85 84
2  81 74
6  11 91 69 32 19 63
4  47 82 77 37
4  69 93 31 22
1  17
4  31 76 23 77
4  8 61 86 89
3  77 99 25
3  31 44 8
6  90 89 71 26 47 39
6  40 70 17 50 87 72
5  62 95 58 24 2
2  9 91
4  85 89 77 30
2  20 38
1  9
2  84 34
5  22 29 12 92 45
4  78 17 42 40
1  99
4  13 17 72 3
5  57 92 44 87 12
4  24 25 72 50
1  6
2  30 34
2  21 79
6  98 95 36 37 6 34
6  19 51 71 22 18 27
1  62
1  24
2  36 49
6  85 56 3 7 37 40
1  15
2  3 10
5  39 16 2 38 34
4  8 55 70 35
5  32 47 92 57 83
3  54 68 96
4  74 80 92 13
6  7 46 88 16 14 27
2  16 64
4  68 72 19 38
1  87
5  53 78 26 35 18
5  3 13 35 76 93
2  89 78
2  35 65
3  48 91 79
4  55 44 32 27
4  69 33 49 39
6  26 65 21 43 44 23
4  78 98 48 4
6  25 36 21 89 84 69
5  62 32 34 5 63
4  67 32 93 15
5  78 41 34 98 84
5  20 38 55 18 86
4  4 10 93 25
6  77 93 78 38 24 12
3  87 72 10
2  64 24
6  42 65 22 40 48 99
4  86 53 77 71
1  81
5  4 5 78 80 98
4  18 21 67 60
1  38
5  26 2 93 13 43
4  34 83 5 33
3  90 86 18
4  96 99 40 100
1  18
5  1 73 96 22 39
4  29 76 25 54
5  17 67 20 74 1
1  79
2  43 68
2  61 29
1  60
5  13 63 86 92 64
4  88 85 97 43
1  72
5  67 49 84 33 69
4  34 70 36 66
1  4
6  74 32 98 33 100 10
6  85 2 59 43 89 39
2  56 10
6  23 59 82 56 27 39
6  97 74 55 9 78 39
5  9 36 14 8 46
1  92
3  67 35 10
5  66 65 83 64 88
3  45 43 67
5  31 63 57 86 72
3  24 53 42
4  67 50 5 76
3  52 43 76
6  52 48 17 30 16 4
5  60 47 38 43 77
1  99
4  72 33 86 25
5  45 92 24 49 68
4  1 10 40 87
4  88 39 79 18
4  83 88 14 29
2  56 6
2  54 68
6  87 54 21 60 98 12
5  47 79 48 89 88
2  51 75
5  29 93 26 12 80
3  40 4 94
3  29 48 14
2  34 67
3  94 64 58
5  11 37 24 58 25
1  91
5  87 62 4 79 15
4  26 55 62 19
6  91 67 14 15 100 80
4  94 44 18 70
4  54 94 12 79
1  2
4  92 64 57 70
4  72 28 76 27
6  95 26 79 61 39 94
4  19 54 62 71
2  16 24
1  27
1  22
2  56 13
6  12 82 42 84 9 17
1  98
1  36
5  72 75 70 32 93
2  85 54
6  8 70 18 24 96 20
3  24 75 57
1  87
3  56 70 47
5  79 45 84 15 21
4  89 90 87 81
1  71
3  7 78 4
2  1 100
3  46 23 18
1  37
1  40
6  74 87 66 53 31 50
5  51 5 55 41 91
3  53 61 71
4  39 75 83 74
2  84 96
3  86 33 47
2  25 21
1  91
5  42 40 93 44 95
2  35 31
6  95 1 44 34 75 27
5  49 52 56 44 95
3  76 42 67
1  63
5  92 36 20 31 76
1  75
5  44 9 1 29 4
1  73
3  77 99 9
2  51 65
5  46 6 44 88 73
3  51 50 36
6  70 66 62 81 41 32
2  50 32
4  53 34 25 90
1  24
6  34 75 62 2 20 68
3  8 40 90
4  90 25 44 59
6  5 40 32 37 64 81
5  17 33 2 41 22
1  65
2  46 39
5  47 59 49 93 67
6  82 25 79 7 68 38
6  73 77 28 9 41 8
5  57 41 79 98 63
6  62 82 35 1 63 60
1  74
2  1 56
4  79 62 19 17
4  92 93 86 100
2  94 78
6  34 56 87 97 46 49
5  81 49 41 62 9
4  36 35 53 91
6  32 52 3 48 10 94
3  95 94 74
6  71 64 23 27 50 19
5  99 96 52 48 37
1  56
6  49 90 41 40 75 72
6  78 20 1 71 60 95
4  34 84 36 97
1  62
3  24 34 45
2  86 92
4  100 48 44 37
6  88 12 57 78 89 76
5  60 36 73 24 69
4  60 66 62 22
1  85
4  56 5 41 48
4  41 95 4 89
2  88 76
3  44 54 31
2  32 90
4  4 14 24 61
5  89 22 95 100 7
4  55 11 91 3
5  31 97 74 19 28
4  95 70 5 48
1  24
5  91 79 83 5 2
3  78 90 64
5  89 71 23 44 82
1  46
4  45 42 26 64
5  87 58 39 92 5
3  16 83 30
6  65 34 96 7 12 85
5  84 73 42 6 17
2  20 63
5  64 4 1 27 73
6  84 12 79 88 51 95
5  81 88 35 14 83
3  25 68 12
1  41
4  15 57 76 34
2  50 97
2  50 24
6  37 7 16 95 58 10
4  38 98 99 52
5  41 77 48 52 85
6  5 100 44 80 33 63
2  30 85
5  53 80 16 60 87
2  55 44
3  19 82 38
2  33 18
4  10 65 94 52
1  93
6  94 26 57 23 56 42
1  9
2  17 69
1  48
2  52 88
3  34 25 59
4  42 16 76 6
2  69 58
3  62 52 32
6  9 55 43 51 56 52
5  73 20 79 21 42
2  9 83
4  33 41 29 75
4  4 81 82 73
3  21 35 90
4  23 99 7 66
3  63 17 20
3  36 99 56
5  29 64 61 92 97
1  21
5  58 25 52 40 98
6  60 33 80 12 55 79
2  20 28
5  36 48 15 72 46
5  50 75 34 10 66
2  11 87
1  69
1  53
1  9
3  67 41 22
5  95 1 96 14 28
5  50 76 91 22 21
4  72 96 94 81
4  24 92 48 60
4  76 67 19 33
1  40
1  2
3  7 16 69
5  66 44 74 88 64
3  59 60 28
3  21 51 31
5  75 90 27 51 56
6  69 89 1 9 100 3
3  7 18 17
6  84 60 62 71 24 96
2  83 23
5  4 74 98 72 48
6  99 43 93 67 31 94
5  31 96 24 37 14
3  25 97 100
6  68 24 82 96 7 5
4  10 79 61 82
2  48 81
2  90 73
6  21 66 51 62 90 87
5  30 12 72 99 39
4  81 35 59 86
6  69 64 59 51 90 6
2  15 95
1  6
1  69
5  66 31 62 53 5
6  64 77 20 63 16 73
3  51 32 28
3  100 92 6
3  82 12 81
6  6 84 2 21 53 74
6  83 35 39 88 26 3
4  46 65 80 18
1  30
3  35 78 49
2  84 99
1  95
5  3 1 62 4 21
1  78
1  97
1  46
5  38 48 83 13 27
6  20 57 49 54 34 97
5  17 95 87 11 73
6  11 35 92 32 49 70
3  45 81 84
2  19 32
5  1 44 2 63 58
3  17 91 46
6  7 40 83 18 13 71
2  48 63
4  96 32 98 40
1  81
5  31 12 43 55 44
2  18 1
5  35 92 26 31 99
4  13 16 79 84
3  26 46 3
2  77 100
4  90 80 28 20
6  70 51 47 14 82 65
1  62
6  6 88 30 4 53 42
2  31 25
4  56 71 65 77
3  65 38 37
3  66 56 36
3  7 83 49
6  47 63 51 46 68 38
5  72 91 17 21 42
4  77 12 19 54
4  83 91 95 27
4  51 63 91 58
3  39 46 92
1  96
3  69 34 12
3  24 28 31
3  70 85 22
5  3 76 40 85 67
3  12 23 85
5  14 43 19 53 88
1  54
6  47 22 18 58 63 42
6  93 86 55 78 8 35
5  84 75 64 50 9
5  72 94 49 86 36
5  38 24 77 91 7
2  13 25
5  75 66 68 51 20
3  59 55 24
3  30 88 92
3  63 32 12
3  68 80 86
6  57 76 98 80 89 22
4  63 87 26 30
3  46 75 97
1  98
3  30 86 29
5  49 92 99 60 40
4  39 26 58 95
1  55
5  90 77 34 52 64
4  82 1 5 56
6  5 53 35 34 39 64
1  87
4  100 47 96 67
6  21 24 81 22 79 55
1  55
6  63 19 48 44 20 52
6  17 57 52 91 16 77
5  91 23 67 58 8
6  81 89 9 60 43 20
1  31
5  33 79 26 52 31
2  69 87
5  20 77 67 35 68
3  6 59 66
5  16 74 59 97 62
5  56 5 87 70 36
5  2 14 94 54 44
2  22 30
6  41 7 62 76 74 5
5  32 71 52 48 45
1  44
1  77
6  11 63 69 46 31 70
4  25 24 3 43
3  33 38 86
3  99 61 12
1  42
3  74 93 92
2  3 35
2  80 34
3  42 2 82
5  72 41 98 95 43
3  40 75 78
2  14 76
6  25 79 27 69 53 20
4  71 23 95 2
2  30 44
2  11 17
1  52
1  96
6  54 36 69 31 61 82
1  47
1  85
5  76 37 93 35 8
1  30
1  17
4  32 60 87 43
5  88 94 90 83 43
2  56 73
5  38 79 25 45 64
6  20 1 91 55 8 6
5  10 22 41 81 27
6  57 14 77 46 97 65
6  15 21 61 94 58 39
2  2 3
1  21
1  7
5  10 12 59 19 33
6  60 13 25 43 70 39
2  15 35
6  3 49 4 63 43 62
1  61
4  4 77 84 6
5  59 16 94 18 34
2  16 94
3  41 37 8
5  56 22 13 40 25
4  44 87 4 6
6  65 69 93 41 52 98
2  11 14
1  28
3  42 44 41
5  84 77 88 62 33
1  74
5  34 36 16 20 40
2  9 4
6  1 44 41 99 66 52
1  82
5  59 23 99 3 6
5  90 68 8 99 41
5  32 77 95 52 16
1  60
2  5 61
4  46 59 28 98
5  9 77 30 32 100
2  34 6
1  24
5  11 22 14 90 54
6  85 5 6 100 65 24
1  25
6  50 84 13 48 54 22
2  83 54
2  11 88
2  14 11
1  25
2  15 14
6  5 98 90 10 55 34
1  79
2  52 63
2  99 16
4  24 99 7 47
1  94
5  23 4 77 47 36
6  61 21 97 58 11 7
4  65 40 57 44
4  9 6 90 8
2  43 31
2  49 78
2  43 53
4  47 30 99 82
2  59 3
2  17 14
2  73 78
4  30 21 22 38
2  11 46
3  53 76 67
1  53
6  44 6 48 90 36 46
5  57 5 75 22 88
6  94 65 63 23 86 84
4  12 95 6 59
3  82 25 48
3  21 92 40
5  82 76 13 53 33
2  27 7
3  15 6 33
5  69 55 65 53 16
5  47 21 34 93 3
4  41 37 79 33
5  46 14 52 59 67
6  76 94 91 15 8 97
3  86 65 2
4  17 26 63 38
4  56 40 18 97
5  97 29 53 43 5
1  9
6  77 2 79 92 9 76
3  95 40 45
4  57 71 20 94
2  76 34
3  72 10 44
1  63
6  44 67 86 52 55 63
4  34 54 62 9
6  57 49 31 1 6 87
5  25 81 1 14 48
5  24 91 74 86 76
1  53
4  68 8 23 22
3  77 83 50
5  40 98 41 3 85
1  28
4  12 28 79 59
1  2
3  74 87 24
6  40 85 58 47 8 79
6  84 62 36 51 1 34
3  41 36 33
4  64 98 92 76
2  92 77
5  65 64 94 54 3
5  12 49 86 90 36
5  51 72 20 52 5
5  93 41 1 44 5
6  8 96 73 29 87 49
6  52 13 93 6 15 72
1  64
4  7 100 26 57
5  46 9 77 13 1
2  14 45
2  11 52
1  83
5  3 32 80 54 44
5  59 44 76 23 1
5  22 27 39 94 72
3  70 84 48
6  97 92 8 44 24 90
2  27 22
1  81
4  76 40 24 20
1  47
2  96 69
3  35 62 17
5  31 1 29 17 98
2  24 5
4  48 95 87 74
1  90
4  82 65 93 6
6  8 52 3 4 20 49
3  81 65 19
1  66
3  28 63 67
4  68 29 99 62
1  72
5  4 26 60 69 19
4  52 26 17 55
2  37 3
5  18 68 86 29 33
2  57 96
6  8 63 27 6 25 42
5  3 46 62 14 22
2  66 48
3  20 77 81
2  44 98
6  29 27 22 61 83 17
4  91 80 86 97
1  28
5  6 73 78 68 87
6  95 52 46 38 72 23
2  94 66
1  83
6  42 5 56 25 22 15
1  1
6  12 4 27 87 10 100
4  77 86 62 71
3  8 9 31
2  2 96
3  84 91 83
6  46 8 10 61 23 60
3  14 87 21
2  86 84
1  71
3  72 8 54
5  16 84 6 17 80
3  1 70 30
6  16 37 98 76 60 8
3  94 22 14
3  8 98 45
5  44 16 86 97 96
1  80
1  19
4  49 19 30 78
1  46
1  6
2  74 13
4  68 35 79 82
5  86 79 24 64 23
3  50 19 36
4  99 37 69 58
6  88 63 96 33 78 1
4  52 14 10 19
3  89 100 27
5  79 51 38 1 91
6  20 26 38 18 63 7
5  47 95 63 10 90
6  87 90 49 38 3 59
4  51 47 56 77
2  35 28
4  36 18 45 55
3  83 73 5
6  49 52 83 12 61 73
1  47
4  56 84 65 14
3  16 61 96
6  81 31 20 39 66 37
6  21 80 66 94 85 55
3  37 38 54
6  10 61 44 72 17 28
3  30 68 52
6  63 45 72 93 64 11
4  1 94 79 81
4  73 65 15 1
4  69 98 62 30
3  34 46 69
5  76 36 23 66 99
4  37 92 30 48
3  31 41 29
1  1
1  75
1  16
5  67 84 73 29 14
1  63
4  83 33 34 18
4  100 17 22 37
1  51
6  58 82 25 86 92 26
6  66 41 3 42 8 87
1  36
6  28 99 58 10 31 92
2  86 91
3  8 28 52
4  11 9 40 36
6  31 61 81 96 1 83
3  8 69 51
3  68 79 42
2  89 73
2  16 59
1  60
4  35 11 24 46
2  63 81
1  93
3  93 89 42
5  26 49 45 77 92
1  55
2  38 44
1  55
4  64 63 19 29
6  30 52 43 48 15 24
4  7 65 54 95
1  29
2  55 74
6  47 86 51 80 24 94
6  79 53 49 41 72 78
3  1 30 81
3  44 4 9
4  69 62 45 75
6  65 29 64 61 76 50
1  55
5  5 40 51 58 89
6  30 67 29 96 10 78
3  14 87 90
5  48 35 56 39 99
6  2 60 52 71 15 24
5  55 75 33 43 66
4  10 95 92 5
1  70
3  17 56 34
6  4 68 55 42 67 40
3  26 99 94
6  14 18 71 68 93 4
1  59
4  20 53 57 25
4  26 69 74 81
1  72
6  71 27 25 37 66 68
4  64 62 58 78
5  29 46 72 32 56
2  97 76
5  53 1 39 79 69
1  60
5  84 44 41 10 69
5  75 36 40 39 98
6  16 77 26 61 49 58
1  78
4  92 60 7 98
6  61 10 45 32 93 88
5  2 56 50 77 92
6  15 89 87 31 66 13
6  14 70 8 92 24 100
4  30 92 49 15
4  58 59 84 51
3  56 53 2
1  29
6  96 44 82 83 74 47
6  65 61 72 52 88 3
2  63 51
2  15 9
6  98 59 36 54 12 37
4  40 30 56 84
1  38
4  58 33 22 19
6  94 70 85 65 73 2
2  23 33
3  31 23 40
6  58 94 1 95 54 41
2  9 24
3  46 81 92
5  2 10 76 96 80
4  60 52 61 87
5  94 29 6 16 68
6  74 62 96 68 15 36
6  23 60 26 69 40 18
3  42 28 23
3  7 82 96
4  43 83 33 36
1  38
4  79 33 25 40
2  93 54
4  84 77 23 10
3  63 27 92
1  54
1  41
4  96 37 19 39
2  52 74
2  90 25
1  22
3  49 50 41
1  13
2  79 36
3  24 98 61
1  2
1  30
3  75 26 79
6  64 97 45 38 27 34
4  35 56 11 84
1  52
6  18 76 64 53 10 88
4  70 3 53 83
2  95 58
4  73 51 22 70
6  59 96 29 20 31 85
2  14 89
5  99 7 58 63 60
5  50 10 37 52 63
2  84 57
5  42 29 27 63 99
2  21 94
4  41 25 35 72
3  24 54 37
2  11 99
6  78 49 99 14 100 62
2  84 18
1  26
3  36 89 45
4  9 39 8 50
4  42 21 2 66
5  38 95 85 37 84
4  85 83 76 44
1  69
4  17 95 9 53
5  54 9 92 93 16
3  56 58 63
4  23 37 94 18
2  31 2
5  16 85 59 1 29
5  69 90 84 64 99
3  46 52 45
3  44 61 78
6  18 40 55 41 76 49
4  97 80 60 95
3  39 95 72
1  64
4  89 27 60 25
5  12 69 9 55 29
6  54 47 27 9 87 3
4  45 100 37 5
5  32 48 18 27 20
2  91 82
1  18
3  35 90 53
1  99
1  32
6  61 78 12 70 65 14
2  10 13
4  14 92 95 62
1  21
5  31 12 63 42 29
1  77
2  56 80
1  63
1  1
2  90 12
6  54 25 20 63 38 83
5  29 77 38 37 98
2  68 9
5  9 37 84 85 55
3  64 70 2
5  70 26 64 82 19
2  6 38
5  43 20 57 72 96
6  9 94 12 76 2 92
6  39 75 69 93 14 33
4  16 8 32 42
5  13 60 89 19 97
5  61 16 26 33 12
2  41 5
2  16 7
2  100 45
6  69 37 10 2 99 26
1  30
4  80 43 26 69
4  23 38 22 39
4  54 51 82 94
4  12 10 62 33
1  7
2  79 43
3  80 42 65
6  71 31 68 13 57 37
5  79 75 95 18 38
3  68 20 42
2  32 52
6  65 62 90 94 40 33
2  20 74
6  8 45 27 76 58 84
1  31
4  87 26 79 25
5  47 45 15 69 76
4  53 40 28 43
2  68 75
4  87 49 62 94
6  89 69 52 72 81 83
3  68 8 13
6  81 59 37 96 28 12
4  80 52 90 22
6  58 97 51 45 46 13
3  39 1 8
6  73 88 7 56 80 20
3  60 78 83
4  5 95 18 85
3  8 6 32
4  2 82 9 48
6  47 87 95 54 77 68
3  49 74 97
2  93 44
6  71 27 44 76 22 61
4  68 65 99 33
4  80 41 14 74
6  100 68 42 76 36 84
2  9 81
4  2 24 40 72
4  83 47 72 43
1  39
1  71
3  43 37 17
6  51 91 72 50 58 14
2  94 97
3  2 78 3
1  41
5  52 24 21 67 27
4  77 97 99 20
2  16 3
6  6 75 34 64 88 59
4  85 9 59 62
1  62
4  51 36 14 74
4  38 40 83 100
1  80
6  36 13 14 39 97 20
1  30
6  100 88 41 85 97 99
3  6 61 8
4  96 22 30 53
4  69 36 59 86
1  57
2  28 71
4  24 90 73 53
5  73 41 15 57 37
1  2
3  74 10 98
5  32 27 22 91 96
4  49 81 71 5
1  99
5  62 22 65 34 74
3  6 15 53
4  52 66 64 93
3  74 91 8
1  18
2  96 13
6  44 94 57 49 96 55
2  57 77
6  91 51 27 97 65 79
4  16 45 23 9
5  96 100 92 1 17
2  97 29
1  40
2  63 89
2  18 12
5  94 100 64 44 26
4  9 5 19 25
3  41 34 33
3  33 24 38
3  45 34 78
4  73 100 14 61
1  32
5  90 25 72 54 69
6  14 78 3 32 2 52
5  35 85 9 68 46
1  53
5  93 4 52 92 17
1  9
3  85 98 73
4  52 42 55 66
2  57 97
2  9 69
4  94 78 23 2
2  39 55
1  32
4  54 23 75 67
2  22 52
2  95 8
5  36 62 46 55 19
3  75 28 12
2  22 89
4  23 13 92 78
1  23
3  69 46 10
3  77 31 86
1  26
6  86 61 56 32 16 75
5  91 2 85 21 23
5  74 46 87 65 24
1  87
4  69 32 68 3
1  98
6  14 24 82 99 85 38
2  100 12
1  90
1  89
1  37
4  84 82 49 48
1  50
3  63 18 67
2  21 75
2  10 88
4  91 87 36 29
1  35
3  21 24 53
1  34
6  72 18 71 21 66 76
5  100 39 87 66 69
1  41
6  17 28 48 8 14 83
3  31 18 75
4  42 28 60 76
1  32
6  87 52 58 62 22 57
1  9
2  69 16
4  65 33 91 13
3  5 96 76
3  13 51 86
4  78 46 29 94
5  21 81 29 79 43
3  35 43 58
4  11 74 21 76
1  11
6  46 16 83 22 51 96
5  37 49 50 82 78
3  59 99 24
6  77 67 37 12 9 95
5  20 69 90 96 75
1  83
2  16 66
3  67 61 13
1  10
4  84 88 6 43
6  30 63 96 66 75 4
4  44 24 29 33
2  3 34
1  23
3  67 64 16
2  77 18
3  39 2 25
3  44 11 74
5  74 69 39 48 73
6  91 96 28 24 14 31
4  16 54 7 82
2  22 10
6  40 48 33 42 73 77
6  84 50 59 57 19 97
1  91
6  95 87 24 18 1 55
5  16 8 81 98 25
1  8
2  43 55
4  84 27 28 70
1  78
2  67 96
2  71 87
2  65 74
3  83 75 98
4  90 6 39 88
2  41 95
3  84 50 1
5  76 28 37 86 6
4  52 1 89 22
6  9 87 62 53 70 36
4  27 26 56 65
1  87
1  8
3  89 58 36
4  34 63 93 19
5  57 71 69 45 93
4  54 80 18 6
3  54 57 75
5  12 40 93 98 46
6  33 35 58 69 91 31
5  9 99 39 80 68
6  72 24 37 52 42 43
6  95 99 75 11 15 67
1  60
4  42 94 24 10
6  14 40 67 23 39 6
1  6
6  74 30 26 25 71 68
2  66 67
6  40 77 13 6 85 72
5  27 66 96 36 50
1  76
1  31
1  22
2  20 11
1  49
3  30 19 5
4  85 71 52 24
3  64 30 32
3  2 58 1
6  94 51 5 69 67 36
5  89 67 1 100 72
3  36 2 68
3  55 53 11
1  77
4  70 6 89 5
1  47
1  5
3  56 9 8
2  45 90
1  12
6  10 83 40 45 85 8
6  39 60 95 45 36 52
1  42
3  20 50 88
2  54 27
5  63 35 2 7 25
1  18
1  22
1  55
4  85 63 51 24
2  46 69
4  97 83 100 38
1  49
2  27 2
4  7 64 86 9
5  11 21 87 26 43
6  81 9 72 43 59 95
4  4 64 22 1
3  22 38 48
5  63 75 71 14 81
3  100 90 4
1  10
6  36 52 78 16 61 49
4  19 44 22 23
1  44
2  53 65
4  1 35 25 76
1  38
4  40 38 46 44
3  56 35 83
1  12
6  68 61 55 87 4 77
1  11
2  33 64
6  95 64 20 19 39 26
4  95 65 94 41
1  41
6  43 23 2 55 21 70
1  76
4  19 52 65 29
5  97 93 58 91 57
5  10 95 3 66 90
5  59 30 76 100 26
2  23 28
5  43 97 87 18 52
1  69
1  35
3  12 27 99
1  83
5  13 78 68 46 37
6  21 36 23 40 58 50
1  100
3  99 18 97
1  86
1  39
2  23 65
2  26 47
1  38
2  79 16
6  24 52 89 45 88 11
6  45 60 96 5 94 62
1  99
3  12 37 75
3  1 100 60
3  100 98 72
5  13 63 1 65 52
3  52 62 29
6  21 24 41 25 18 3
2  16 51
3  52 25 71
4  24 31 1 29
5  1 41 35 2 6
6  47 57 48 75 53 68
6  94 93 16 97 18 31
3  55 83 71
2  36 95
4  36 18 85 8
2  26 43
2  31 29
5  87 76 42 40 44
3  33 37 55
2  54 86
5  9 69 46 34 4
3  90 40 59
5  47 77 100 89 98
2  18 64
1  94
1  56
3  45 89 73
6  17 27 86 92 35 55
3  69 59 78
4  98 36 32 45
1  31
2  11 60
4  75 77 44 80
2  80 25
2  53 25
3  80 10 29
1  65
4  83 23 44 41
2  80 72
4  93 3 97 63
3  77 39 91
4  71 81 91 24
1  27
1  15
4  18 79 21 1
1  65
3  22 44 13
6  36 16 83 39 78 30
1  17
2  71 87
6  51 77 14 56 4 17
5  59 35 49 80 51
3  76 72 87
6  57 23 4 40 61 82
5  76 98 90 46 85
5  97 62 94 52 65
1  22
2  45 71
1  79
2  46 54
6  33 43 49 56 47 88
1  28
4  91 26 46 37
1  26
2  72 19
6  37 29 7 60 73 77
4  52 97 9 6
6  41 48 37 96 94 25
1  22
5  3 48 27 39 58
4  72 30 71 56
4  100 63 26 72
3  88 23 35
6  28 24 37 76 60 32
5  85 44 91 66 46
3  92 84 96
3  55 25 15
1  91
1  73
1  86
1  4
1  47
6  37 70 36 12 30 68
5  14 11 72 79 56
1  71
3  5 15 95
2  30 6
2  43 78
3  29 90 38
3  36 37 74
1  72
6  35 40 66 48 50 37
2  6 46
6  45 50 12 40 79 41
3  97 84 23
2  13 12
5  49 47 5 22 52
5  7 86 16 73 34
4  9 60 71 55
4  16 4 68 55
5  9 99 79 93 21
1  5
2  79 54
5  83 76 31 60 82
1  75
4  50 41 63 9
1  18
4  26 22 33 81
1  42
5  83 34 100 92 39
2  71 92
1  53
4  42 13 49 59
6  3 8 28 65 17 38
5  82 64 3 15 45
1  57
2  89 90
2  81 28
4  51 20 66 4
6  8 16 34 66 3 36
5  31 1 90 69 83
5  33 86 77 92 42
6  80 32 23 60 77 11
5  43 14 65 50 30
6  16 33 35 88 63 78
2  18 49
4  3 35 39 95
5  39 75 8 61 35
5  38 45 46 80 58
1  30
6  9 45 20 43 33 82
5  10 12 95 59 75
6  93 13 92 69 51 67
5  12 1 44 49 45
6  28 3 100 58 90 8
1  9
3  34 91 27
3  2 21 77
2  95 89
1  64
3  77 40 51
5  84 99 22 73 27
2  72 84
1  79
6  24 28 19 14 55 62
1  75
4  92 94 59 81
1  22
2  80 62
5  57 45 70 79 18
6  3 89 81 18 68 66
3  96 85 54
3  47 69 25
1  61
2  68 41
2  90 61
1  51
2  58 96
1  36
1  98
3  2 79 56
5  44 96 65 28 50
1  74
2  40 84
5  57 52 20 78 42
5  79 92 12 36 88
1  72
1  11
1  3
6  65 72 33 61 37 10
4  35 28 91 18
1  47
5  26 25 11 6 3
1  17
3  90 29 10
6  40 20 93 29 84 65
4  45 2 22 55
4  56 83 43 73
6  90 42 14 52 19 17
4  36 55 44 65
4  35 4 84 27
2  68 92
6  13 93 14 67 46 69
3  88 42 37
5  84 51 92 35 69
1  89
1  63
2  69 28
5  72 11 94 4 79
6  97 91 78 10 57 24
5  6 11 20 42 89
1  92
5  38 61 88 27 66
4  60 34 78 27
1  89
2  9 68
1  5
4  83 15 6 93
2  17 13
4  5 16 54 85
4  15 72 81 80
2  40 13
6  67 18 89 86 26 56
6  30 14 74 44 28 79
3  48 96 50
1  100
4  63 85 19 77
4  99 56 78 39
5  78 5 86 66 91
1  22
5  41 35 55 84 63
2  21 11
2  70 20
2  35 82
1  53
4  68 52 14 46
6  82 23 95 67 89 85
5  11 66 17 46 20
1  8
4  21 19 81 91
3  9 25 19
2  77 76
6  28 90 33 18 71 55
1  37
3  97 14 54
4  30 99 83 31
1  36
4  26 16 42 63
2  67 81
3  43 57 31
5  46 63 88 16 18
6  53 62 97 66 16 59
6  14 42 27 21 77 78
3  93 20 9
1  86
6  60 29 46 91 100 92
4  87 8 71 61
2  83 26
3  42 22 62
6  48 83 61 26 28 53
3  37 69 32
2  29 60
5  19 59 63 72 46
5  43 33 31 75 16
4  22 57 78 84
3  26 66 1
4  93 54 96 30
2  27 55
4  87 26 70 46
6  41 92 60 84 24 90
4  39 47 80 96
2  63 36
3  28 37 1
2  90 96
3  13 23 5
4  9 30 33 55
2  73 46
5  57 70 68 14 8
1  94
1  39
4  40 88 84 76
6  5 66 84 55 78 6
4  41 15 88 73
5  7 46 15 84 2
6  51 16 92 65 9 95
1  65
3  91 49 10
5  53 75 62 7 52
5  65 92 83 53 64
4  59 9 67 43
1  51
6  26 42 58 35 37 61
6  70 52 47 80 30 100
4  91 6 59 71
6  41 23 61 93 82 70
4  24 80 10 17
1  52
5  40 88 36 38 58
6  85 37 16 84 90 7
6  96 65 60 92 6 83
4  98 64 23 57
6  2 66 4 8 17 78
3  5 14 85
4  100 69 99 15
4  89 21 43 84
6  2 76 90 84 28 88
3  50 44 35
4  10 39 59 27
1  6
2  30 90
6  29 59 91 43 12 80
4  54 63 49 56
3  39 65 26
6  15 70 22 67 80 60
2  6 76
2  37 5
2  30 34
5  21 77 90 100 40
3  63 88 98
6  27 37 65 52 24 80
2  45 46
1  4
5  7 80 1 44 85
2  74 18
6  94 89 34 32 56 22
2  56 48
4  20 100 90 99
2  34 44
2  38 15
2  18 15
5  2 35 45 20 34
3  13 22 32
3  54 87 68
5  42 15 48 62 14
3  61 35 72
1  57
1  19
6  27 33 56 29 68 100
3  2 38 62
2  70 8
5  56 75 59 98 90
1  60
1  44
2  38 16
2  94 25
3  78 52 75
2  81 43
2  29 45
5  90 68 40 97 44
6  71 3 94 60 9 53
4  53 73 1 69
6  94 93 38 72 45 13
1  25
4  38 53 100 8
3  67 48 39
1  43
1  14
3  70 23 89
2  75 61
2  43 57
2  36 95
6  80 7 3 4 62 40
4  61 47 98 28
6  37 38 46 51 73 15
5  61 47 48 22 79
6  79 5 26 73 3 6
5  5 10 41 44 66
1  91
4  29 84 100 67
2  45 18
6  60 91 54 6 39 75
6  29 53 89 55 26 91
4  5 95 70 46
3  35 47 28
6  76 12 97 43 32 42
4  25 1 50 78
1  88
4  90 17 5 78
5  30 68 31 34 62
6  79 100 35 26 28 32
1  39
2  44 71
5  3 96 71 53 73
5  41 25 67 57 29
3  28 59 12
4  93 74 59 72
5  93 97 1 25 98
3  54 41 10
2  44 5
6  97 78 71 37 2 38
6  30 82 22 89 94 81
5  67 40 52 33 49
3  57 46 79
1  87
6  33 31 94 27 71 98
4  72 35 58 2
1  79
6  9 60 71 76 99 22
1  31
5  56 87 16 35 97
1  24
2  33 17
4  60 87 53 24
4  88 81 60 3
4  50 12 19 20
6  17 41 3 47 11 58
3  26 93 30
2  16 60
4  33 15 20 19
5  43 77 55 24 37
4  83 86 69 1
1  56
2  46 58
4  56 16 97 81
1  27
1  24
6  70 56 1 90 75 69
2  52 24
4  88 81 38 73
3  39 78 6
4  23 63 19 78
5  15 59 87 42 68
1  28
3  67 29 26
3  97 58 93
2  13 80
1  51
4  51 89 30 56
3  52 19 62
2  98 77
6  85 19 55 95 46 91
4  74 17 3 71
5  95 92 87 75 93
3  27 43 26
4  99 69 8 18
2  36 15
1  24
6  25 78 94 71 69 55
3  85 57 16
4  52 7 45 27
6  82 53 41 8 9 40
5  16 57 6 52 71
1  75
5  38 53 63 8 22
1  52
1  74
5  65 26 73 10 52
5  92 4 13 99 52
5  28 8 80 79 93
4  48 30 7 10
3  29 27 89
3  1 56 99
2  29 9
5  100 81 12 98 93
4  72 21 71 51
1  50
3  55 98 73
4  8 10 90 34
6  24 34 54 23 60 82
2  36 82
2  16 93
2  9 56
6  30 27 50 76 93 84
5  65 46 80 74 35
1  72
4  48 26 82 7
1  13
3  89 43 58
5  70 67 37 69 96
4  18 26 38 10
1  11
5  55 90 48 4 20
3  52 46 30
4  53 43 100 41
6  58 22 55 24 23 20
2  40 46
4  49 55 68 23
1  58
5  100 61 91 48 12
3  78 70 89
2  69 30
1  26
4  59 50 8 81
5  28 21 15 85 69
5  52 92 79 9 63
5  70 54 26 82 90
1  51
5  23 19 8 27 45
4  86 95 66 64
6  86 79 78 55 48 29
3  27 38 9
1  8
4  31 89 52 34
3  30 56 58
3  83 2 94
5  97 60 33 53 19
3  30 74 87
4  20 14 97 29
2  4 91
3  92 42 82
2  72 38
6  8 20 90 2 88 86
4  21 46 14 39
6  44 12 70 2 32 83
6  60 1 2 50 49 93
6  31 23 63 68 10 71
6  99 73 75 84 34 95
2  48 34
1  91
3  83 92 77
4  90 36 66 91
6  15 84 77 45 7 40
1  16
1  1
1  83
5  99 17 70 28 64
1  41
4  49 23 46 25
6  36 61 53 26 46 67
1  23
1  16
4  25 32 74 46
4  100 45 73 69
5  37 72 12 91 20
3  36 45 22
5  5 74 97 51 41
1  74
4  22 36 77 54
1  1
6  65 1 44 38 70 16
5  41 27 65 61 62
6  6 83 71 11 57 68
4  97 74 34 49
6  70 25 49 79 26 48
3  26 91 81
6  6 55 36 33 19 97
6  19 2 76 89 13 32
4  73 29 30 7
5  25 76 2 73 55
2  20 98
4  11 78 47 16
2  82 48
4  78 42 70 80
2  58 92
3  14 65 78
3  71 54 68
3  55 41 1
5  61 98 33 71 76
5  86 8 60 34 59
3  75 28 18
6  86 10 41 100 74 18
3  45 72 10
6  26 51 92 7 11 90
3  81 65 18
4  73 78 1 31
1  75
4  33 67 44 42
1  43
1  25
6  60 96 51 22 46 42
2  56 31
5  37 96 85 4 68
4  4 99 77 78
4  10 45 100 51
4  43 66 76 29
2  71 24
5  92 69 18 20 25
3  87 61 45
5  64 12 32 68 10
1  45
4  18 89 66 69
3  9 35 15
3  60 86 61
3  77 29 53
6  54 2 83 15 46 53
5  58 85 46 67 94
6  33 11 79 99 80 19
1  14
2  44 73
2  5 9
6  33 62 91 86 63 73
1  9
2  79 66
1  24
2  3 14
4  14 92 64 93
1  71
1  44
1  79
4  18 87 57 51
3  48 37 11
2  37 19
3  16 85 55
3  17 58 52
5  71 44 45 64 54
1  69
6  29 48 60 47 35 16
6  82 64 35 93 84 71
1  29
6  96 83 25 13 41 76
6  11 19 39 75 73 53
3  71 82 91
2  28 25
3  25 7 9
4  99 92 30 11
2  16 7
1  40
2  43 16
1  54
3  51 28 7
1  71
5  85 61 7 13 52
3  91 60 96
6  52 26 100 71 42 6
5  81 25 16 97 38
5  31 88 98 38 92
5  15 76 29 21 89
1  72
2  4 32
2  94 83
3  93 54 88
6  27 69 24 43 65 61
1  96
3  10 33 40
5  47 16 6 68 4
2  40 29
2  71 50
1  54
6  8 85 7 35 53 30
5  18 90 89 14 38
6  46 77 76 93 81 60
6  99 25 21 70 74 35
2  71 43
2  55 49
4  8 78 42 25
5  31 38 5 29 84
5  4 76 74 84 36
5  83 34 94 3 4
5  38 28 80 58 92
2  23 100
1  65
2  74 95
4  78 24 46 60
2  21 33
1  56
1  93
6  96 95 94 64 32 21
1  12
5  94 40 2 93 46
4  16 20 61 78
6  84 23 57 11 44 90
2  100 92
1  89
6  9 82 51 41 3 52
4  81 45 92 82
3  38 48 53
4  8 31 54 92
4  11 3 97 100
2  96 91
3  85 78 45
4  29 86 69 81
3  49 26 29
2  63 67
5  15 24 86 46 78
5  99 88 80 96 87
1  91
5  40 75 55 85 41
6  70 10 64 7 59 89
3  89 51 2
5  66 26 53 11 3
2  10 91
1  5
5  12 96 55 51 70
1  35
1  93
1  21
4  11 79 45 46
5  96 48 35 61 73
6  72 76 17 82 67 26
6  44 37 82 99 88 51
1  23
4  2 27 82 58
3  61 3 83
2  98 30
4  59 3 50 31
5  66 13 46 91 99
6  28 80 88 15 31 97
3  92 98 63
5  55 100 35 58 83
4  55 13 25 14
1  74
3  95 40 57
3  31 55 30
4  34 18 73 64
1  9
4  11 72 30 65
5  64 22 54 27 77
4  52 91 81 25
3  76 65 91
1  95
3  44 52 79
4  24 43 75 33
6  85 5 28 50 76 92
5  30 18 49 95 69
3  76 94 74
4  58 64 66 53
1  10
1  88
5  28 30 46 60 65
4  80 40 46 51
5  64 100 33 39 40
