100 5000
264500
74500
224500
74500
443000
431000
344000
40500
99000
407500
323500
435500
474500
150500
384500
334000
28500
4500
346500
420500
187000
80500
456500
310000
378000
173500
226500
111500
138000
418500
336000
403000
493500
61000
477500
436500
492000
321500
477500
91000
229000
301000
27000
204000
452000
411500
38000
480500
416500
385000
401500
104000
465500
358000
414000
343500
32000
141000
455500
170000
60000
291500
73000
53500
352500
51000
490500
345000
373000
468000
436500
102000
269500
463500
306500
221500
375500
345000
202500
292000
230000
104500
396000
195500
463000
310500
39500
495000
451500
495000
165500
11500
287000
238500
65000
140000
290000
56000
485000
163000
1  85
4  59 78 15 4
4  84 44 11 30
4  91 69 58 53
5  57 43 76 90 45
2  38 58
4  96 70 59 28
5  43 82 33 20 96
3  72 79 80
5  9 45 73 77 2
2  54 58
5  30 48 13 63 85
5  24 80 40 82 8
1  24
6  46 44 85 82 16 64
4  99 72 7 71
3  8 96 2
4  63 32 14 75
6  98 45 17 78 84 99
6  98 23 75 44 66 59
2  82 22
6  80 93 50 42 1 46
3  66 8 75
5  83 68 77 28 85
4  12 83 40 9
1  14
4  71 72 77 52
6  64 31 86 56 81 27
4  26 70 23 34
3  2 17 13
5  44 97 32 56 80
5  64 85 16 56 57
6  7 49 56 38 35 12
2  62 68
3  32 91 79
5  92 95 88 70 39
6  1 95 64 73 59 49
4  74 4 13 67
1  62
2  49 97
2  68 58
1  12
6  92 90 65 83 85 52
4  24 37 53 18
1  25
5  49 82 50 53 95
1  63
4  38 12 52 71
5  10 72 91 98 63
5  63 46 65 15 98
6  51 7 75 83 100 57
2  53 51
3  16 7 85
2  59 56
1  68
2  95 66
6  76 28 36 40 43 33
2  93 83
3  44 58 18
3  15 50 96
4  97 11 72 82
3  30 37 42
6  64 37 63 54 12 91
6  52 33 22 81 26 5
1  69
4  33 12 77 82
1  42
5  18 13 60 54 42
6  96 39 61 32 2 15
3  93 4 96
2  26 76
3  30 91 19
6  23 30 69 4 37 10
5  54 22 42 8 64
3  3 100 35
1  14
5  97 17 74 21 43
3  71 72 39
6  64 62 19 33 66 55
3  48 9 64
6  16 28 19 30 54 35
3  32 31 58
1  52
6  54 22 72 93 10 36
4  28 68 19 83
1  66
6  73 56 7 100 84 26
2  11 79
4  52 11 94 9
1  45
1  69
4  81 61 76 16
1  4
5  32 87 92 98 78
4  53 84 65 36
1  94
3  88 58 98
6  52 6 13 96 15 81
4  95 41 38 11
4  42 94 86 28
6  84 5 50 37 89 14
5  98 8 19 85 65
1  83
1  22
6  12 36 75 74 31 16
1  41
5  54 35 55 82 20
3  86 70 74
5  83 46 72 91 64
4  56 80 39 71
1  34
5  36 9 57 67 24
5  8 93 22 42 47
1  61
6  89 30 59 63 13 4
3  3 68 91
4  47 30 29 48
4  12 83 72 68
3  95 36 57
6  57 98 34 60 59 18
3  88 76 10
1  80
3  3 48 36
4  95 66 90 42
2  2 25
6  69 74 95 5 31 81
4  29 15 21 87
2  69 75
1  79
5  88 23 77 36 58
3  31 23 28
5  51 29 97 98 71
3  3 1 26
4  29 40 85 16
5  53 90 79 31 64
4  54 41 2 11
5  32 34 6 4 85
3  100 35 32
5  80 34 71 5 98
6  44 82 15 35 4 94
4  68 60 18 8
4  29 86 94 63
6  97 47 25 82 56 67
4  90 37 65 87
3  9 68 51
2  3 55
1  68
2  76 86
2  38 14
1  31
5  5 28 23 29 25
1  85
6  64 74 28 29 61 38
2  14 61
2  68 77
6  89 53 83 18 90 96
2  21 72
3  49 94 65
5  97 49 64 61 23
6  90 83 54 27 11 68
6  41 35 63 38 24 16
2  41 6
1  72
2  87 7
5  81 71 48 78 20
1  38
3  1 28 25
4  54 35 22 40
5  56 3 13 79 18
2  20 23
3  91 49 35
6  23 16 67 70 93 87
5  31 28 81 58 53
3  11 87 57
3  62 13 53
5  92 70 7 11 55
1  40
6  98 63 5 64 32 97
4  12 27 78 93
6  31 28 95 17 85 45
5  97 54 89 67 60
6  58 15 100 98 4 97
4  8 61 93 4
1  4
2  89 97
1  19
2  11 36
1  55
1  6
4  68 94 19 27
6  77 41 92 74 45 89
3  52 49 27
4  59 30 87 48
2  2 66
4  12 2 60 67
1  65
2  83 58
3  9 51 13
3  43 87 94
2  21 46
5  47 1 38 77 88
6  3 89 51 54 1 52
1  68
5  77 86 49 35 23
4  85 35 8 27
2  2 57
3  48 36 88
3  74 65 36
4  67 25 9 21
2  61 33
6  27 9 78 76 44 1
3  28 36 42
4  57 44 12 98
6  47 86 39 20 50 74
5  17 98 87 37 23
3  69 15 74
5  93 50 21 83 49
2  25 3
6  68 15 82 58 61 67
6  81 17 70 59 34 67
3  70 90 91
3  4 64 16
6  14 37 89 96 85 17
2  88 1
6  2 82 46 63 49 41
3  66 10 3
6  77 47 69 66 38 7
5  2 23 66 15 60
4  11 45 71 31
2  71 18
3  53 64 98
1  4
3  67 14 43
4  91 90 33 56
2  40 25
2  63 90
3  22 44 52
4  14 82 99 84
6  33 36 63 30 37 67
5  3 81 13 68 71
1  1
2  29 40
4  56 3 41 98
2  84 49
6  98 31 89 82 21 18
6  50 54 60 20 57 41
2  24 11
3  24 37 63
4  88 19 67 28
1  90
1  65
5  9 96 68 90 26
6  7 19 38 61 79 58
1  19
6  41 30 25 65 67 88
2  54 6
6  82 22 85 93 87 64
1  82
2  91 7
2  98 25
4  58 4 16 74
2  6 15
4  30 79 18 7
5  24 1 53 45 85
3  32 49 47
1  81
3  19 1 35
3  59 92 48
5  65 69 80 20 10
4  38 27 65 9
3  66 62 95
4  7 26 99 53
3  80 90 57
5  24 1 40 16 49
1  80
2  94 60
3  3 17 75
2  81 83
5  46 44 74 96 51
6  95 3 38 75 93 55
1  96
6  32 44 8 12 61 2
5  98 5 88 72 34
5  54 14 15 98 88
1  48
6  5 51 25 80 43 19
3  60 15 29
6  58 37 3 18 38 74
1  42
4  87 76 29 40
6  43 38 76 53 85 62
4  35 86 37 78
1  71
3  19 100 29
5  36 31 95 73 5
1  15
4  96 90 94 36
5  37 73 53 89 58
1  47
6  1 84 71 5 55 8
2  54 37
1  89
5  95 62 72 5 76
3  1 66 30
3  43 66 9
6  55 67 9 1 59 10
6  30 15 39 38 92 74
3  81 41 33
3  12 38 19
3  38 84 78
5  26 43 82 21 98
3  30 99 7
3  83 37 53
2  74 91
1  47
2  94 88
4  37 99 55 47
3  39 24 10
4  67 91 85 64
3  15 63 46
4  45 82 6 66
4  96 78 2 25
5  89 87 8 88 86
4  35 22 1 59
2  65 25
2  49 89
4  64 51 6 16
6  87 22 61 42 17 39
3  42 10 32
2  18 20
1  80
4  35 80 12 65
3  37 87 93
2  47 56
5  52 72 71 39 93
2  80 10
5  23 52 78 54 80
6  74 92 75 27 54 39
6  98 75 78 91 99 24
3  75 19 45
1  12
5  93 21 43 15 72
2  69 51
1  42
3  90 69 70
3  7 61 41
5  38 32 80 62 79
4  37 97 98 50
1  73
3  29 15 57
1  36
2  52 51
5  95 41 36 64 84
3  24 25 23
4  56 3 23 34
4  59 31 54 8
3  26 50 67
3  6 67 76
2  18 27
6  12 67 33 75 50 99
5  98 60 30 100 83
4  56 41 94 9
3  32 35 98
6  75 4 64 51 34 82
5  32 93 43 64 68
6  39 67 66 36 27 95
3  9 58 90
3  52 99 98
5  33 96 80 8 100
3  58 33 25
3  64 18 78
2  86 70
4  52 35 1 78
2  36 87
6  25 36 39 23 34 21
4  30 1 63 29
3  21 62 69
4  25 87 33 53
5  2 18 24 37 19
1  66
4  88 54 79 24
6  1 58 13 57 87 14
2  16 58
3  77 27 96
1  13
2  55 85
2  73 8
4  91 10 32 45
6  85 23 21 76 24 79
6  80 65 2 99 81 59
3  58 85 35
4  98 63 14 82
6  86 90 58 76 99 89
2  96 73
3  16 49 66
6  38 45 59 39 44 40
6  83 97 82 17 56 80
5  69 61 71 54 50
2  30 48
1  49
3  90 91 60
3  56 53 76
1  12
1  44
4  12 27 48 94
3  3 73 23
5  33 93 25 83 21
4  31 37 3 74
2  94 33
4  50 86 40 51
6  54 95 49 65 21 97
4  64 99 31 86
5  64 79 96 46 100
3  77 37 53
4  63 47 83 27
6  69 67 47 66 21 41
1  85
4  11 44 25 10
5  11 80 37 90 76
5  89 25 60 77 10
6  23 92 15 19 61 81
4  27 1 5 41
6  66 51 29 91 61 3
1  40
3  92 15 22
5  40 81 5 16 91
6  39 82 7 57 43 87
2  69 88
2  9 74
6  60 2 83 20 4 84
4  43 75 74 65
4  14 46 60 29
3  52 68 18
4  24 60 46 45
2  33 71
3  6 63 96
1  45
1  12
2  75 55
1  49
2  58 62
4  18 90 1 70
4  18 28 81 78
5  26 6 96 43 11
4  39 19 3 54
2  31 28
6  34 76 3 92 37 67
1  27
5  79 84 85 7 65
4  80 91 69 85
6  12 96 45 50 14 47
1  44
5  31 27 11 7 29
1  44
6  12 70 63 91 54 48
6  19 11 77 9 79 61
6  90 57 39 40 71 85
3  14 63 73
3  74 79 69
5  22 65 88 92 27
5  46 75 65 85 51
5  64 12 67 54 69
1  93
3  91 35 53
4  8 93 26 87
4  2 8 26 89
6  53 67 46 27 42 10
1  93
5  75 5 49 29 73
4  21 12 45 56
4  98 63 57 24
3  18 25 58
3  14 57 97
5  3 23 22 12 35
1  94
1  19
3  37 92 97
4  4 42 14 68
3  77 24 63
2  42 87
5  86 1 40 82 81
3  5 3 54
3  18 47 48
3  90 85 28
6  42 32 29 55 99 68
2  23 30
4  64 17 39 50
1  79
2  98 20
3  1 74 73
2  21 54
1  5
5  96 47 13 25 1
1  92
2  34 21
6  98 37 27 47 54 5
5  51 25 13 98 85
5  18 6 23 28 10
1  24
4  18 48 57 29
3  89 63 59
5  61 96 4 8 49
1  85
6  33 97 50 31 82 19
3  87 41 76
6  46 100 53 63 47 9
6  85 98 54 44 74 14
3  77 22 88
6  6 87 19 3 36 49
6  54 98 72 95 74 68
3  73 20 2
2  29 94
1  26
3  48 99 61
6  76 82 74 61 88 60
5  91 96 28 75 50
2  46 44
6  14 84 71 33 86 89
4  79 93 87 26
3  86 26 62
5  99 23 55 59 2
3  54 29 20
1  55
4  46 53 79 30
2  12 15
1  73
6  4 59 19 43 45 69
1  72
5  28 27 26 29 72
5  58 91 81 12 56
2  64 35
4  86 46 71 97
2  65 1
5  83 44 21 87 12
2  58 79
4  84 4 82 56
5  39 46 64 51 2
6  14 36 46 100 81 17
6  99 81 97 75 64 40
6  50 52 20 8 31 73
6  34 54 47 17 93 80
3  94 70 57
2  15 56
1  32
4  9 13 50 84
5  90 78 26 41 97
2  71 70
2  5 23
5  21 15 63 1 58
4  70 14 87 85
5  97 16 23 6 29
5  89 4 61 67 30
1  64
4  72 33 87 77
4  58 98 71 20
6  28 77 67 42 63 51
1  60
4  33 66 95 5
4  99 65 21 28
4  84 90 38 16
5  14 72 34 11 42
4  9 69 30 75
1  93
2  21 53
6  53 18 88 57 72 86
2  93 14
6  76 4 25 92 80 38
4  14 49 5 67
4  73 97 32 83
6  58 3 42 51 55 60
3  12 32 23
2  24 36
2  99 39
3  91 19 83
4  32 31 58 99
6  31 96 20 13 85 77
1  27
2  70 86
4  81 17 87 15
3  23 35 39
4  79 30 80 61
5  12 92 41 11 79
5  6 99 84 91 76
6  17 2 67 3 66 48
2  53 62
4  75 96 98 36
5  27 16 35 10 28
2  51 38
1  22
3  4 5 35
5  3 52 81 70 54
3  17 73 99
5  31 73 75 28 9
3  55 24 84
4  52 10 15 90
1  36
2  19 40
5  97 43 20 77 12
5  23 28 46 21 7
5  94 82 5 2 31
4  26 14 23 77
2  37 67
3  73 100 57
1  67
4  55 86 30 66
4  53 94 4 74
6  81 67 82 85 69 12
3  94 25 66
5  48 2 38 87 75
3  43 87 4
6  41 90 25 6 48 77
6  52 51 99 32 17 80
1  85
6  59 79 16 24 50 64
2  87 50
6  24 92 86 27 87 16
1  32
4  89 31 15 39
2  47 56
1  63
3  100 21 19
1  45
5  79 71 55 28 78
2  57 5
1  83
2  18 15
5  7 45 98 75 44
6  83 6 40 27 59 98
5  27 76 43 81 3
1  59
2  69 63
2  52 83
3  66 65 51
1  62
6  85 6 96 68 11 35
3  38 93 47
1  20
2  51 100
2  64 59
3  33 22 73
5  4 18 49 69 60
2  64 44
3  60 11 47
6  61 84 87 7 93 29
3  6 53 7
4  99 40 86 72
2  90 89
5  58 57 31 88 21
5  23 80 85 70 74
3  53 61 46
4  81 89 73 34
6  38 33 35 24 4 58
1  92
2  71 49
4  59 70 33 82
3  18 51 23
4  3 84 15 49
3  96 38 23
2  33 60
4  68 83 65 26
6  57 54 66 6 12 24
5  45 5 24 62 55
3  25 58 30
3  6 80 35
3  2 64 76
4  26 44 90 69
3  47 22 4
4  34 27 26 79
2  50 41
6  96 66 44 26 5 50
1  40
6  7 3 68 29 12 18
5  50 64 2 54 16
3  81 42 15
1  91
4  98 87 20 41
1  24
6  17 63 82 24 66 50
6  94 61 3 12 41 52
5  43 6 91 79 86
2  93 97
2  47 94
1  67
3  21 91 25
3  54 7 62
2  56 53
1  17
4  25 58 8 1
6  13 91 79 98 23 71
6  45 18 88 54 84 22
5  75 47 13 28 53
5  47 8 27 60 25
5  84 82 90 2 75
4  99 98 31 92
3  48 80 97
2  1 71
1  47
6  34 100 58 80 7 85
3  32 67 23
1  56
1  95
4  82 55 56 79
6  47 21 33 27 17 65
2  88 70
5  72 3 74 29 83
5  14 21 12 80 44
2  36 50
2  92 31
5  47 9 60 94 30
6  20 47 56 34 26 21
1  29
6  34 11 74 47 31 86
2  74 10
4  24 30 54 4
6  63 94 93 55 14 39
1  61
5  36 81 78 64 75
1  74
3  59 5 34
6  79 44 47 2 73 100
4  77 100 18 39
6  10 94 7 49 4 67
2  40 48
6  4 22 10 78 70 68
5  4 52 61 47 99
4  20 98 18 96
6  36 35 90 45 28 97
6  32 63 14 71 10 12
5  32 21 52 2 88
2  5 40
6  52 38 56 71 36 74
4  33 9 100 23
4  27 19 47 58
5  61 29 91 72 3
2  92 54
2  79 87
2  19 81
5  57 37 49 92 10
1  24
2  15 47
5  42 65 19 100 46
5  28 37 51 30 59
3  84 82 21
5  9 39 50 87 95
6  36 87 96 51 11 15
4  57 87 6 22
1  5
5  84 33 5 34 63
4  75 46 44 96
1  52
3  65 39 30
4  75 16 47 25
2  61 90
5  47 96 4 52 1
5  35 33 76 69 96
3  44 41 82
3  56 33 73
2  72 2
5  46 18 19 71 44
5  61 26 56 30 78
4  2 12 90 77
5  85 15 24 26 96
4  82 29 35 3
1  37
5  47 54 93 18 98
5  78 23 98 34 53
5  90 54 87 79 30
4  64 45 90 89
3  52 70 87
5  70 23 47 16 77
3  34 74 11
1  97
1  45
3  83 34 2
5  13 32 35 76 77
2  64 17
5  34 86 62 6 56
6  53 72 62 91 5 35
1  16
2  10 60
5  92 93 82 61 6
1  95
5  90 20 45 7 96
5  93 57 85 48 42
3  20 3 28
2  38 29
3  69 39 99
3  30 91 90
6  43 85 77 32 4 21
3  99 100 31
4  84 78 97 20
6  100 48 21 37 77 60
1  15
4  53 44 48 83
3  44 25 18
2  57 22
3  95 21 41
2  76 24
1  73
3  100 73 91
2  9 67
5  14 81 36 66 25
6  49 59 28 73 77 48
2  98 90
2  19 30
3  94 54 52
4  98 51 39 89
5  48 55 61 36 84
2  61 68
5  19 95 48 96 43
5  93 32 1 11 62
3  5 16 1
5  13 51 11 1 20
4  56 68 19 92
4  45 53 19 20
5  13 67 56 44 59
6  44 70 49 93 75 64
6  46 77 44 57 63 14
2  31 32
2  82 77
5  1 97 47 13 64
1  69
1  72
4  51 42 4 44
1  68
3  62 44 80
2  20 43
2  52 73
4  76 55 40 51
4  37 98 68 100
1  37
1  81
6  58 23 96 1 38 63
3  100 7 17
2  27 59
3  79 32 12
4  87 52 5 42
6  2 9 87 11 46 94
6  37 51 15 32 52 95
6  52 1 4 69 27 63
1  5
6  28 59 80 79 63 22
4  64 30 53 75
5  47 67 12 97 81
3  48 33 39
3  84 39 52
4  1 68 71 95
6  29 75 74 91 96 40
4  26 93 29 1
3  95 13 36
5  57 83 8 95 18
6  33 57 42 99 58 10
5  53 5 97 27 79
6  23 19 41 48 11 69
3  50 63 62
6  38 18 68 45 12 85
3  45 42 77
3  99 87 11
4  91 7 78 70
6  100 88 34 48 98 2
6  47 65 57 32 2 74
6  46 86 84 81 30 25
4  72 23 44 83
5  34 90 51 4 83
3  91 16 97
6  18 93 35 82 50 67
5  24 65 29 9 48
1  38
5  67 10 96 92 69
3  81 19 47
4  69 37 79 65
2  97 58
4  78 7 26 61
2  91 90
3  39 99 76
1  65
6  6 75 77 74 19 58
6  65 21 61 2 100 26
2  96 83
6  73 90 12 34 19 3
2  57 41
2  32 51
6  17 56 61 94 30 79
4  22 44 71 83
3  71 8 73
4  91 59 39 80
5  72 99 73 95 55
1  15
6  63 1 4 19 61 97
3  40 47 70
5  18 53 29 88 60
1  54
4  59 92 30 29
4  29 2 58 83
1  73
5  77 74 73 96 34
5  44 74 16 13 57
3  66 85 22
2  85 75
5  44 66 6 73 29
2  74 87
1  88
4  86 64 32 59
4  66 28 3 40
3  16 96 77
5  80 98 6 64 73
5  7 38 86 80 67
2  53 54
3  40 12 21
1  44
5  63 10 7 65 49
3  81 44 27
4  23 25 66 87
6  46 94 35 32 73 2
3  25 55 85
4  66 5 68 10
6  31 19 90 96 67 40
5  11 66 36 34 91
1  20
6  48 13 22 79 86 23
2  11 77
1  75
3  18 43 52
1  73
5  91 68 38 31 44
3  97 79 81
6  81 1 74 28 14 96
1  99
2  35 9
6  48 84 37 66 26 88
4  99 59 57 67
6  88 10 44 84 89 24
5  69 24 44 97 37
3  3 36 57
3  44 51 85
2  87 50
4  75 16 51 33
5  17 28 60 26 71
3  15 95 14
5  19 58 80 56 96
5  91 53 19 34 3
1  61
6  53 13 64 69 96 42
5  24 2 6 95 45
2  90 59
1  8
1  83
4  12 65 53 64
5  87 67 48 55 40
4  19 8 24 14
3  4 38 51
1  32
6  31 22 54 34 29 69
1  92
5  80 45 44 63 32
1  49
5  65 88 40 83 96
4  97 45 68 34
6  78 66 91 8 87 44
3  16 13 57
1  92
3  51 36 99
5  45 47 61 9 35
6  92 31 64 88 76 22
5  8 87 61 15 74
1  56
6  17 12 95 9 48 46
3  46 28 89
6  89 98 28 58 52 76
2  82 97
1  90
5  64 5 57 69 60
3  85 72 40
6  19 85 38 65 12 26
4  100 23 85 88
1  42
3  87 75 21
6  78 10 67 41 14 23
1  74
5  94 45 7 88 64
6  25 28 3 51 85 74
5  91 85 12 30 72
6  51 55 63 61 21 4
5  44 14 48 11 7
6  18 95 56 9 20 84
1  70
5  14 43 38 5 28
3  35 99 34
6  53 97 46 74 1 20
2  14 68
2  21 60
3  16 54 35
6  66 4 67 79 47 84
5  53 18 73 86 3
2  83 48
6  84 68 17 98 35 46
2  95 91
2  11 45
5  9 10 72 76 89
2  80 72
6  32 90 65 18 92 91
1  40
6  84 7 82 42 52 100
3  42 33 47
6  100 56 97 71 31 86
6  11 58 82 42 47 46
4  39 37 60 79
2  43 85
2  24 27
5  24 63 25 56 9
1  55
4  9 26 95 94
1  5
4  96 46 99 42
1  37
5  65 15 3 8 100
3  32 26 17
4  88 42 10 97
4  65 60 62 90
4  55 4 59 6
6  5 4 41 10 19 74
4  21 81 56 12
5  73 66 69 14 75
4  67 40 26 28
2  80 83
2  38 89
2  42 93
5  52 34 91 25 89
1  6
3  67 17 25
3  83 94 53
4  59 20 97 84
3  26 63 31
4  1 20 90 43
1  63
6  45 54 19 34 65 24
5  32 41 2 71 23
6  24 80 55 44 77 38
6  2 1 22 60 42 49
3  53 12 38
6  65 56 32 30 80 9
4  20 11 32 43
1  56
2  60 100
6  98 91 1 99 13 60
6  54 8 44 7 20 81
1  84
3  36 13 17
3  74 37 55
1  79
4  61 2 21 60
6  19 51 100 17 63 59
1  16
5  60 23 87 41 27
5  78 62 83 94 6
4  31 61 62 9
2  23 10
3  82 10 59
2  10 76
6  69 92 11 36 51 33
2  92 59
6  69 21 74 63 27 31
6  87 92 2 7 14 12
3  96 22 6
2  31 81
2  100 73
2  35 23
4  57 15 24 48
5  45 22 46 71 52
3  57 43 40
4  57 51 11 52
5  17 79 3 98 1
1  70
2  37 93
6  93 7 21 41 90 66
4  35 36 13 73
6  56 12 63 66 64 35
5  43 37 80 39 49
5  76 41 73 68 47
6  9 37 59 70 71 95
5  43 87 38 55 42
3  17 8 13
4  90 56 88 69
6  27 18 74 2 58 46
5  5 40 78 41 99
3  12 93 30
4  79 68 8 21
2  25 29
2  76 19
6  63 87 83 90 5 56
6  62 2 61 67 41 39
1  39
6  19 31 16 72 10 83
5  31 100 5 60 29
5  78 14 42 65 97
2  69 52
2  31 53
5  97 94 22 4 32
1  23
4  24 94 73 6
5  3 5 78 63 34
4  40 48 99 5
3  30 74 95
4  4 48 36 1
3  58 5 73
4  27 35 89 21
1  94
6  10 99 73 72 33 29
1  80
2  16 24
4  90 19 10 93
4  46 94 7 3
6  79 68 25 14 56 46
2  50 40
2  49 12
1  82
3  12 61 69
2  85 26
2  3 36
1  69
5  4 75 84 2 54
4  26 67 7 72
6  56 11 15 5 23 16
6  63 28 47 32 56 31
4  73 33 93 83
1  74
6  76 57 87 29 8 13
6  14 84 81 69 95 74
1  11
4  80 38 5 11
6  35 68 65 61 47 69
3  32 44 91
2  73 98
2  67 11
1  48
5  9 42 53 26 52
1  6
6  15 16 82 50 83 46
2  44 93
6  77 24 30 67 43 2
4  74 69 75 88
1  54
6  58 6 23 10 17 28
6  32 43 81 26 99 69
2  85 46
3  14 13 85
1  77
4  85 51 46 100
1  43
4  10 65 68 26
6  66 57 35 46 38 61
5  37 30 90 21 76
2  35 88
1  50
4  74 34 15 19
3  18 61 92
2  25 59
4  17 25 10 52
5  48 13 42 84 43
2  4 18
4  38 6 79 88
5  52 22 84 71 56
1  31
3  28 56 5
5  73 30 90 25 100
3  37 42 20
5  73 24 97 36 61
1  15
3  72 67 70
4  37 25 56 68
5  84 24 76 64 96
1  54
2  4 91
4  45 10 37 18
2  34 54
6  36 68 42 7 34 12
4  71 36 17 38
1  100
4  82 63 57 87
1  77
6  6 34 36 16 70 53
3  3 6 44
3  74 86 45
1  97
1  78
2  22 16
3  22 77 20
6  33 6 100 10 96 43
2  22 13
6  71 16 90 14 54 63
6  99 70 96 5 48 28
2  63 65
3  39 85 31
5  90 31 81 86 37
2  18 58
3  1 29 52
6  43 6 54 42 4 24
3  9 71 64
3  33 29 82
5  13 43 3 44 23
6  80 46 6 38 82 7
4  33 98 8 39
4  50 43 75 86
4  45 50 85 78
5  67 49 91 79 92
6  23 14 82 2 60 88
3  41 94 5
5  92 12 42 61 54
1  47
1  61
6  89 39 74 55 88 64
3  79 57 56
6  39 58 51 26 96 92
2  100 66
1  12
5  53 73 32 69 20
3  30 16 25
5  89 80 55 53 14
2  9 69
2  47 27
5  72 22 67 91 33
1  34
1  54
1  42
2  26 77
4  41 2 19 29
5  73 81 94 6 90
4  30 36 89 5
1  11
5  99 33 5 100 66
1  54
5  55 76 97 32 26
3  33 45 66
1  17
3  8 23 35
5  52 71 59 57 79
5  29 78 1 33 67
3  31 38 2
1  35
2  32 71
4  76 36 80 93
5  87 16 17 57 67
6  15 24 66 84 53 44
6  85 21 52 31 51 89
2  57 23
4  89 94 31 65
2  11 58
1  97
5  28 54 40 16 68
4  82 52 16 25
3  100 45 88
2  96 76
4  53 99 27 41
6  58 5 22 68 62 33
4  35 61 18 74
5  86 37 58 52 82
5  51 27 61 81 22
3  43 74 36
5  15 28 27 19 50
6  81 83 59 16 43 76
6  19 62 25 76 98 77
4  72 28 84 32
1  5
5  51 79 4 21 93
2  48 12
5  42 93 63 100 8
1  76
6  25 37 21 1 35 97
4  6 25 42 38
2  47 6
5  25 10 4 18 41
4  29 22 92 85
6  29 90 67 25 15 3
3  16 38 43
5  43 67 15 81 99
4  86 82 96 85
1  37
3  32 58 26
4  42 17 82 32
5  6 46 86 51 61
2  94 34
4  60 49 46 58
1  32
3  95 27 24
6  63 58 29 21 84 82
4  1 63 93 84
5  39 70 20 100 93
1  34
4  72 83 4 30
6  35 69 86 62 92 83
2  50 12
3  33 93 7
2  55 100
2  23 38
6  43 38 79 55 72 37
2  54 40
4  45 75 23 30
3  15 13 61
4  24 5 97 16
1  30
5  11 47 94 49 33
3  87 11 90
4  47 16 11 87
5  56 61 94 86 97
1  98
4  71 22 63 68
3  74 97 8
6  43 1 33 75 37 19
6  27 76 33 42 87 19
1  42
5  6 27 77 14 25
3  85 47 97
4  84 70 48 91
4  90 92 86 65
2  4 50
4  79 83 96 66
1  8
1  81
1  34
4  27 59 92 11
1  88
4  88 58 10 79
1  99
5  97 64 98 100 14
4  79 96 48 44
6  55 51 77 68 85 35
6  44 26 5 48 14 66
3  72 76 14
5  74 84 79 38 81
5  51 33 58 46 80
1  42
3  53 19 2
3  53 96 80
5  1 28 93 67 64
4  42 78 47 16
4  26 53 42 4
1  74
4  48 54 63 89
6  15 8 90 52 60 86
2  39 86
4  32 53 23 96
6  100 42 9 61 67 62
1  71
4  76 33 11 30
6  100 17 10 7 62 67
6  94 6 79 53 37 31
5  32 25 76 73 33
3  40 95 37
1  58
1  43
5  42 38 69 59 48
5  65 9 42 57 3
3  35 55 84
4  31 15 90 6
6  23 41 28 17 78 38
5  90 81 43 32 18
1  90
4  86 55 74 28
1  76
5  47 31 58 12 61
5  2 66 61 24 7
6  40 84 26 14 74 7
4  5 24 67 95
6  53 50 62 80 61 38
4  8 69 13 19
2  85 20
6  46 44 1 34 84 85
4  97 58 66 53
4  90 20 57 78
5  6 40 51 67 77
1  74
3  18 93 74
1  13
5  48 56 69 82 39
4  41 36 12 7
6  74 96 7 31 73 79
3  12 30 3
6  35 77 33 52 69 7
4  82 75 2 38
3  83 76 97
2  12 8
2  100 81
2  6 12
6  85 48 11 14 51 99
3  27 32 99
6  39 53 78 13 54 15
4  37 90 52 61
1  59
6  1 40 17 7 51 16
6  98 26 4 49 25 51
5  57 50 72 95 2
3  7 56 63
4  93 53 13 54
4  72 44 54 11
4  60 61 76 50
4  2 54 8 27
1  83
5  54 78 56 3 85
1  65
3  4 18 59
4  71 31 1 25
3  61 85 2
3  35 61 39
6  68 65 92 50 48 45
1  26
6  6 10 11 71 56 14
6  15 70 59 45 83 86
2  67 87
5  1 48 6 89 15
5  80 65 19 25 68
3  25 74 54
3  45 10 48
2  24 18
6  69 87 73 55 18 40
3  85 41 89
6  30 3 61 9 67 80
2  35 24
4  9 77 92 53
6  40 85 10 57 75 79
3  48 33 61
6  74 46 28 63 36 57
4  96 66 32 76
6  67 99 57 76 75 49
2  61 89
1  71
3  88 49 89
3  82 50 22
4  95 50 18 30
1  83
2  73 15
1  72
5  100 28 56 75 76
6  35 64 97 6 9 84
4  98 18 35 47
3  90 42 89
1  72
6  90 98 68 4 99 39
6  99 66 40 73 42 24
1  6
2  13 15
1  67
1  21
1  59
4  91 1 49 98
5  45 88 70 12 91
5  50 75 66 16 15
3  58 39 46
4  59 78 62 25
6  82 26 48 42 17 91
1  20
3  2 89 46
6  57 96 67 23 11 82
4  69 20 7 31
5  65 8 39 90 97
2  16 45
4  33 92 53 48
1  88
3  99 34 42
4  29 9 77 40
6  38 8 9 44 39 86
1  47
2  99 44
3  15 88 6
3  79 59 95
6  46 44 89 79 85 43
1  93
2  48 82
4  55 91 2 94
5  11 40 100 9 83
3  24 71 50
5  49 9 65 39 54
1  27
2  92 70
3  85 89 87
4  47 42 57 48
3  33 58 76
2  67 59
5  90 29 27 60 78
3  24 16 89
2  42 21
2  11 61
1  100
3  74 46 90
2  93 25
4  51 100 96 17
4  73 6 87 100
4  64 35 88 79
2  19 20
3  41 31 4
3  30 51 21
5  40 51 68 65 14
2  65 10
3  23 83 40
1  82
1  73
1  92
4  39 10 71 82
4  1 85 98 31
3  18 6 75
5  73 39 83 91 3
6  26 75 66 34 57 70
1  73
4  57 12 72 28
6  22 29 77 19 59 12
3  64 87 6
3  26 88 28
2  80 53
4  55 18 88 12
6  94 85 49 51 96 20
5  89 42 7 65 61
4  77 97 29 64
1  65
6  90 93 18 70 46 71
2  63 59
3  51 52 21
6  2 17 19 80 5 60
6  70 20 51 47 17 80
1  19
3  99 8 37
1  77
5  87 2 45 38 95
6  58 94 98 75 12 78
5  71 64 49 91 15
6  7 94 5 25 38 3
2  74 18
1  55
1  11
6  49 48 94 44 6 87
3  80 98 19
4  69 83 7 60
6  2 67 90 6 91 27
1  24
1  27
2  55 31
3  54 79 91
3  23 97 35
4  77 33 83 35
1  65
3  61 44 27
4  50 18 78 58
3  78 84 73
2  14 16
6  93 7 34 15 3 68
5  79 100 61 14 1
2  56 61
6  99 87 36 48 5 14
1  45
6  89 18 22 3 34 8
6  40 42 10 43 9 88
2  8 48
3  9 72 90
5  58 89 56 94 37
4  7 42 5 97
2  22 19
2  56 27
2  95 68
3  38 76 24
4  84 71 93 92
3  83 61 1
5  17 94 8 77 1
3  81 97 79
1  16
1  58
3  38 53 9
5  90 85 98 49 69
5  41 61 11 24 22
1  95
3  5 2 14
1  51
6  2 29 97 17 39 55
4  77 7 68 51
6  52 49 45 21 17 86
5  28 10 3 38 4
3  43 6 54
3  57 48 49
6  44 65 24 98 23 100
1  91
4  2 42 99 47
4  15 32 44 42
3  46 80 45
6  23 51 39 70 7 86
2  92 29
5  15 27 6 32 96
4  33 38 64 80
6  78 11 44 20 52 89
6  97 75 22 48 13 92
4  98 9 46 27
6  61 54 97 76 85 92
3  18 30 4
6  30 82 8 73 1 60
4  1 56 36 23
1  48
1  59
3  22 4 72
1  65
2  10 40
1  2
5  27 31 83 24 60
4  31 33 65 90
6  65 46 30 87 50 78
1  8
2  22 12
6  35 76 20 44 16 29
3  96 56 76
5  80 35 42 10 68
1  100
4  71 46 91 58
6  68 58 2 90 80 14
6  14 90 4 58 5 33
1  100
6  78 68 13 19 80 25
5  41 96 22 31 53
1  98
1  19
6  90 32 72 4 21 75
4  26 8 63 97
3  4 64 52
2  41 32
3  18 72 43
3  2 95 57
6  6 75 87 95 7 58
6  28 33 59 53 41 21
5  37 61 82 1 13
1  41
3  50 59 15
6  99 17 87 55 92 29
1  87
3  61 85 62
6  43 15 34 64 93 70
2  74 70
3  77 11 80
2  69 95
2  68 12
1  22
2  97 50
2  84 85
6  69 47 83 12 61 16
5  54 86 99 27 55
3  4 66 14
2  35 9
3  2 20 54
2  47 50
5  77 34 58 66 2
1  49
1  65
4  88 19 50 87
3  5 21 49
5  35 79 4 44 27
1  63
5  28 10 30 1 86
4  58 52 66 62
6  79 26 64 66 44 14
4  89 18 73 38
6  8 17 91 51 43 96
1  23
2  22 53
2  8 16
5  59 81 43 58 68
2  25 12
3  76 1 53
3  39 40 56
4  31 7 98 27
2  20 51
3  73 74 49
6  55 7 68 97 65 27
4  87 51 77 22
2  78 74
5  16 14 31 71 44
3  68 71 57
6  21 98 60 95 46 48
3  53 16 46
1  42
1  3
6  87 24 19 65 98 94
5  11 24 50 55 62
2  26 18
1  46
1  65
3  61 12 89
1  27
3  30 69 45
2  61 32
4  79 96 54 72
5  64 96 25 19 57
3  45 75 47
6  90 12 30 50 24 19
4  51 53 92 19
6  24 79 29 80 58 25
2  29 100
6  25 16 81 67 60 55
1  49
3  25 79 94
3  97 57 99
3  49 17 46
5  96 75 51 53 99
5  82 99 80 6 23
6  87 90 54 42 3 86
2  81 80
5  77 36 74 26 84
6  72 56 86 47 7 39
3  90 21 44
5  26 67 63 13 56
1  54
4  19 40 86 99
2  62 76
4  35 2 38 26
5  94 12 20 100 51
4  89 71 8 57
6  75 20 9 30 36 63
6  54 2 74 53 20 35
2  74 70
2  12 96
1  5
1  21
1  57
6  93 27 50 23 67 69
2  97 4
6  85 58 95 59 10 15
6  37 89 64 66 1 59
5  5 65 89 10 21
5  2 48 66 51 71
2  20 2
2  24 96
1  81
6  73 90 5 66 27 94
2  93 94
6  61 99 52 49 8 73
2  10 20
6  60 90 21 80 92 51
1  87
4  84 77 37 74
5  3 1 74 33 93
5  20 54 66 72 2
5  44 24 82 64 12
3  53 33 22
3  83 25 31
3  8 7 84
5  88 87 81 62 19
5  29 38 27 94 9
2  67 53
4  49 16 64 90
5  96 12 13 79 36
3  25 43 49
1  24
3  95 4 97
1  78
2  51 5
2  60 33
6  12 85 34 28 49 24
6  45 35 8 23 70 50
3  12 98 56
3  34 50 39
2  63 17
4  14 21 74 54
4  85 39 92 13
6  15 8 32 50 16 54
2  65 2
2  63 57
4  97 7 4 26
5  21 81 83 41 54
4  94 13 41 32
1  54
2  19 61
3  68 77 4
6  42 5 17 4 62 82
6  68 86 26 38 6 7
2  47 61
5  40 73 17 72 77
5  90 96 31 40 64
1  44
3  48 67 52
1  49
4  78 34 77 15
3  84 34 87
3  10 27 17
2  98 94
6  88 89 26 28 53 33
5  2 80 19 69 31
2  17 83
1  50
4  19 90 43 53
5  87 63 3 89 100
6  84 88 85 10 15 37
3  86 39 22
1  7
4  32 24 35 36
5  94 55 63 36 8
3  22 70 41
2  58 41
2  42 29
1  51
3  42 93 29
5  14 33 88 66 64
1  1
6  84 94 54 46 29 62
6  51 31 26 75 89 67
6  31 95 99 82 39 41
5  68 21 88 100 8
4  64 19 54 63
1  47
1  48
5  78 32 26 9 58
6  98 24 94 28 19 93
1  57
2  82 24
4  69 24 62 22
6  81 75 50 82 22 67
2  97 44
4  23 53 18 22
3  42 16 77
4  9 86 17 42
5  40 96 37 64 58
4  51 38 33 1
2  55 67
3  51 11 9
5  63 27 95 13 68
1  90
2  20 75
3  61 42 84
4  78 47 15 36
6  53 69 98 72 23 64
2  74 28
3  37 54 41
3  22 52 38
3  71 13 92
2  54 76
6  32 22 3 67 20 55
3  17 26 58
5  45 32 54 73 78
6  27 18 38 49 69 76
6  39 88 89 71 42 64
4  73 86 60 40
1  15
5  21 40 33 1 85
4  54 58 41 43
6  59 81 32 28 56 29
4  43 17 37 85
5  94 57 66 54 97
5  68 71 91 8 4
6  93 67 44 50 8 87
2  66 67
4  93 23 59 66
1  95
3  90 89 7
4  43 3 25 11
5  16 18 77 6 11
3  50 60 37
6  16 3 57 8 26 50
4  91 60 62 41
3  50 47 5
6  49 30 3 22 45 21
6  51 31 40 1 90 37
5  6 40 39 13 65
6  80 56 49 41 96 98
6  42 2 83 91 32 86
1  77
1  9
2  36 49
2  26 38
4  8 43 3 47
4  67 36 23 84
5  18 81 67 60 83
3  50 15 35
4  91 41 70 17
5  18 44 3 56 7
1  99
1  57
4  76 92 90 98
5  66 16 56 33 76
3  83 26 53
2  87 44
4  56 60 35 74
1  37
2  11 46
2  19 3
5  95 94 71 93 69
3  8 25 70
5  64 52 8 17 69
6  60 27 50 20 61 23
2  97 52
2  43 78
4  45 60 47 39
2  39 8
5  47 33 37 30 96
6  38 12 57 32 71 84
5  90 44 4 13 41
4  46 84 33 98
2  92 44
5  22 83 75 89 29
1  25
4  3 13 96 14
5  27 85 53 8 74
6  11 87 38 65 32 21
6  29 49 89 73 16 10
4  91 98 84 23
3  100 35 37
1  5
4  98 57 71 72
4  82 58 91 47
6  12 44 19 61 32 91
5  42 46 67 40 30
4  62 71 63 97
1  76
1  72
5  58 43 45 11 24
1  2
5  92 13 14 10 73
3  1 49 88
3  15 27 75
5  89 46 42 86 54
2  86 25
6  44 68 36 54 92 38
4  62 29 68 76
3  40 21 39
6  8 85 3 35 60 82
2  5 23
1  59
3  95 84 31
3  51 66 92
3  4 47 3
2  14 78
5  53 99 9 41 7
6  44 41 53 25 64 58
3  72 16 88
4  99 19 3 50
6  94 91 88 40 19 54
5  89 7 70 98 47
5  91 17 43 16 80
6  63 51 15 17 14 69
2  63 53
1  54
3  53 48 60
1  19
3  12 89 46
4  65 36 50 81
5  65 60 78 28 11
6  79 27 6 47 46 68
6  59 22 40 11 69 100
1  87
3  29 76 93
6  40 29 37 20 6 1
5  83 29 91 75 7
2  80 54
4  48 54 22 70
6  33 38 93 50 25 40
5  100 32 65 40 61
1  59
4  2 39 49 31
2  24 37
3  4 91 10
4  44 32 21 37
4  59 30 13 83
5  91 83 1 55 22
4  56 81 27 58
2  76 88
3  100 25 95
1  15
1  55
4  35 76 95 99
3  25 12 17
6  2 100 94 57 21 55
1  2
5  70 21 57 58 69
4  82 63 60 96
4  14 55 1 89
3  99 23 74
1  39
4  12 39 60 68
4  15 80 61 96
3  81 53 7
3  9 88 11
5  84 77 82 38 70
6  76 93 61 86 32 27
6  70 87 65 28 1 45
6  96 94 69 49 1 17
4  89 27 25 73
1  6
1  80
5  98 55 68 58 40
6  84 37 68 70 2 96
5  46 84 67 40 52
1  40
5  71 28 96 95 100
6  100 10 78 76 7 33
3  64 72 41
3  9 17 10
1  88
4  89 54 95 41
5  34 9 39 62 4
2  61 2
2  71 80
1  77
1  51
3  84 92 88
6  1 5 2 92 57 93
3  51 33 13
6  42 51 46 45 84 7
3  17 77 26
2  54 37
5  94 20 67 82 12
4  87 13 71 79
5  64 24 21 97 36
1  38
6  51 83 71 57 30 88
2  55 12
6  92 87 80 12 54 61
2  20 48
3  91 26 6
4  50 26 51 85
2  89 72
5  71 43 37 1 30
5  56 41 47 28 35
4  82 96 81 1
3  17 92 69
2  46 18
3  97 3 78
6  75 59 56 17 96 46
4  11 87 20 57
1  55
1  96
4  97 94 13 88
4  35 34 80 83
2  83 60
1  57
2  70 73
1  25
2  78 35
1  98
6  19 53 7 14 3 11
6  16 98 58 51 32 37
2  61 20
6  75 76 11 44 48 24
5  66 2 4 70 99
6  89 51 2 3 54 5
1  49
2  11 7
5  42 44 4 3 63
6  77 38 7 21 86 30
6  52 31 93 21 30 88
1  81
6  12 34 95 24 83 15
3  90 86 76
2  90 78
6  85 55 33 92 76 19
2  65 70
4  58 91 82 45
6  62 35 12 96 29 36
5  44 69 30 45 1
2  22 96
1  76
2  95 52
3  15 16 17
4  74 7 48 19
1  10
4  18 6 82 53
6  25 22 53 54 66 72
6  50 75 64 78 69 15
2  84 31
3  50 4 49
6  22 55 8 74 73 13
4  26 98 80 47
3  33 13 3
1  1
4  79 64 30 48
5  55 31 9 96 81
1  45
5  33 99 86 7 72
6  62 97 96 41 43 46
5  56 49 78 100 57
2  30 4
6  85 35 6 81 16 18
2  95 51
2  81 57
6  80 19 91 76 60 34
2  33 89
5  11 45 69 67 64
6  71 62 83 6 67 64
2  84 88
1  35
1  97
6  6 77 10 96 52 69
2  73 2
2  42 12
4  11 79 27 9
3  88 92 56
4  55 78 38 43
6  72 54 91 63 59 67
5  54 19 41 83 91
3  100 32 54
4  42 33 89 51
5  76 42 39 30 97
1  68
3  10 40 92
6  2 51 67 75 4 85
1  86
5  58 86 7 12 48
3  45 36 99
2  12 40
4  41 37 81 8
5  90 47 67 49 17
4  23 21 42 38
1  17
6  93 24 7 41 72 51
5  70 78 88 10 42
2  46 23
3  21 12 82
6  2 30 5 58 53 25
6  91 32 16 86 24 39
6  64 10 43 41 80 20
2  90 61
4  36 83 91 57
6  72 44 96 2 49 54
4  74 53 45 5
5  30 29 7 22 93
1  64
2  96 83
4  86 44 15 21
2  5 77
2  77 20
2  79 69
5  33 42 24 78 46
6  8 74 99 29 67 15
6  99 11 76 58 96 20
5  17 46 77 93 68
4  13 85 32 81
4  65 22 79 42
5  71 50 42 69 79
1  84
5  6 94 47 64 90
4  36 6 12 13
6  80 66 11 64 98 91
2  63 13
6  5 80 68 54 22 36
2  29 19
1  35
1  50
6  2 16 34 8 28 46
1  7
1  16
5  10 7 89 72 19
6  77 99 53 30 21 88
4  49 7 65 84
2  14 82
2  30 15
2  57 61
3  64 72 50
2  82 57
2  53 76
1  29
5  59 95 47 21 44
4  85 27 73 99
1  94
2  23 22
6  83 56 48 55 6 82
3  63 3 88
3  10 17 12
5  76 6 15 96 50
5  81 76 40 79 84
2  7 55
6  89 11 39 43 17 21
5  79 23 66 17 32
5  28 100 58 34 14
4  83 82 34 59
2  13 43
4  19 49 10 38
2  49 80
3  69 58 16
6  23 32 6 59 64 93
3  17 76 18
4  34 40 63 77
6  82 25 4 92 62 40
3  61 9 99
5  100 22 7 23 27
4  45 90 59 81
1  34
6  57 67 38 19 44 33
1  69
3  92 30 61
2  72 21
3  70 97 41
6  4 64 17 70 8 7
2  89 13
4  87 69 28 25
6  71 57 88 39 93 80
5  53 12 40 74 52
1  70
6  100 74 56 17 43 63
2  70 52
3  31 38 4
4  63 91 29 19
5  67 12 58 35 64
5  75 38 21 84 8
1  84
5  68 100 24 31 23
6  82 58 24 20 61 51
1  1
2  76 13
6  11 77 55 86 14 76
5  21 88 52 2 56
4  26 86 74 19
5  32 43 87 92 25
5  43 34 69 72 10
5  58 21 13 6 71
6  74 92 76 26 94 31
5  19 16 50 38 83
5  81 70 74 5 38
1  39
1  88
3  88 46 69
3  59 75 16
3  48 7 22
5  100 53 50 19 69
6  57 51 81 37 21 54
3  58 70 80
4  58 28 52 3
6  96 62 71 11 8 19
2  30 92
2  82 41
3  50 40 93
1  21
2  21 75
5  79 44 50 42 1
5  94 4 74 89 65
3  100 73 62
2  2 54
3  83 94 71
2  34 63
2  55 91
4  29 61 32 72
1  74
5  88 67 77 62 56
3  5 55 14
5  72 15 20 6 98
1  76
2  48 38
4  2 29 16 31
6  48 2 100 22 75 88
6  51 49 43 93 54 98
1  20
5  21 40 74 18 54
3  48 2 86
1  4
1  27
2  4 74
3  3 95 10
6  83 61 39 25 53 92
2  58 12
6  79 52 64 97 5 12
3  7 98 54
1  12
5  43 15 54 78 18
3  87 8 31
3  47 56 100
3  78 58 50
5  37 1 31 33 6
3  76 12 39
2  22 50
1  64
4  64 41 82 12
2  90 43
5  36 98 75 74 76
2  24 43
5  24 73 1 30 15
5  42 54 7 63 4
2  27 68
5  67 50 93 95 39
3  70 75 33
3  48 8 77
5  51 46 95 23 47
2  37 24
4  90 31 30 93
3  56 61 28
2  10 20
2  48 55
6  23 88 31 70 96 8
3  46 54 36
5  1 61 6 24 28
6  55 57 88 2 12 49
2  35 58
3  52 6 4
3  28 92 70
6  88 77 39 33 31 75
1  31
3  7 55 63
1  9
2  89 11
2  37 40
4  95 88 17 100
6  55 28 84 24 25 71
1  64
1  32
3  4 62 73
1  17
3  12 25 54
6  35 84 37 74 49 32
4  65 32 54 20
4  37 44 84 8
3  47 11 76
6  15 38 58 25 54 93
3  79 46 36
1  29
5  88 78 4 50 43
3  3 62 93
3  6 77 48
4  24 58 27 8
5  64 66 96 18 58
2  97 3
4  10 32 38 98
1  41
3  52 76 50
1  68
6  19 44 37 70 67 94
6  75 66 60 41 61 78
6  92 74 1 58 84 33
6  81 42 37 28 93 12
5  6 80 67 25 24
1  95
6  97 90 65 62 49 5
2  26 3
1  100
1  73
5  36 68 64 77 5
6  70 16 69 76 95 35
1  18
3  95 9 35
6  73 97 34 78 20 59
5  34 59 83 7 42
2  74 5
6  79 96 64 94 39 89
6  40 7 36 34 15 71
2  88 67
4  66 86 10 46
2  68 29
2  10 47
6  14 41 78 10 5 71
5  44 60 73 83 67
1  17
5  79 34 69 45 84
3  30 94 80
3  62 8 74
5  55 73 85 96 50
6  1 21 68 44 81 41
2  47 49
3  28 27 76
6  72 60 31 2 54 10
3  15 18 24
6  72 97 69 68 47 63
5  67 31 12 48 72
3  94 20 80
2  47 56
2  18 16
3  19 69 58
5  84 76 93 68 48
6  37 15 35 100 82 2
2  93 49
1  31
3  21 11 64
5  66 82 85 30 4
4  87 73 34 62
4  2 10 53 39
2  88 38
1  90
5  99 38 70 29 80
6  39 44 58 5 25 42
6  54 46 37 41 18 70
1  83
5  12 36 10 35 23
3  41 12 16
3  50 85 67
2  75 5
5  32 10 98 74 96
4  20 32 92 38
1  94
2  73 5
4  83 40 78 30
5  90 46 18 39 31
6  69 5 90 41 37 99
3  11 94 89
2  25 81
5  27 74 88 99 78
3  82 18 20
1  97
1  57
1  49
6  99 17 93 88 58 29
6  96 40 80 85 71 4
4  39 30 38 26
2  16 68
1  33
6  23 29 98 80 44 46
4  42 62 59 29
2  88 15
1  28
6  99 98 63 36 28 100
4  57 16 30 67
3  18 89 77
1  68
2  60 34
4  22 93 90 41
5  4 56 7 98 54
1  95
1  40
2  16 2
5  31 45 79 48 34
4  63 2 75 23
3  36 44 28
2  85 7
2  41 14
2  94 18
2  10 57
3  26 58 21
4  89 66 34 36
6  89 98 2 63 21 37
6  65 22 49 72 51 90
6  77 83 3 98 93 59
3  18 17 61
5  5 27 7 41 95
3  28 58 59
4  55 23 30 77
5  1 27 61 86 4
3  88 1 36
3  41 53 63
1  26
5  29 33 9 56 28
3  83 85 6
3  39 29 77
1  100
5  43 61 63 46 5
4  47 40 97 88
6  60 90 19 28 52 36
5  79 83 57 63 89
1  2
1  81
2  17 58
4  78 21 5 82
5  52 21 68 39 14
2  29 33
4  47 84 92 20
4  74 76 25 63
5  27 79 60 44 96
1  3
5  37 8 54 59 75
5  98 88 3 27 20
4  73 4 49 93
4  23 69 90 85
3  16 64 7
4  60 24 62 32
4  70 85 68 29
4  43 26 48 46
4  68 4 25 71
4  17 36 75 86
2  60 33
3  24 40 100
5  63 62 14 23 31
6  91 59 58 34 85 5
5  37 72 83 61 42
3  78 77 9
4  2 68 96 42
6  35 42 73 98 4 87
2  35 85
1  94
3  45 78 48
2  15 19
1  76
4  39 54 38 48
1  39
1  12
5  7 46 23 80 44
2  66 64
4  51 75 53 93
2  31 40
3  45 59 47
2  20 86
5  57 33 89 96 48
6  77 54 46 99 34 90
2  99 53
5  49 27 36 42 45
4  82 86 11 40
2  31 59
2  4 16
3  93 11 98
6  87 52 38 85 27 9
5  80 92 32 6 27
5  51 93 55 37 3
6  69 33 53 86 37 36
2  80 33
2  67 85
4  52 69 86 60
4  65 51 84 71
5  57 22 70 11 58
5  5 26 58 12 41
2  47 70
1  80
6  72 64 48 23 32 34
5  84 98 33 67 69
1  23
6  79 34 47 51 38 73
4  96 85 97 22
2  66 27
1  55
6  74 3 21 5 36 88
3  36 55 3
3  77 92 24
1  39
5  48 12 30 44 96
2  65 27
6  92 37 46 90 10 49
1  15
6  13 2 19 48 56 21
6  33 13 17 43 51 91
6  63 21 33 59 46 98
6  37 89 22 83 78 31
2  88 45
1  1
3  34 49 3
4  42 35 67 58
5  18 49 68 80 69
1  39
1  98
2  52 87
3  34 65 75
4  53 19 80 65
1  2
5  68 43 2 34 100
5  52 49 47 32 18
3  70 32 44
6  83 31 36 17 95 10
5  47 29 61 100 94
5  1 61 42 43 63
5  43 42 27 91 88
4  8 35 28 40
5  20 23 9 55 39
1  65
2  50 94
5  49 87 55 48 97
6  10 73 34 52 100 24
3  58 32 74
6  71 52 4 94 60 59
2  63 23
4  12 16 33 60
1  88
1  50
6  99 60 57 32 11 56
4  50 13 88 23
6  59 75 1 52 35 60
6  97 82 36 8 98 69
5  1 57 75 51 41
5  10 97 6 20 53
4  70 66 48 93
4  7 67 64 58
1  24
3  98 6 77
1  3
3  73 4 2
3  54 42 21
4  39 26 83 92
6  53 57 35 45 20 41
1  84
6  13 7 40 10 12 16
1  15
4  87 19 63 34
5  4 54 35 43 80
2  34 67
5  91 2 15 10 42
2  94 40
3  100 80 48
1  95
4  27 56 49 45
2  82 16
2  36 51
4  16 68 98 82
3  88 83 52
6  25 78 91 65 16 44
4  2 39 25 28
6  73 13 55 88 34 90
3  99 6 7
6  87 44 84 70 96 81
6  73 72 60 89 62 4
4  64 43 76 92
3  49 64 3
4  83 93 90 81
6  96 77 85 40 60 55
3  40 50 8
1  9
6  73 12 47 36 54 22
2  91 71
6  39 74 42 22 66 32
1  64
2  79 49
4  38 3 1 78
4  8 89 61 3
4  72 50 96 26
5  23 17 42 14 56
1  56
5  81 87 79 44 14
4  93 80 95 81
5  47 88 61 7 91
2  79 40
1  5
1  40
2  53 76
4  8 53 47 95
2  91 8
6  83 88 84 78 69 56
2  57 16
2  47 37
1  87
4  13 98 92 33
3  45 9 17
4  61 64 46 92
4  54 80 38 42
4  15 10 19 39
4  34 69 13 71
5  100 23 90 98 15
2  47 59
2  64 10
6  27 56 82 10 62 19
4  25 34 62 43
5  27 77 41 40 47
2  39 69
1  36
5  29 83 41 59 47
4  49 74 7 31
4  17 92 74 68
1  7
2  58 79
4  34 19 95 81
3  34 49 43
5  32 71 53 73 29
6  24 78 73 30 9 27
3  100 1 14
1  7
3  74 86 98
1  4
6  88 40 27 37 83 97
5  53 49 41 82 48
4  60 20 94 68
3  40 68 47
4  83 54 96 57
3  94 64 43
6  51 83 13 87 65 9
4  18 58 96 100
1  59
4  26 53 27 72
6  94 19 45 77 72 41
2  11 34
6  53 20 47 36 32 34
1  41
6  18 98 83 17 4 42
5  29 95 2 100 86
6  19 31 72 91 4 1
1  100
4  25 46 90 56
5  90 97 67 7 95
3  24 98 92
6  26 86 2 72 98 44
1  69
3  74 73 35
5  73 88 2 18 78
4  97 67 54 64
5  49 14 97 46 5
6  71 90 98 96 61 95
3  63 64 73
3  37 7 14
1  95
1  27
5  73 24 39 27 87
1  75
1  9
2  5 91
6  3 87 56 98 26 19
4  99 54 98 6
5  7 100 83 34 73
4  57 11 83 44
2  58 44
2  78 49
3  68 43 38
4  98 35 80 16
6  78 70 94 83 38 1
5  21 34 55 76 90
4  59 34 87 16
5  17 93 25 52 61
5  89 15 65 24 95
5  20 72 50 14 55
6  14 38 7 48 92 83
3  57 42 71
3  57 47 60
3  72 12 10
3  100 25 4
2  19 84
3  91 34 57
3  21 71 83
2  18 75
1  55
2  51 25
5  8 72 35 57 44
3  67 83 46
6  86 69 11 12 1 3
5  47 23 40 29 49
4  3 59 12 34
1  37
1  17
1  42
5  53 88 40 35 33
2  20 2
3  89 14 42
6  83 88 13 22 16 62
5  19 21 91 52 30
2  60 46
3  2 19 89
6  58 23 22 88 42 29
2  37 70
2  19 58
2  40 73
6  19 92 15 10 44 45
3  3 90 73
1  8
4  93 65 84 14
4  26 37 81 56
5  51 77 92 8 10
2  81 5
3  72 20 59
1  64
6  18 53 69 22 61 30
1  26
1  28
5  39 64 59 94 37
1  70
2  17 80
4  98 84 10 70
1  68
6  66 64 2 19 32 23
5  62 37 5 75 64
5  14 28 42 8 65
4  78 93 68 57
4  65 40 61 34
3  29 18 8
6  20 27 25 42 6 87
5  10 61 42 92 75
5  34 82 85 59 26
4  15 78 17 55
3  51 96 68
5  4 61 88 30 85
2  36 71
1  45
2  49 37
1  18
5  88 51 54 46 77
1  61
4  23 15 94 73
1  61
3  14 21 29
3  6 58 79
5  64 24 8 13 60
1  30
2  1 80
6  46 56 90 6 10 12
2  4 85
2  64 26
3  85 54 89
6  11 67 75 91 74 87
4  87 16 81 96
4  32 51 54 38
4  65 59 64 50
6  28 75 34 13 22 3
3  89 70 13
5  43 100 29 16 10
1  11
5  47 61 27 85 22
6  43 86 41 31 14 15
4  26 43 86 29
5  74 98 95 53 41
6  82 69 9 91 84 20
4  30 81 90 14
1  82
4  88 22 87 1
3  51 27 80
3  56 61 10
4  55 62 94 49
3  63 58 33
3  77 96 76
4  86 89 58 67
3  46 89 31
3  25 81 73
1  17
2  65 26
5  20 87 75 68 29
3  25 62 83
1  57
4  57 42 46 15
1  91
4  97 21 6 2
5  26 19 5 90 44
6  10 30 60 77 59 97
1  20
5  2 77 36 59 19
5  73 27 72 33 23
6  38 44 94 15 69 12
2  59 56
1  68
6  66 44 45 62 64 41
3  41 77 5
4  58 77 85 30
1  8
2  47 51
1  62
2  28 82
5  83 87 45 69 53
6  13 15 34 77 55 80
1  31
6  76 89 61 18 70 68
3  17 19 55
5  38 82 60 15 65
3  60 33 99
3  46 13 81
2  67 60
3  98 44 14
6  4 74 73 42 43 89
4  97 67 98 79
2  13 43
5  72 76 71 20 21
5  1 43 50 61 81
3  4 94 33
1  68
3  80 9 79
5  69 75 36 66 54
4  78 96 34 50
5  4 70 93 87 35
3  30 15 84
2  9 17
3  76 53 21
6  31 90 53 6 25 19
4  86 96 55 20
3  26 23 15
2  9 84
4  45 14 68 28
3  76 44 87
4  97 8 35 27
6  88 33 21 6 91 7
1  46
2  47 71
3  62 90 58
3  42 2 59
1  30
1  85
5  92 35 70 99 97
6  57 29 16 63 20 22
4  65 48 10 36
6  71 25 54 16 67 55
5  75 85 79 59 70
6  29 69 64 25 63 21
4  79 83 74 1
3  38 48 56
5  44 26 98 97 42
4  52 15 39 37
6  98 95 63 92 23 32
4  48 94 76 2
5  58 75 73 4 13
2  59 86
4  84 61 26 48
1  40
6  49 33 85 44 96 76
4  27 32 14 21
1  15
6  65 90 68 2 85 27
6  49 11 71 9 36 18
2  75 5
5  8 89 13 4 65
5  30 96 93 51 2
1  43
4  97 8 35 98
6  61 85 42 71 56 50
1  73
5  81 77 40 89 66
4  92 30 31 22
2  23 72
2  30 15
6  26 23 27 24 16 88
1  57
4  64 7 63 37
5  44 14 17 32 80
5  24 9 100 45 34
2  17 60
4  32 53 78 54
5  2 69 67 11 25
2  74 31
6  11 8 30 25 62 4
6  86 13 93 30 46 14
3  5 66 78
4  43 31 36 45
6  2 55 25 26 29 12
3  63 42 64
6  4 68 80 89 72 19
2  86 65
2  51 42
6  94 73 23 38 72 24
6  96 49 21 51 61 60
1  3
2  100 6
6  79 94 71 51 12 96
3  77 26 87
2  12 80
6  34 18 62 58 10 7
2  9 67
6  22 69 14 75 5 100
5  75 51 80 71 86
4  96 72 74 7
4  65 41 70 26
6  80 84 4 10 92 71
6  14 40 13 35 17 82
6  85 62 63 71 18 58
3  92 65 94
4  5 64 82 3
3  65 6 52
4  76 52 71 16
4  5 29 81 40
1  73
2  72 35
6  89 92 37 81 56 30
3  61 94 17
4  36 82 69 87
3  45 38 9
4  2 14 89 83
4  98 55 77 70
6  71 59 80 7 39 36
3  74 97 30
6  60 65 73 28 52 11
5  90 20 32 92 33
2  74 86
2  28 62
6  16 32 45 96 39 84
2  76 58
2  5 48
6  70 21 14 22 32 86
1  51
2  3 84
3  76 69 55
1  30
3  19 62 86
1  100
5  46 75 27 73 80
5  59 50 95 73 71
2  59 83
5  76 85 59 12 61
2  67 64
4  8 83 18 93
6  18 63 42 93 89 15
5  63 73 22 57 46
6  83 4 75 59 79 60
2  91 20
3  57 84 1
4  67 19 57 63
3  19 5 30
1  19
1  70
6  23 26 37 15 9 40
6  67 19 49 84 9 69
2  65 52
2  28 18
3  85 81 3
6  14 10 5 15 79 96
3  5 33 53
1  72
3  79 90 91
4  99 59 91 63
1  20
6  28 67 75 8 51 78
6  65 87 98 79 66 93
1  70
2  69 83
6  10 61 87 100 24 85
4  14 48 68 34
3  95 100 14
1  51
6  96 16 78 94 43 86
1  13
1  79
6  8 88 56 94 79 46
6  26 14 64 9 77 12
5  68 8 92 45 1
6  88 87 96 1 97 74
6  4 62 51 98 50 30
5  95 23 2 9 48
4  17 74 42 29
4  9 36 42 54
3  28 42 22
2  42 19
6  37 23 58 87 21 7
1  96
1  38
6  10 86 62 27 60 3
4  10 12 90 52
4  26 79 6 48
1  48
4  97 84 90 54
5  10 60 86 5 61
2  2 71
1  63
6  70 66 52 80 77 42
2  42 67
1  48
1  10
6  82 6 79 71 60 49
5  20 35 84 81 59
6  51 68 49 48 38 14
6  17 91 40 47 32 7
4  80 22 66 74
1  72
4  73 31 1 52
3  35 36 30
6  21 81 61 70 28 99
5  26 15 74 66 62
1  72
2  85 93
5  59 95 54 11 68
6  11 19 34 45 55 64
3  76 45 99
3  72 97 28
6  12 1 63 73 6 35
6  91 27 72 49 22 25
4  90 9 69 43
1  63
1  52
3  51 50 83
2  47 11
2  58 12
5  30 18 16 20 8
3  91 56 65
1  14
4  25 83 63 68
6  26 74 48 64 24 98
3  46 44 57
4  1 68 46 31
6  62 51 93 4 42 48
5  57 62 23 82 44
6  49 41 10 22 88 73
3  85 20 91
2  77 55
2  44 100
4  29 61 10 21
4  51 69 33 8
2  56 89
5  40 38 14 49 60
1  22
1  86
3  95 14 18
3  43 62 49
1  90
1  12
1  74
4  79 7 70 9
4  58 82 1 96
6  50 55 97 72 59 83
1  53
6  30 2 39 91 50 40
5  59 52 91 33 13
5  39 82 78 100 40
4  1 35 56 50
6  52 22 48 34 1 30
4  2 68 55 52
1  35
1  59
2  43 72
6  81 54 74 80 93 34
5  28 89 30 17 41
4  64 75 85 4
3  66 72 3
1  80
3  27 38 63
5  10 59 50 63 32
2  55 65
1  82
4  39 98 94 89
4  68 73 25 72
2  90 43
2  7 22
4  34 60 23 2
5  81 51 31 13 80
6  78 89 67 31 27 65
2  15 27
6  88 51 64 8 41 6
2  48 28
6  81 87 13 83 55 94
2  86 6
1  71
5  1 38 15 27 3
3  42 29 31
2  80 94
3  21 99 68
5  27 58 49 13 71
2  68 64
4  54 70 76 24
4  77 62 67 4
4  6 45 93 36
5  73 29 12 93 28
5  61 54 37 10 67
1  40
3  71 4 88
3  79 12 93
4  73 59 37 64
1  30
6  78 2 28 89 95 55
5  56 9 5 65 75
1  5
1  82
1  97
2  87 8
1  43
5  72 1 17 36 5
3  35 82 47
4  71 42 17 38
6  25 42 62 100 54 67
1  35
5  5 56 62 12 69
1  92
3  5 8 76
1  53
1  91
6  72 61 41 88 98 38
1  40
6  13 93 65 21 28 40
2  83 1
3  52 5 28
6  9 35 67 18 88 77
1  87
3  68 27 36
4  64 48 6 63
4  99 27 80 26
4  5 9 67 41
4  71 69 51 80
1  18
6  90 94 4 76 42 71
1  77
3  67 25 42
2  84 40
4  64 66 22 69
5  88 9 33 59 78
6  38 80 2 34 70 96
3  46 37 7
3  14 43 15
3  85 43 21
2  98 85
6  19 53 62 7 95 65
3  79 2 19
5  35 89 76 72 34
1  78
5  26 21 97 63 5
3  84 29 36
5  17 55 21 79 61
5  74 25 22 53 26
3  33 61 29
1  32
4  21 10 45 47
2  41 9
3  79 93 64
1  61
5  69 82 59 29 65
2  54 86
6  79 26 18 40 54 71
1  47
5  60 93 11 1 2
3  79 94 9
6  55 89 62 37 48 91
1  80
3  87 64 22
1  82
4  66 7 33 81
4  13 41 45 24
3  46 69 20
3  77 13 95
4  74 31 13 64
2  92 7
2  56 29
2  37 91
6  43 23 75 96 35 16
3  58 57 86
2  76 26
1  89
2  69 63
4  81 27 83 73
2  100 28
4  29 65 53 23
1  75
6  3 10 14 43 68 70
2  94 46
4  97 35 74 66
6  25 46 23 7 19 57
1  46
2  35 11
5  58 17 45 56 19
4  69 62 22 39
6  15 84 43 12 18 17
5  15 41 23 37 48
3  93 54 88
1  89
6  82 47 15 27 2 33
5  70 95 2 8 84
2  92 26
2  10 42
1  24
5  29 60 30 70 53
5  57 64 72 54 46
2  68 72
2  1 52
6  95 54 97 78 71 89
1  99
6  46 4 21 28 32 81
4  2 34 41 58
6  13 12 43 31 79 14
3  80 65 39
5  19 36 52 89 25
4  88 22 1 91
3  28 23 86
2  56 26
5  53 38 93 95 68
5  8 18 52 73 57
2  92 93
5  80 17 33 67 39
2  58 81
4  81 3 47 5
4  72 86 11 10
5  6 77 51 14 95
1  86
4  28 77 44 5
4  60 38 24 99
5  81 79 32 62 82
5  66 40 50 51 59
2  57 36
5  70 30 82 55 81
1  32
2  14 89
6  51 12 83 22 93 62
4  54 43 32 19
5  81 70 34 40 99
6  75 79 59 5 60 14
6  68 46 10 81 34 95
2  46 77
4  38 7 92 81
3  10 64 19
5  98 59 78 87 34
4  46 39 16 59
2  83 4
3  64 38 28
6  83 5 48 20 43 54
1  24
6  21 87 11 100 84 69
5  71 2 34 16 40
3  75 64 32
5  98 95 16 26 90
6  31 38 18 73 91 29
6  83 49 93 66 62 26
3  64 60 52
1  8
2  68 40
1  65
3  20 91 24
2  21 61
3  93 52 63
6  34 12 71 27 60 37
6  86 73 52 45 24 55
4  50 22 92 54
6  26 74 77 50 91 97
1  25
6  62 87 78 96 99 49
2  58 85
1  43
4  62 87 81 17
3  30 38 31
6  25 57 1 7 47 98
1  72
6  78 59 66 74 57 14
6  14 98 6 56 55 68
3  35 84 83
4  22 14 48 46
5  4 47 76 51 44
6  22 31 70 80 96 43
3  10 38 49
1  44
1  62
1  48
6  95 30 60 16 43 7
4  13 10 8 89
4  52 81 82 83
3  61 78 93
6  88 31 45 95 74 50
4  85 97 51 79
2  10 95
5  16 56 82 26 64
5  86 15 51 67 97
1  27
5  93 23 62 24 68
4  98 17 12 82
1  62
4  40 71 55 9
6  11 91 12 75 61 98
6  11 64 87 91 61 4
1  23
2  80 79
2  96 90
1  9
4  66 49 22 21
4  9 32 47 21
1  8
2  95 18
5  81 29 72 42 33
6  65 59 64 44 83 60
2  89 69
6  54 17 6 75 74 15
1  21
3  11 28 52
1  46
2  87 74
1  29
1  88
6  65 52 36 48 12 69
3  81 53 90
6  58 64 71 73 69 91
1  80
2  59 85
4  92 72 38 96
6  43 84 93 8 35 29
4  47 97 91 27
3  80 24 7
3  94 80 12
6  86 91 4 45 76 67
3  47 4 32
3  47 15 40
4  50 68 10 96
4  100 22 14 80
3  21 22 39
6  33 24 85 27 30 99
6  66 46 97 93 44 12
2  98 61
6  8 57 64 7 78 77
6  23 97 8 62 96 41
6  81 65 11 10 63 3
5  9 100 73 1 44
5  33 42 44 31 49
6  95 56 78 71 42 1
5  50 62 63 90 46
3  54 56 53
2  59 29
2  59 1
2  2 84
4  44 28 90 92
2  84 48
1  54
6  5 21 38 67 83 28
1  26
5  69 79 99 28 7
2  86 7
3  88 91 8
2  18 97
2  45 80
5  49 33 58 54 53
6  21 36 24 33 61 5
1  39
1  28
3  27 14 52
5  1 42 83 32 60
5  54 4 59 23 53
6  81 7 45 77 27 80
6  60 41 5 79 8 88
2  34 1
5  10 2 18 92 34
5  72 88 82 31 11
3  22 91 41
4  68 46 67 27
6  71 87 65 78 75 89
1  76
4  21 78 83 13
1  60
6  98 41 14 9 75 36
6  16 2 67 83 48 34
1  34
1  97
6  82 71 88 93 46 52
1  24
3  26 34 95
1  32
3  23 41 11
4  40 26 60 6
1  7
3  18 40 43
1  38
2  85 25
2  31 77
2  54 12
4  88 6 65 20
3  87 60 52
3  99 78 5
1  86
1  44
1  51
6  17 88 10 2 13 28
2  90 58
6  1 13 73 7 78 92
3  65 51 100
1  50
5  14 55 64 24 98
4  74 83 84 62
6  85 75 20 16 64 78
1  64
6  73 71 68 64 19 33
1  18
3  65 96 55
2  59 79
1  25
4  99 8 15 92
6  89 12 8 52 9 16
5  81 86 47 45 4
5  60 22 20 25 17
5  43 75 54 59 100
1  57
1  20
3  100 8 60
1  60
3  15 75 27
6  61 74 41 64 53 100
6  73 24 2 47 67 77
6  25 76 6 82 83 30
5  33 90 89 93 38
1  67
4  100 27 38 40
6  90 40 76 62 64 77
1  31
4  9 56 30 14
3  13 38 67
6  71 56 84 63 94 87
2  58 87
4  96 27 47 85
4  23 47 31 99
4  61 53 64 16
5  77 53 94 15 19
6  85 75 71 48 68 58
5  25 44 33 21 71
5  6 37 2 52 67
1  8
2  53 71
3  34 48 96
2  63 15
1  48
6  85 95 57 43 72 82
6  4 2 57 84 7 94
6  59 60 86 66 88 38
3  31 72 85
2  98 47
3  13 94 30
6  89 86 40 60 68 26
4  69 82 47 76
5  32 34 35 17 100
2  54 37
4  25 21 78 23
5  19 36 61 48 33
3  33 72 9
6  97 72 69 78 19 44
4  51 78 87 67
5  9 21 14 61 46
3  39 69 2
4  4 63 36 12
3  7 20 36
1  92
1  81
1  48
2  61 26
2  27 3
2  48 17
6  93 51 27 62 52 83
4  15 86 100 26
2  7 46
4  10 37 62 91
3  10 23 8
3  43 34 38
5  82 55 59 75 5
6  36 57 68 100 71 53
6  97 75 7 42 32 16
5  93 6 26 3 29
2  38 72
4  76 42 48 30
1  22
3  85 57 91
4  57 62 5 56
4  80 62 100 11
5  78 4 83 3 7
1  36
3  83 2 19
2  50 48
2  71 82
1  28
5  62 84 34 67 40
6  46 2 90 56 80 68
4  63 70 66 74
1  9
4  7 28 80 56
5  5 27 58 14 55
2  75 38
4  41 78 54 86
5  43 42 59 11 1
2  81 66
6  86 75 50 93 3 30
3  78 34 75
3  47 29 65
2  67 27
4  44 80 47 23
2  89 81
2  89 1
1  55
6  99 30 45 91 32 74
3  9 7 14
3  54 42 8
5  9 35 36 52 15
5  75 38 71 56 59
4  84 14 51 82
3  95 73 74
5  11 83 76 24 26
2  66 34
1  74
5  39 26 83 22 100
2  92 56
6  51 12 74 64 63 56
1  58
2  80 26
3  62 1 63
6  30 28 22 33 2 89
5  27 71 93 91 85
5  81 35 94 54 99
4  9 5 13 36
6  39 74 47 37 34 69
4  55 2 66 44
5  93 15 66 20 5
4  1 85 95 39
5  50 47 88 63 83
5  1 57 18 40 93
4  8 57 6 10
2  50 83
1  65
3  34 70 99
3  55 84 29
6  67 78 39 54 41 21
2  41 78
3  80 70 94
6  26 100 97 48 50 79
4  14 27 96 83
2  30 37
1  58
2  75 36
5  29 76 89 54 16
4  97 96 36 91
5  61 90 79 9 40
4  71 53 84 66
3  9 95 72
2  53 1
6  88 68 21 64 57 75
5  22 71 75 57 61
4  18 51 35 27
6  92 97 43 75 63 78
6  58 50 2 10 94 98
2  15 61
5  89 40 95 60 14
4  20 70 71 5
6  61 96 93 3 71 56
5  54 13 29 55 22
5  49 19 96 63 79
5  52 18 64 11 32
1  31
1  84
1  5
5  61 100 72 64 71
2  44 24
3  73 79 61
4  28 80 46 90
4  14 42 77 52
1  92
5  8 76 84 13 55
3  13 27 8
5  54 51 7 93 23
6  54 73 13 33 19 3
6  32 44 68 9 96 75
6  78 83 76 62 96 30
1  8
4  13 91 10 63
6  2 86 82 55 59 95
6  77 97 79 9 41 46
2  37 21
2  15 4
6  76 100 22 81 7 78
6  98 87 56 95 89 42
5  43 100 71 30 77
5  9 85 8 55 3
3  76 20 58
5  12 33 78 34 13
6  12 6 82 98 61 76
6  3 52 29 2 23 59
5  90 67 63 97 22
4  41 97 85 99
5  96 32 54 30 44
3  41 50 20
3  11 96 24
1  48
4  14 70 11 92
4  77 55 57 99
2  97 95
1  96
5  99 27 23 28 71
4  69 20 81 7
2  77 30
3  25 82 56
6  92 48 54 69 3 10
5  22 7 62 25 2
2  24 28
4  52 98 15 20
2  96 26
3  72 56 89
6  38 45 91 30 93 44
6  95 54 66 17 60 27
3  62 58 65
6  12 17 87 27 37 4
2  63 51
6  18 40 90 56 85 80
6  77 23 83 72 76 48
6  36 75 29 97 32 94
6  44 10 72 70 47 75
6  9 26 85 27 65 74
5  49 54 66 26 76
3  97 52 96
6  87 71 14 83 3 7
5  46 17 39 16 64
1  8
5  40 93 98 4 67
5  53 20 45 78 96
6  75 47 89 59 33 72
1  62
5  84 7 96 23 59
3  31 30 75
2  28 79
6  7 32 8 51 9 4
3  84 50 32
3  83 91 14
6  52 93 82 59 88 4
5  47 40 12 77 15
3  4 93 23
1  24
2  61 33
2  4 16
5  36 58 66 27 72
4  78 64 45 37
4  49 18 99 88
2  75 2
4  79 95 85 89
2  16 50
4  49 54 67 32
6  25 97 16 60 94 61
1  30
1  53
3  11 41 77
6  42 40 64 36 25 53
4  40 3 5 88
4  72 19 45 97
1  61
6  76 54 53 80 84 65
2  32 75
5  8 60 15 47 24
3  71 77 4
1  79
1  98
3  81 17 80
5  32 40 70 7 93
2  87 77
6  20 8 62 93 15 22
1  62
3  57 33 23
4  44 1 69 41
3  50 58 15
2  89 54
6  96 46 19 83 23 6
1  30
5  94 45 90 1 7
3  57 40 17
5  58 86 24 93 35
5  7 62 70 61 58
4  7 77 48 29
5  50 58 44 3 39
3  9 73 1
3  30 17 88
1  54
5  38 34 88 99 3
3  57 68 54
2  16 82
1  66
3  64 9 42
1  53
4  75 53 98 5
5  28 92 73 81 72
1  14
4  9 17 6 66
6  60 99 1 42 13 66
5  77 75 23 79 27
5  53 80 71 57 50
6  49 22 79 20 32 93
5  40 9 85 6 94
3  4 94 85
1  59
4  93 34 89 71
4  61 24 40 31
5  89 29 11 7 49
3  99 27 82
1  12
6  1 55 91 94 40 7
4  6 100 86 94
5  46 54 95 86 85
5  75 13 4 85 19
4  27 18 79 9
2  91 96
2  45 87
2  85 93
5  90 93 58 84 63
1  38
4  88 22 32 63
3  35 47 53
6  74 70 66 82 94 56
5  19 1 63 38 85
4  9 75 49 66
4  11 69 95 68
4  17 100 19 51
3  65 3 21
3  73 86 20
4  41 97 85 42
4  23 26 16 31
1  64
6  59 75 65 54 43 21
5  42 39 20 75 4
2  96 42
6  81 61 22 58 46 63
2  68 89
2  98 89
6  94 48 70 59 1 12
5  70 54 18 90 29
2  12 24
4  6 4 23 67
2  81 12
6  97 80 76 29 77 65
2  71 12
6  29 13 6 8 83 59
2  72 87
3  84 10 7
6  14 30 56 40 11 68
2  8 47
1  36
2  68 61
6  80 54 24 92 60 31
5  19 56 46 6 1
2  15 8
2  29 37
5  68 47 42 95 54
6  98 90 11 66 50 6
3  4 29 37
4  59 10 82 14
4  87 15 84 2
2  2 31
4  76 99 5 17
6  59 4 91 49 15 57
6  20 1 3 49 37 66
1  47
3  22 2 35
3  86 37 57
6  68 15 62 66 19 79
4  78 82 50 27
6  7 25 17 28 65 44
6  73 91 41 94 92 76
2  78 12
6  64 79 99 26 45 18
1  4
6  86 54 21 83 60 46
6  67 73 65 11 66 37
1  6
2  93 82
4  70 94 42 34
5  40 59 17 57 63
2  52 49
5  72 31 33 18 30
6  90 95 10 55 31 61
4  2 42 17 72
3  59 5 7
6  64 24 55 26 44 6
5  17 78 6 50 95
3  49 85 30
4  40 60 68 100
2  70 42
3  41 77 94
3  84 91 9
1  46
3  51 9 68
2  14 17
2  49 65
1  78
2  47 37
6  47 56 59 89 91 100
4  84 45 50 75
4  57 20 87 8
5  96 75 99 9 91
2  58 56
2  35 78
5  72 68 24 28 27
1  18
2  79 2
5  28 76 24 85 95
1  92
4  6 67 64 15
4  86 72 13 16
1  91
6  79 59 16 6 85 29
2  11 7
2  82 34
6  6 19 95 16 11 60
2  77 24
3  35 10 9
3  25 15 39
2  94 97
2  99 81
4  23 92 68 47
5  2 47 79 21 42
6  31 1 17 8 25 53
3  34 61 90
4  76 28 75 69
2  8 68
1  69
6  97 37 36 70 38 83
3  59 24 43
6  24 59 97 49 12 39
5  72 28 39 47 55
1  16
5  21 83 90 72 79
2  8 48
4  90 97 23 13
3  11 37 98
1  85
1  45
4  81 72 5 27
2  19 42
1  40
2  87 29
6  65 55 4 13 19 93
1  41
1  48
4  43 46 59 28
4  3 94 34 75
6  61 2 17 3 6 57
2  92 85
2  56 40
2  69 59
2  78 100
2  26 51
5  71 9 95 25 12
6  59 87 19 88 3 22
6  59 49 85 44 72 41
6  98 9 43 17 87 42
3  12 93 8
5  2 6 14 90 64
6  76 83 88 79 5 81
3  53 65 82
2  5 66
2  13 8
3  100 50 79
1  42
6  92 43 89 98 56 79
4  56 55 43 33
3  24 71 100
6  53 25 92 18 46 5
2  85 4
5  63 14 17 50 6
4  39 3 16 17
4  72 71 6 15
1  53
3  74 53 25
2  77 17
3  23 21 70
1  25
3  70 38 62
2  43 21
4  46 37 74 9
1  44
1  22
3  68 59 22
2  83 48
6  100 92 20 62 27 44
1  96
5  67 16 25 88 73
5  24 46 78 31 90
6  52 37 59 11 79 94
1  76
6  97 95 13 59 21 56
4  17 38 31 32
4  19 5 31 43
4  9 73 40 1
2  77 60
3  35 38 29
3  13 22 38
1  34
6  29 89 60 46 26 91
5  88 9 82 19 51
2  27 24
5  27 49 48 86 84
5  24 13 23 37 34
4  45 67 55 73
4  15 18 82 5
6  69 14 77 87 64 8
1  88
5  40 36 27 26 20
1  50
2  32 86
4  91 30 32 46
1  87
4  21 68 65 16
3  78 92 23
3  100 36 29
5  76 65 4 2 85
1  51
1  43
3  81 34 67
1  80
5  99 39 90 67 3
1  3
5  97 26 21 96 61
3  73 37 15
5  38 99 89 14 32
2  95 65
6  7 44 59 6 83 48
5  86 53 74 66 49
6  87 45 61 36 18 97
3  94 35 48
5  23 62 13 47 57
5  37 63 22 96 68
1  44
3  90 97 14
4  46 13 41 90
5  76 7 69 26 100
1  74
5  26 35 94 72 92
5  9 54 93 5 22
6  48 61 86 44 74 40
6  86 81 79 59 57 85
2  82 85
2  56 66
4  91 60 28 82
2  36 35
2  40 57
2  88 17
1  32
6  46 21 77 26 99 35
5  83 62 64 68 92
2  33 48
1  92
5  91 23 11 26 47
4  82 67 38 98
5  70 88 18 90 64
3  88 99 25
5  61 89 38 53 8
5  100 17 62 75 7
6  85 32 31 36 13 97
5  11 69 42 99 86
2  63 29
2  61 54
6  21 43 27 73 50 97
5  67 59 47 73 44
2  5 74
4  18 71 40 28
3  82 27 25
1  89
4  32 49 8 21
5  50 48 43 99 45
1  65
1  61
3  47 93 43
2  59 60
6  99 88 31 80 14 56
6  3 9 24 51 16 44
2  66 92
4  64 36 77 29
3  38 67 86
2  9 6
6  69 97 88 57 27 67
5  82 59 73 91 24
1  26
3  72 17 6
3  53 83 65
6  20 31 77 50 40 83
3  8 80 26
4  6 93 35 88
4  7 79 33 30
6  59 74 57 76 80 93
2  62 57
2  82 88
6  32 27 79 70 35 58
6  99 63 89 33 51 40
3  30 73 70
1  32
3  71 7 23
4  34 84 20 53
4  8 49 97 35
2  66 69
6  62 68 47 51 1 98
6  40 27 63 10 41 94
4  12 100 75 34
4  95 87 24 2
3  20 37 62
6  5 45 47 73 92 98
5  89 87 13 15 50
2  56 43
5  67 43 49 41 76
1  36
4  31 37 97 50
5  58 35 78 3 82
3  94 79 23
5  66 35 97 15 57
4  58 31 19 100
5  60 76 87 95 38
2  31 34
5  4 92 2 82 94
6  32 88 63 54 70 28
6  67 43 46 19 1 77
3  100 57 96
5  44 90 13 61 21
3  28 25 38
2  7 32
1  38
2  75 92
6  3 81 56 45 27 74
3  3 11 45
4  7 20 3 96
2  64 17
5  91 42 17 20 48
3  32 85 68
1  77
4  9 57 11 54
5  85 99 87 95 44
3  1 63 49
6  96 12 14 74 3 55
6  22 3 39 53 88 6
4  64 62 68 21
5  21 4 57 20 91
4  63 36 53 26
6  50 21 96 63 95 99
2  85 20
2  24 73
1  29
2  72 90
6  93 63 19 97 38 87
5  1 23 26 7 73
3  3 36 41
1  54
2  20 74
3  93 82 78
2  53 68
2  46 30
3  42 49 78
2  19 79
4  42 4 58 14
3  61 49 91
4  2 16 81 76
4  74 57 42 96
1  9
2  55 38
4  97 86 35 26
1  14
5  46 17 34 60 67
6  8 58 56 10 73 37
6  37 10 41 79 6 50
6  23 5 24 80 1 10
1  27
1  28
1  59
3  36 18 12
2  26 69
6  35 42 22 20 78 31
4  57 36 11 43
4  15 66 38 16
5  52 42 89 79 44
3  24 80 65
3  10 90 3
6  25 44 17 45 22 48
1  78
5  15 20 41 30 86
5  46 61 30 88 49
1  32
6  32 12 60 66 21 50
5  17 75 12 33 19
2  80 23
1  63
3  31 4 68
1  83
1  77
1  1
2  20 32
2  52 43
5  17 64 30 85 80
1  97
1  23
2  93 46
3  56 83 71
4  51 88 42 64
4  53 64 89 73
6  10 24 38 90 41 1
2  25 81
2  22 93
3  51 85 90
6  40 73 63 99 23 50
3  87 13 92
3  2 65 45
1  88
5  1 28 83 20 53
4  43 74 55 88
2  39 78
1  79
3  78 77 73
2  16 59
3  8 9 42
5  54 53 60 36 87
2  74 39
5  17 13 36 4 37
5  81 53 31 30 29
1  57
3  62 97 52
5  38 24 91 83 60
3  69 78 18
1  58
2  20 94
3  57 68 18
1  20
3  39 49 51
6  94 13 92 45 83 30
5  7 20 51 67 64
2  44 81
2  2 14
3  95 51 4
4  68 12 82 16
4  31 66 46 24
5  38 69 61 67 37
5  87 34 50 6 77
2  33 79
3  80 73 95
5  35 63 95 17 78
3  48 43 91
5  21 29 40 82 96
5  49 82 63 32 69
4  62 1 37 6
5  10 1 62 45 63
4  61 40 1 9
5  92 79 4 20 19
6  15 94 33 96 56 28
2  74 90
2  10 95
1  20
6  67 64 58 23 25 98
2  33 80
1  12
5  33 30 67 48 24
6  44 80 14 71 4 87
4  29 97 55 33
1  50
6  80 8 21 5 44 37
6  57 49 67 90 78 34
3  2 34 81
5  47 52 85 34 11
1  31
4  45 47 16 44
2  23 64
2  28 8
4  12 65 15 79
4  93 13 92 94
3  72 75 93
2  59 26
3  72 56 100
1  2
1  60
2  39 24
4  66 31 24 78
6  38 57 49 31 69 40
2  14 12
6  6 35 58 32 69 30
6  69 46 90 84 5 17
2  28 74
6  59 97 65 53 35 21
1  65
6  42 89 3 53 88 9
6  46 40 56 75 27 25
2  16 8
2  33 29
4  6 16 11 3
5  63 37 1 65 2
6  6 90 92 59 78 1
3  23 40 2
6  67 26 17 83 33 41
1  62
6  21 78 3 23 58 66
4  58 30 62 48
3  51 40 93
2  40 39
4  80 40 48 46
4  65 29 99 5
3  60 98 64
3  1 87 94
4  47 52 96 8
6  31 59 39 24 87 79
4  38 58 2 85
1  67
3  33 65 54
5  24 52 39 61 26
4  18 72 7 13
5  6 43 37 45 66
2  23 28
4  81 29 45 85
6  95 17 60 48 92 84
6  31 44 51 56 99 68
2  5 81
1  10
2  42 54
6  65 77 16 25 57 45
5  42 40 64 58 99
1  50
5  11 80 26 62 35
2  30 62
2  11 67
3  33 8 92
2  73 69
3  98 26 82
5  67 21 31 24 19
3  74 1 54
4  27 15 88 51
3  49 79 55
1  17
6  23 9 10 96 77 47
6  2 28 60 68 49 91
6  68 33 65 69 86 18
6  1 5 46 53 24 100
5  41 88 91 49 97
6  25 44 78 26 72 38
6  20 28 85 87 60 49
4  46 66 50 70
6  91 23 19 90 59 79
5  7 75 66 32 18
3  57 90 81
3  9 8 34
6  68 82 51 13 48 1
4  18 96 49 40
1  40
2  73 18
1  80
6  74 11 17 67 100 97
1  9
1  50
1  72
2  55 84
5  55 42 96 51 91
3  64 31 65
3  48 74 16
3  47 27 51
4  94 51 61 10
4  65 59 62 37
6  17 21 69 72 63 64
2  53 99
6  83 63 22 31 37 38
5  83 64 22 47 57
5  8 67 30 72 25
6  9 15 8 29 83 80
6  47 1 44 45 86 27
1  8
4  44 45 28 27
1  49
5  66 20 81 32 50
4  56 41 61 71
3  90 53 28
5  99 28 24 44 13
3  52 21 6
6  65 33 22 73 82 95
3  1 76 70
3  28 26 91
6  96 39 78 48 66 58
3  93 81 90
1  30
3  27 35 36
6  68 58 64 50 52 2
3  27 72 100
4  97 91 43 92
2  20 40
6  77 87 88 57 76 94
6  17 20 21 53 10 89
1  74
3  62 76 88
6  47 88 42 43 78 84
3  6 4 75
1  80
4  88 36 37 81
2  54 100
3  6 10 30
1  84
4  76 59 54 64
1  41
1  49
2  90 83
2  93 58
2  72 18
1  7
4  92 28 8 70
1  1
6  28 84 66 3 43 20
4  48 60 72 96
5  61 79 2 53 37
2  24 55
3  31 9 29
4  16 20 28 29
2  27 56
1  92
4  47 11 24 95
5  96 91 49 56 70
4  8 6 77 32
4  15 62 68 43
2  84 63
3  12 84 75
5  88 67 25 35 78
3  29 49 44
2  97 100
6  48 7 94 25 39 54
3  1 22 82
2  5 45
5  17 28 43 84 16
1  9
3  87 58 78
3  2 97 32
1  86
5  8 79 4 46 33
3  46 54 23
4  59 68 35 75
6  77 59 10 86 67 60
5  24 38 7 25 35
3  25 20 16
2  99 19
5  31 61 24 85 84
6  43 51 24 18 46 1
5  56 86 42 15 58
4  52 64 90 87
1  15
1  17
3  4 36 25
3  97 48 19
5  37 61 31 60 79
5  60 54 31 46 96
3  4 62 98
5  51 84 69 66 89
6  13 93 21 38 27 17
6  45 97 22 6 27 81
5  3 41 37 34 87
2  79 90
6  77 57 45 60 26 11
3  11 23 41
2  60 68
3  45 12 66
2  72 47
1  74
6  37 7 74 70 85 64
4  62 21 8 46
2  70 56
3  11 87 1
5  35 45 90 80 11
1  51
4  7 24 45 44
2  19 13
1  82
5  76 3 83 97 48
1  66
1  41
5  91 41 54 25 86
3  5 96 50
4  53 56 78 97
6  8 15 12 23 97 88
6  99 70 95 47 71 60
3  11 36 40
4  90 65 37 33
5  32 82 24 85 37
1  81
3  9 96 48
2  93 35
2  91 5
2  38 75
5  87 86 18 27 37
1  92
5  40 61 5 21 84
6  58 85 70 94 93 66
3  23 58 76
4  49 81 73 87
4  55 73 41 100
5  80 91 50 19 52
4  40 35 43 98
2  12 92
1  78
2  34 36
1  85
6  89 58 71 44 12 84
6  44 61 64 35 10 83
6  63 23 20 6 21 39
2  13 50
6  45 84 31 54 68 15
3  26 86 87
3  30 71 22
5  31 86 7 40 68
6  3 91 12 8 50 26
2  100 20
5  83 51 22 65 76
4  51 13 80 22
3  52 20 59
6  88 50 95 79 62 3
6  11 28 13 10 48 81
6  98 3 43 63 67 19
1  18
2  93 39
4  45 91 86 3
5  74 53 77 52 14
5  41 25 7 54 35
4  35 27 52 37
5  15 4 89 28 21
2  21 60
6  65 50 72 67 32 46
2  9 97
2  88 38
4  94 92 91 49
2  17 1
4  87 15 65 75
3  86 95 63
3  80 28 94
4  94 26 97 13
3  94 45 21
2  2 15
2  92 64
3  9 64 10
6  79 75 69 21 60 63
5  4 43 11 98 95
1  23
6  17 57 85 62 78 16
4  93 39 55 56
6  63 19 96 58 97 70
2  18 30
6  1 33 11 31 27 15
4  18 31 10 3
6  88 18 56 80 10 35
3  73 54 38
2  50 8
4  68 37 47 70
5  78 100 6 92 53
2  22 63
2  15 50
3  70 30 100
5  64 42 53 18 80
5  68 87 40 35 24
6  2 93 67 79 72 70
3  96 92 8
2  6 58
4  76 87 64 55
3  6 8 67
6  91 35 72 31 69 95
2  70 88
5  48 80 55 18 25
4  9 33 72 15
6  37 91 76 1 46 26
1  53
6  91 43 27 62 73 95
4  90 64 44 73
1  24
2  29 48
5  38 80 50 53 70
6  43 45 87 89 70 93
3  62 84 89
3  57 83 2
3  47 46 19
4  69 47 87 17
2  25 97
5  77 67 61 20 11
3  8 81 41
3  43 24 32
2  69 88
1  71
3  60 17 52
2  86 98
1  2
2  28 99
6  5 65 58 25 76 33
4  46 81 98 69
1  28
3  100 41 9
2  100 25
6  17 10 83 21 12 5
3  11 2 53
5  59 77 51 64 10
1  10
6  4 79 2 32 16 1
5  25 34 72 49 19
6  59 1 9 70 6 57
5  8 10 56 66 87
1  30
6  12 39 85 15 17 87
3  33 88 19
4  21 91 6 39
5  64 40 88 34 46
3  14 53 54
5  19 40 74 48 35
6  87 20 1 4 6 47
3  93 65 14
4  98 53 35 62
6  23 95 38 67 8 90
2  76 9
4  50 56 94 35
3  13 35 46
2  82 81
1  46
5  25 2 71 77 36
2  69 58
2  6 24
3  96 44 10
1  3
4  60 96 94 2
1  29
3  28 10 39
4  1 63 57 72
3  93 3 8
3  29 13 74
4  8 18 73 12
2  32 71
1  25
5  24 54 20 51 63
3  89 19 48
4  75 19 90 67
2  97 17
4  10 91 14 18
1  86
2  28 17
6  43 42 72 66 95 91
2  58 38
1  76
6  57 51 4 47 18 26
3  35 77 53
2  90 71
2  75 99
4  92 99 2 33
5  68 28 61 85 86
6  91 61 83 47 11 87
6  29 13 37 63 89 87
5  59 20 53 58 79
3  56 81 77
2  49 5
6  34 90 84 24 51 67
5  62 53 63 90 65
6  52 53 88 39 31 47
4  83 5 38 27
4  18 4 87 67
1  72
6  98 56 23 49 22 93
1  74
4  100 39 55 52
6  43 91 22 90 49 5
6  86 31 55 4 35 42
5  42 14 70 40 69
6  88 90 86 98 64 41
6  3 96 48 94 39 38
1  28
6  20 22 72 51 77 76
6  19 46 27 32 16 67
6  9 54 90 94 51 53
3  48 56 30
6  49 68 33 64 96 20
6  18 92 34 95 67 19
1  13
3  44 28 11
3  36 65 33
2  16 86
4  63 41 93 58
6  61 91 53 56 10 37
5  2 71 67 68 89
5  81 34 23 9 44
4  44 9 97 74
2  82 37
6  23 29 45 12 89 35
4  45 1 17 46
5  84 14 60 62 94
6  84 2 37 49 46 45
3  19 69 28
4  55 51 84 100
4  73 35 26 17
5  27 34 25 97 17
3  57 79 32
3  63 34 85
1  80
2  57 99
6  85 54 53 35 38 52
6  11 86 22 27 65 48
4  89 45 77 28
1  55
4  49 17 93 34
2  73 63
6  72 60 69 25 13 4
4  64 100 73 50
2  100 14
5  60 3 14 37 31
1  91
6  63 8 83 97 35 55
4  20 26 19 89
4  31 92 14 95
6  86 45 12 59 81 62
6  81 92 8 72 71 79
4  67 14 18 26
2  44 22
6  75 14 7 70 5 93
1  17
5  73 97 23 34 91
1  26
6  76 6 68 54 69 35
5  86 60 1 29 3
2  23 78
3  30 47 40
2  61 56
6  33 53 23 67 43 27
6  40 2 98 8 56 66
3  23 52 1
2  80 4
3  3 81 80
2  28 20
4  88 75 54 21
2  76 88
5  3 79 9 4 77
1  59
3  58 82 94
4  5 73 62 50
5  43 30 7 70 49
4  58 24 13 78
4  89 66 20 91
3  29 95 21
3  54 63 2
3  56 61 40
2  22 90
1  65
2  9 34
5  69 91 81 42 70
3  61 79 89
4  99 33 9 61
3  44 17 95
6  45 17 73 48 81 92
4  15 59 25 6
3  6 74 91
5  8 52 35 86 41
6  85 74 99 46 8 43
4  3 27 7 20
6  54 100 90 10 14 49
3  20 98 39
6  89 14 1 40 49 87
5  39 71 53 38 16
4  80 78 63 6
5  83 5 37 82 95
3  96 44 81
1  41
2  8 30
2  9 69
5  95 49 19 65 1
4  80 62 36 57
2  42 40
1  47
5  88 41 23 84 4
6  25 23 7 54 55 15
2  36 9
5  54 73 72 10 53
2  46 10
4  88 49 64 34
2  52 75
3  36 59 52
3  83 74 40
3  29 55 60
4  63 31 18 36
1  28
6  36 73 97 93 61 46
4  94 72 8 68
2  43 26
5  77 9 46 17 74
5  6 38 33 36 56
5  39 83 56 74 52
4  16 98 23 10
5  30 77 89 72 3
4  48 12 6 65
4  80 35 63 17
5  99 72 36 37 55
6  11 10 43 78 26 40
6  35 9 29 12 97 1
1  56
3  26 62 13
5  41 48 46 58 15
3  30 50 81
6  40 92 94 82 69 19
2  68 54
2  97 65
2  98 78
5  47 4 44 60 86
6  7 31 41 21 75 71
5  56 54 10 47 92
1  66
1  83
2  43 79
5  69 77 61 51 23
4  94 82 50 77
6  81 18 9 55 89 79
1  42
6  57 89 80 71 55 94
4  73 36 32 56
1  8
1  55
2  81 48
1  30
2  1 11
3  10 65 31
6  75 73 77 31 62 57
1  16
3  55 88 85
6  44 90 94 60 24 40
6  36 70 17 37 80 60
3  45 91 33
2  64 10
4  25 66 52 40
1  7
2  100 93
5  89 86 31 33 10
5  24 46 41 82 20
1  27
4  91 60 85 54
5  35 78 34 87 18
3  93 45 47
6  16 36 71 46 68 80
1  92
2  57 32
1  77
2  33 41
2  93 26
5  61 60 54 95 46
5  43 39 16 90 24
2  25 94
5  92 73 94 84 98
3  16 4 27
3  37 68 70
2  93 46
6  52 99 84 98 70 26
3  86 16 60
2  40 53
6  32 26 88 15 23 38
2  27 64
5  64 31 47 93 24
6  82 75 91 66 73 60
6  9 46 7 69 63 21
4  78 46 44 93
5  81 22 95 45 99
4  76 45 50 99
3  32 74 26
6  46 86 89 55 32 95
2  94 41
3  50 19 89
6  11 57 75 33 52 19
2  9 95
5  59 93 12 91 66
3  88 12 24
5  67 55 71 89 48
1  33
6  30 21 91 40 78 65
5  29 84 3 38 78
5  97 70 89 87 36
2  74 47
3  50 14 4
2  3 52
2  35 49
4  55 39 100 33
1  71
4  87 73 99 64
3  95 34 39
5  69 65 56 16 14
1  29
2  24 31
5  55 66 17 14 20
4  13 52 60 84
1  46
4  12 10 6 7
3  45 88 12
1  44
2  23 48
4  40 71 88 8
2  53 25
3  73 81 52
2  40 36
3  86 92 49
6  98 55 39 42 43 51
4  86 78 74 34
3  14 5 22
2  30 75
3  69 47 27
2  71 67
4  9 53 47 57
3  44 12 86
6  55 37 36 41 15 9
5  49 23 78 71 44
1  45
6  75 92 16 95 63 83
3  71 35 96
2  82 39
3  68 24 94
1  59
2  18 68
1  67
6  84 37 34 90 82 23
4  74 38 59 36
2  8 7
4  4 34 36 42
5  4 66 8 25 99
2  92 5
6  82 89 29 15 79 11
3  43 84 75
1  20
6  10 26 49 13 59 85
4  31 88 20 97
6  45 95 21 36 100 12
2  89 41
2  67 51
5  10 35 45 11 54
3  21 79 88
2  38 72
6  69 60 8 65 55 52
4  75 88 60 87
1  48
2  38 14
5  8 23 12 53 34
4  92 54 44 79
6  82 51 74 50 11 15
4  33 74 39 20
2  26 25
5  52 63 94 30 70
1  42
2  51 7
1  5
4  92 91 32 43
4  81 53 46 96
2  79 70
4  98 3 81 23
5  33 85 76 63 54
6  4 76 43 10 89 47
4  81 38 92 24
1  73
5  49 68 93 27 37
3  24 39 30
3  21 63 31
6  25 84 89 29 60 32
3  49 79 99
2  17 90
4  19 62 28 67
2  21 94
4  69 17 5 99
4  26 61 93 23
6  77 12 15 37 43 53
6  22 52 14 38 42 65
4  3 93 24 33
1  17
6  82 34 3 81 97 29
3  90 51 27
4  62 42 3 5
6  87 26 46 100 64 65
2  90 58
3  22 71 60
2  52 93
2  32 89
4  73 78 2 100
3  64 41 46
5  35 33 94 80 58
4  98 78 56 55
2  77 25
5  97 77 72 20 9
4  71 82 39 73
5  82 36 22 28 4
4  60 98 36 93
4  2 90 33 57
3  53 33 69
2  30 46
1  49
4  65 19 35 3
6  16 84 28 37 12 32
6  72 29 28 64 84 30
4  17 86 97 69
2  66 1
3  11 5 96
4  69 15 100 71
1  15
4  34 52 66 65
3  38 94 72
1  78
1  53
6  86 50 62 4 15 63
4  26 67 48 90
3  63 89 7
5  4 62 2 55 28
4  99 65 60 70
4  37 71 18 31
4  67 92 60 82
4  12 8 22 59
6  57 21 86 64 90 25
6  44 52 58 42 16 18
1  81
4  82 98 84 38
4  76 98 47 31
1  54
4  68 51 9 88
3  72 77 26
6  68 70 48 26 12 63
3  23 44 97
1  41
5  42 6 57 39 52
6  48 6 38 15 57 46
1  93
2  80 19
1  47
6  60 73 99 23 15 22
4  11 26 7 92
4  12 48 6 64
3  53 69 71
5  25 17 70 18 34
3  36 46 96
2  5 68
2  28 82
3  93 70 99
6  36 11 31 42 74 65
6  43 36 61 68 52 30
6  85 78 21 31 73 45
3  41 67 63
2  11 55
1  81
4  99 16 64 30
4  38 94 51 80
2  12 47
5  41 32 66 19 53
6  92 97 31 32 64 93
4  75 47 69 55
1  68
5  65 98 28 2 92
5  82 21 89 29 2
2  60 67
3  12 62 40
1  93
5  72 85 26 47 32
6  1 32 63 71 96 60
6  98 51 76 79 72 65
1  73
6  68 39 42 80 1 82
6  93 53 60 77 79 6
1  73
1  41
3  77 36 95
5  34 45 51 13 16
1  20
6  8 87 27 50 66 31
4  20 84 13 97
4  19 5 34 25
3  69 2 81
4  76 14 8 26
2  24 41
3  12 48 33
3  98 99 66
2  52 85
1  65
5  72 83 86 6 8
2  75 9
1  38
6  25 45 11 52 69 51
6  80 99 30 18 96 28
5  24 80 68 35 44
3  6 27 34
1  34
4  87 43 76 24
2  100 68
3  52 36 87
3  16 86 78
2  81 6
1  5
6  83 39 29 31 45 55
4  56 89 29 42
2  4 66
4  4 33 94 55
5  81 3 84 66 80
1  47
6  32 51 70 15 89 98
3  33 53 9
6  42 37 31 72 41 96
2  44 29
2  98 97
1  100
5  68 80 97 14 65
2  64 34
3  53 32 87
6  84 96 74 26 33 5
6  73 1 26 16 29 48
1  26
3  14 6 17
6  3 31 57 94 91 73
3  22 60 31
1  56
