100 5000
370500
236000
24500
391500
125000
398500
201000
333000
151000
487500
330000
343000
370500
198500
121500
287000
455500
13500
282000
77000
3000
375500
152000
174000
96500
394000
428000
44500
219500
473000
187000
90500
209000
212000
482000
334000
110500
183500
167500
262000
171000
497500
105500
42000
196500
227000
329000
152000
241000
111500
229000
244500
487000
381500
418500
84000
276000
347000
128500
495500
320000
315500
86500
29000
27500
69000
363500
138500
252500
31500
400500
424000
29000
6500
466000
226000
233500
295500
378000
475000
407000
107500
219500
394500
489500
138000
478500
265500
485500
107000
261000
305500
422500
348000
335000
450500
417000
199000
89500
169500
3  99 19 53
6  13 98 47 72 73 42
4  95 86 32 93
1  28
3  10 49 98
5  34 68 39 24 51
5  42 85 25 40 4
5  39 16 74 86 87
3  27 40 41
1  72
2  25 99
5  35 48 77 6 81
3  44 4 96
2  46 80
3  85 84 22
2  100 96
1  87
3  35 26 83
3  97 16 71
6  95 5 43 72 10 23
1  53
2  11 75
5  91 20 57 74 42
5  74 37 89 60 78
2  86 60
5  83 76 40 78 71
3  20 42 54
3  57 7 70
5  81 42 58 100 98
2  41 78
1  77
4  64 55 91 50
1  60
2  91 100
1  61
3  29 2 97
5  59 3 41 26 83
5  83 80 14 24 58
2  1 25
5  55 15 32 70 74
4  60 74 72 20
1  1
2  13 73
5  16 13 4 99 95
6  81 75 1 4 33 19
1  57
1  59
5  32 28 45 95 87
2  67 6
3  68 27 48
3  6 63 53
1  61
3  96 42 23
6  46 55 14 49 11 15
1  82
3  35 27 41
2  45 8
2  79 76
4  26 16 59 89
5  68 50 16 63 91
3  58 36 92
5  85 3 86 92 32
2  11 73
3  55 81 73
3  57 26 60
5  84 48 39 51 98
4  14 89 92 72
2  84 44
1  86
2  1 71
4  26 81 34 73
3  15 45 69
5  71 28 42 55 76
5  5 73 35 19 62
2  90 86
1  33
6  96 62 94 66 23 20
3  57 92 82
5  37 51 42 8 79
5  62 55 64 67 28
6  85 89 25 74 35 7
5  30 68 61 96 91
5  43 47 72 25 17
1  75
4  16 54 42 77
1  5
3  35 3 28
2  27 2
6  61 9 64 91 77 25
6  67 5 29 13 77 53
2  86 28
6  1 81 29 78 89 34
2  24 36
3  47 63 50
3  24 58 6
1  34
2  1 36
2  13 12
5  43 98 10 30 91
4  76 80 92 97
1  28
3  49 90 95
6  14 53 97 28 87 27
2  87 63
4  99 74 41 42
5  51 72 69 41 30
3  20 22 41
2  49 86
5  38 80 61 52 32
4  79 18 85 7
1  47
4  4 21 5 45
6  55 16 60 96 45 5
1  67
3  37 15 30
1  53
1  68
1  42
2  82 59
1  89
4  56 53 67 76
4  11 67 12 27
2  7 72
2  22 38
5  58 52 5 65 15
2  8 56
4  90 14 66 78
5  21 30 44 97 87
4  63 98 81 89
1  52
2  26 90
6  84 41 99 48 45 13
5  53 68 38 42 82
1  19
4  24 49 3 21
3  57 83 33
3  72 37 90
6  62 79 84 45 20 83
6  65 95 73 17 62 10
4  44 13 77 3
3  25 5 57
4  61 40 93 98
1  29
6  1 91 66 84 36 85
4  28 49 61 1
4  23 11 66 24
6  68 61 24 72 18 83
2  57 75
2  67 4
2  67 94
5  51 29 67 17 57
1  77
4  80 99 68 3
4  91 1 32 51
2  4 68
1  36
2  81 67
6  84 58 78 66 9 6
2  25 62
3  2 19 27
6  86 29 65 77 30 96
2  54 100
6  60 36 20 40 2 11
2  85 69
1  51
5  7 83 2 68 30
1  87
4  3 73 86 68
3  16 64 77
5  63 73 29 98 93
5  100 3 92 85 72
6  35 49 99 18 51 67
3  54 5 57
2  91 24
5  6 87 53 75 49
2  3 47
2  71 47
2  63 31
6  56 66 40 54 83 90
2  30 44
5  35 100 25 24 75
2  10 27
1  59
4  8 6 68 79
4  88 42 82 79
6  47 19 51 30 9 71
4  52 45 94 44
2  75 19
3  84 45 53
3  96 61 48
4  39 99 52 81
5  30 77 28 49 27
4  57 98 17 8
3  10 60 86
2  34 4
5  18 49 29 60 45
6  7 8 29 6 59 9
6  89 85 15 37 12 72
6  10 88 1 51 98 61
3  25 94 40
1  11
6  30 70 32 20 77 40
3  83 99 56
5  87 41 83 24 53
4  17 62 42 18
1  39
5  49 64 71 89 82
5  94 51 8 13 28
3  61 10 46
1  79
2  57 62
4  9 15 73 70
4  90 82 95 67
2  58 38
2  21 19
6  15 70 2 28 98 49
6  7 95 4 86 28 60
3  84 68 62
4  37 18 46 19
1  13
3  69 50 67
6  69 61 4 39 62 32
3  11 19 43
1  22
2  33 81
5  16 49 36 72 86
4  17 4 64 29
4  32 79 19 21
3  79 25 86
3  56 22 51
5  64 56 96 92 88
5  66 4 25 1 75
1  53
6  14 17 21 66 49 100
6  70 47 62 94 33 2
3  55 52 24
2  8 20
1  96
6  74 100 21 75 31 27
4  44 86 9 92
6  93 61 32 54 55 65
4  5 19 8 28
3  15 48 45
1  43
2  10 64
6  83 94 20 49 37 64
3  46 55 19
3  16 50 92
5  15 48 74 33 55
1  69
5  49 14 79 92 32
6  55 25 72 49 45 20
6  8 53 31 63 72 69
5  22 61 48 36 8
2  68 62
2  37 31
5  50 10 63 82 98
2  7 69
4  51 89 59 42
5  21 13 51 99 34
1  46
5  19 67 38 81 90
5  12 61 23 21 24
1  19
3  11 88 7
4  76 58 20 17
3  41 30 90
3  63 1 84
2  20 50
5  1 40 43 12 100
4  33 24 70 51
4  81 39 71 42
1  28
4  31 67 1 60
4  40 23 57 55
5  73 24 77 12 67
6  12 32 20 35 2 71
6  82 9 69 23 97 84
4  63 85 13 19
2  35 76
3  90 52 19
1  28
2  80 16
3  12 35 76
1  6
5  95 14 42 18 36
3  1 89 86
1  20
1  35
6  55 24 47 74 38 75
1  17
6  45 29 25 20 42 30
6  37 43 35 54 79 73
4  67 74 40 93
3  2 87 4
2  33 77
4  8 80 97 25
1  21
3  50 37 86
6  72 39 45 94 18 33
1  10
5  8 97 85 33 30
4  96 37 42 75
2  66 83
4  10 32 4 47
2  97 18
4  68 63 50 7
5  83 12 90 64 19
6  49 52 15 10 47 22
6  17 4 38 26 36 41
5  53 37 91 9 5
4  58 11 32 40
2  21 4
3  7 52 93
2  62 40
5  13 61 57 29 65
6  55 100 34 28 53 71
2  62 76
5  19 87 2 59 9
2  63 51
2  14 43
3  76 83 22
6  43 78 17 7 71 72
1  5
6  60 75 16 21 50 86
3  36 87 99
3  9 61 95
3  75 38 86
3  20 8 37
4  85 54 69 55
2  76 60
2  35 34
3  56 84 25
6  20 12 93 65 54 59
4  28 97 43 77
1  50
1  78
3  68 47 89
6  23 48 16 57 82 56
1  66
5  8 85 92 100 49
1  54
1  68
5  4 11 58 20 60
5  97 94 39 44 83
2  66 30
3  23 12 1
3  77 81 42
4  73 42 10 84
6  17 52 76 21 62 34
3  22 5 37
1  44
5  98 74 46 27 20
5  39 21 3 15 2
3  75 74 86
6  58 81 2 9 57 22
5  90 62 92 95 98
1  38
5  4 12 23 31 32
6  69 52 93 83 54 37
4  27 22 43 84
1  44
6  59 65 63 48 26 54
3  24 61 80
1  64
6  24 95 23 14 63 74
1  46
2  43 4
4  65 46 38 67
6  31 25 53 93 73 79
3  15 3 6
6  4 70 86 27 64 8
3  27 82 48
5  9 90 75 63 55
2  100 21
1  31
3  61 23 18
3  69 32 42
5  26 45 44 11 72
1  18
1  34
6  60 6 8 50 80 70
1  100
5  25 7 100 70 68
2  87 7
6  19 49 64 44 93 8
4  65 16 73 77
3  71 37 54
5  86 34 48 89 33
1  13
3  16 83 7
3  69 14 27
6  62 91 31 55 99 85
2  14 57
6  63 28 33 17 6 18
3  53 7 82
5  20 22 85 2 28
2  71 42
3  57 4 39
6  58 37 72 78 51 29
5  13 57 6 29 62
2  78 15
2  60 84
3  81 68 51
1  90
2  50 38
5  54 76 66 12 13
3  89 63 66
4  76 22 67 4
5  90 82 98 20 42
5  69 23 50 19 32
3  40 82 76
2  35 52
5  46 64 20 34 27
6  96 2 7 63 6 90
4  88 72 30 69
3  52 18 59
5  56 99 64 32 16
6  83 98 44 46 18 77
5  2 72 75 9 34
5  98 86 69 58 54
6  50 72 56 32 27 55
6  59 70 94 41 68 37
6  85 14 59 87 86 34
6  20 14 93 5 82 78
4  80 31 60 29
1  16
4  29 70 56 88
3  50 28 8
6  14 93 100 73 79 85
1  74
1  20
4  9 2 43 72
5  74 31 9 76 47
5  5 17 25 92 57
5  19 64 60 33 56
4  6 35 45 12
1  48
2  74 57
2  17 28
1  90
4  22 66 5 90
5  22 15 61 78 88
5  42 48 13 98 8
2  33 52
2  41 99
4  14 56 94 30
5  7 20 42 28 85
3  18 54 68
2  15 46
2  95 88
5  7 85 75 26 18
2  55 58
2  17 71
5  10 1 63 17 20
1  44
1  51
4  58 18 93 73
4  13 67 51 80
5  36 54 99 53 79
4  10 4 70 81
5  79 82 46 95 2
3  39 6 1
1  64
2  94 36
5  6 2 33 85 75
5  39 73 21 18 26
2  21 95
1  4
5  93 50 69 95 100
1  100
6  8 63 19 1 98 100
1  100
2  91 74
6  30 47 21 72 51 68
4  62 72 40 55
2  8 49
2  15 49
2  23 12
3  23 10 39
2  9 71
2  83 71
3  29 91 96
1  41
4  67 3 34 6
4  55 14 6 76
2  55 96
4  67 35 74 76
5  3 85 44 22 68
1  71
6  4 66 97 45 28 63
3  62 69 4
1  83
1  92
1  65
6  62 31 22 35 7 95
3  92 38 59
4  52 29 55 56
6  52 100 22 14 47 83
5  50 99 65 60 90
5  24 77 37 55 98
5  62 93 9 53 31
5  12 82 96 67 37
6  18 36 12 32 82 95
1  32
6  79 91 83 55 15 60
6  70 58 63 31 50 72
5  80 39 95 62 35
4  98 25 79 34
3  11 16 31
2  48 24
1  39
1  58
4  66 49 22 23
1  53
5  82 35 53 21 30
1  55
6  12 80 70 46 16 62
3  5 9 69
1  47
5  66 100 41 14 22
4  25 75 37 7
1  90
2  39 3
5  29 15 61 98 76
5  22 82 30 91 90
5  66 55 77 7 68
6  71 93 73 8 99 82
6  25 21 99 7 50 14
5  48 74 43 25 95
4  7 25 54 96
1  19
4  79 26 18 78
6  11 50 3 9 32 99
2  53 98
3  2 12 6
3  85 49 74
5  12 80 4 66 76
1  85
2  84 10
3  62 6 54
1  8
4  43 7 95 5
3  97 16 40
3  100 88 18
5  100 98 84 65 73
6  49 98 73 59 41 34
4  94 45 72 55
6  78 50 83 82 84 79
6  23 24 98 11 41 77
1  39
4  76 11 49 25
1  21
5  48 55 46 42 100
2  97 87
6  46 70 77 29 49 74
4  72 71 63 13
3  73 51 7
3  61 55 72
5  76 55 17 30 100
4  30 17 55 11
6  86 87 29 35 61 80
1  31
3  19 78 15
5  84 63 30 39 35
6  14 89 15 44 88 73
5  5 27 90 15 75
1  55
1  62
3  15 93 77
2  71 92
1  54
4  32 93 89 30
1  77
3  50 65 17
2  69 44
1  84
5  87 86 25 96 48
4  11 40 37 43
1  29
3  64 82 76
4  70 6 62 47
3  12 11 67
3  79 10 46
4  80 33 48 5
2  96 65
3  36 1 81
3  29 26 9
1  1
4  81 7 27 56
3  37 23 73
1  33
2  79 12
4  27 17 79 22
5  17 57 82 97 2
1  22
1  21
2  76 2
2  3 28
6  41 65 8 13 81 40
2  60 52
5  86 68 60 7 49
5  64 30 73 66 40
6  77 61 18 52 62 47
4  90 32 95 54
3  7 35 78
3  94 30 20
5  97 79 86 45 55
3  75 28 16
1  23
6  75 40 43 36 87 97
2  18 91
5  57 98 14 34 36
1  64
4  86 60 34 72
1  89
2  79 17
3  93 39 28
5  78 71 3 65 68
2  82 58
1  38
4  20 72 91 27
3  46 12 95
5  84 99 68 5 78
6  41 70 23 69 37 1
3  40 65 6
5  46 64 73 84 20
6  55 10 19 89 56 31
5  35 14 82 3 19
4  87 59 29 9
2  66 9
4  5 73 72 19
3  45 2 54
3  56 64 45
2  87 28
4  1 10 57 19
5  44 77 98 52 4
4  60 70 68 33
3  40 51 76
6  52 30 22 8 94 77
4  13 63 80 68
4  90 24 82 58
5  59 55 19 63 18
5  32 86 11 73 26
4  48 10 13 78
2  20 71
1  72
6  70 52 33 41 76 15
6  43 73 53 61 35 71
3  66 56 50
3  81 11 87
6  23 64 21 43 35 28
1  19
6  65 70 31 6 45 3
6  17 56 48 51 26 87
2  82 36
4  63 46 42 53
5  6 73 11 40 1
2  59 98
6  29 28 95 74 72 97
4  89 53 8 40
5  94 56 60 30 11
2  75 53
5  43 58 48 54 98
3  78 56 45
4  85 73 61 58
3  58 18 33
1  26
5  88 20 28 47 49
3  69 24 91
3  66 48 91
2  46 38
6  2 83 63 86 55 23
3  99 81 61
2  90 86
1  78
1  30
2  54 68
6  77 58 37 43 6 27
4  51 65 58 53
3  21 38 2
3  81 1 24
3  32 13 28
3  91 33 63
1  86
2  8 63
6  44 6 94 71 67 45
3  25 97 82
3  35 84 89
1  84
1  57
1  25
6  49 15 16 12 30 2
3  37 65 30
5  70 24 51 37 68
6  61 65 67 6 100 50
6  15 33 6 71 48 30
4  96 45 71 7
5  72 49 10 37 78
6  6 1 41 42 69 26
1  34
6  9 33 42 3 48 75
1  19
2  38 73
2  82 43
2  55 15
5  64 51 54 57 52
6  99 20 1 53 12 10
6  53 12 34 27 20 52
3  57 25 67
3  67 92 93
5  65 57 33 16 11
6  67 5 87 86 25 88
3  36 97 25
6  9 58 16 29 64 86
2  31 24
6  23 17 82 88 73 14
1  84
1  69
6  90 54 13 77 93 48
5  17 36 82 74 51
1  82
1  96
1  46
2  14 69
3  95 56 8
1  58
6  11 26 79 100 80 91
5  72 39 50 88 75
2  61 26
3  43 41 37
4  86 56 71 54
6  66 10 98 74 67 89
6  92 68 84 71 59 60
3  98 9 30
5  40 91 97 82 33
3  19 90 23
5  61 77 64 26 86
4  100 52 51 83
3  19 67 15
5  26 57 74 35 86
3  75 76 42
4  9 79 74 99
1  48
4  79 11 84 65
5  83 17 24 66 60
3  33 74 18
4  31 92 16 37
4  92 79 22 1
4  96 99 59 43
4  37 54 41 2
2  24 18
3  89 77 90
2  51 8
5  81 100 71 97 36
3  88 15 59
6  72 54 86 31 96 43
5  49 83 69 75 6
6  24 95 62 14 16 13
2  95 94
2  65 90
4  2 78 71 60
4  43 13 52 73
1  94
3  57 76 8
2  82 94
4  76 56 68 92
5  89 86 61 10 51
3  66 52 28
3  12 93 78
2  44 50
2  37 90
6  13 98 21 95 91 75
5  46 43 62 14 32
3  74 41 98
2  6 50
4  42 61 44 19
6  87 69 18 24 58 7
3  56 27 31
3  2 1 92
3  63 5 76
1  79
1  7
1  22
4  54 63 17 97
5  1 84 50 19 7
1  25
3  63 52 75
1  53
5  100 97 38 5 73
3  83 89 53
6  10 9 38 72 25 34
4  26 18 3 44
2  10 68
5  73 20 42 81 72
2  81 69
4  85 41 1 68
2  54 52
3  63 90 10
6  24 63 12 41 65 56
4  74 24 33 46
3  75 27 15
6  8 83 46 92 24 47
4  52 1 12 91
4  1 100 50 25
4  62 65 27 17
2  100 41
4  46 83 37 73
6  28 80 74 71 3 21
2  55 21
3  45 84 42
3  34 67 6
6  31 32 12 61 52 23
5  35 59 49 31 87
2  10 61
6  13 81 30 67 2 71
1  86
1  56
2  79 61
1  10
6  25 70 77 93 2 11
4  51 42 38 79
4  98 78 64 7
2  80 77
3  65 90 97
5  68 58 96 77 50
2  47 75
6  39 76 7 90 26 49
2  4 100
2  81 63
1  88
6  81 65 35 46 54 31
2  21 88
2  98 38
3  44 12 41
5  87 48 72 13 96
6  17 95 22 97 58 23
6  51 4 49 85 2 16
5  23 3 1 21 41
3  65 53 85
3  40 32 18
4  27 15 68 21
3  65 79 60
3  29 63 98
1  12
6  29 89 23 32 43 72
2  7 24
2  53 64
3  70 15 76
6  83 97 21 47 75 80
6  3 43 94 16 55 93
3  43 16 76
2  58 47
4  65 71 83 17
3  32 87 49
1  72
2  4 92
5  78 72 74 81 14
5  97 69 61 41 12
5  16 43 33 62 8
6  33 91 14 67 23 1
1  30
5  46 33 64 23 11
3  97 91 49
4  87 17 24 27
2  99 42
5  32 4 79 29 36
5  43 2 92 44 17
2  16 62
4  79 85 64 14
5  54 63 45 41 80
5  67 8 68 9 79
6  12 57 29 48 27 72
3  18 15 66
3  31 27 92
1  12
4  23 93 9 86
3  49 65 6
1  72
5  24 50 73 35 7
1  83
2  72 31
4  87 97 90 18
2  82 27
3  37 50 27
3  35 64 94
6  69 9 72 42 32 21
1  67
2  15 49
4  87 80 12 74
5  2 91 99 83 17
2  19 66
4  64 100 23 58
6  92 66 71 34 98 47
4  19 62 13 80
3  93 92 21
5  94 11 68 76 28
1  95
6  61 59 93 83 16 92
5  82 62 8 79 53
4  43 72 16 56
4  64 48 43 85
1  37
6  84 12 22 85 7 15
3  66 7 28
5  99 2 62 60 10
3  13 64 83
6  80 38 35 43 86 78
2  3 14
2  87 26
3  71 33 58
1  98
4  43 78 64 45
3  23 54 80
3  18 62 19
6  100 54 40 86 32 66
6  46 88 75 72 31 4
6  61 1 54 4 79 17
3  19 39 2
6  74 20 60 93 16 47
4  45 78 21 33
2  8 95
3  53 98 27
1  99
5  17 78 96 65 35
4  93 9 85 52
1  1
1  48
4  56 26 76 89
3  84 97 43
2  49 41
3  62 40 27
5  17 22 42 13 56
1  5
4  93 57 66 68
1  49
2  38 25
1  86
1  9
2  28 58
5  75 19 9 1 97
2  23 38
3  79 46 42
3  38 99 8
2  67 20
5  91 58 3 44 10
1  73
3  69 42 13
6  50 14 83 75 36 21
1  14
4  54 57 4 53
4  35 19 84 14
1  41
1  12
6  27 23 57 64 91 98
5  78 48 90 61 22
2  81 34
3  47 87 96
4  39 60 85 58
3  98 66 84
1  78
5  41 100 24 4 91
2  81 68
5  70 28 91 96 9
2  35 56
1  31
1  49
6  91 6 32 89 72 16
1  50
5  43 49 7 47 39
2  28 7
6  98 34 88 93 43 11
2  98 21
4  4 70 47 95
5  79 84 47 94 86
6  77 29 45 84 76 12
1  90
1  1
2  96 93
4  7 20 63 27
5  67 97 24 61 72
1  44
2  95 30
1  72
4  59 55 35 42
4  38 32 75 55
5  30 21 77 50 84
1  27
3  99 50 11
5  51 55 89 46 84
1  17
3  61 72 78
1  37
1  35
1  53
6  82 83 10 58 32 93
4  58 42 60 8
4  30 58 6 18
1  90
2  21 33
5  92 10 83 29 25
1  40
5  6 21 59 15 79
6  7 39 48 49 98 55
1  27
1  7
3  16 97 64
3  29 44 28
3  27 57 63
3  97 39 49
2  97 63
6  87 70 34 19 32 88
2  59 1
2  3 16
2  66 52
4  10 80 89 36
3  51 79 33
6  27 50 86 90 45 72
4  79 6 78 10
6  97 68 94 22 71 10
3  37 62 94
3  41 83 81
5  33 60 10 22 86
4  8 75 5 80
3  83 86 12
6  79 9 61 72 30 32
5  74 68 42 13 83
3  94 60 83
4  70 5 39 29
1  14
2  92 48
1  77
4  9 55 68 70
2  97 1
1  71
5  50 38 81 33 87
5  93 69 27 62 74
4  91 85 79 24
5  26 40 53 85 49
1  52
2  35 49
2  42 19
6  92 57 68 24 44 42
1  13
5  78 86 34 69 71
1  93
3  38 33 99
2  81 7
5  100 41 23 19 83
3  6 74 98
5  97 42 15 13 54
5  90 39 17 58 9
2  50 55
4  82 54 89 63
4  63 1 86 81
5  27 87 56 25 60
4  66 75 65 20
4  55 58 74 12
4  3 62 22 69
3  75 58 7
3  20 69 36
1  50
2  33 36
5  57 96 27 23 70
6  43 27 46 100 1 57
4  4 19 88 72
4  63 30 68 97
3  36 33 55
6  51 87 21 24 44 17
4  67 86 42 9
1  87
1  14
3  75 17 62
4  89 23 25 18
6  21 67 27 53 12 4
1  32
2  51 48
5  17 34 19 26 47
1  34
4  48 9 76 10
5  64 32 94 81 22
1  47
3  68 59 71
5  91 98 25 39 76
3  73 94 67
2  99 1
5  47 9 54 56 79
2  88 73
6  10 88 45 58 55 13
1  26
6  8 24 12 46 99 54
2  93 21
3  92 21 15
3  29 68 95
1  85
5  80 83 91 67 28
3  22 40 65
3  26 72 71
3  18 70 91
3  63 11 73
4  32 87 93 61
4  87 68 39 69
3  22 59 13
3  8 35 88
5  82 14 43 52 61
2  42 96
6  53 68 38 84 55 30
3  9 17 12
3  85 58 69
3  71 17 51
1  5
2  86 18
4  38 69 25 59
1  21
3  64 88 80
3  42 10 91
3  26 2 97
1  60
4  54 31 82 4
3  86 26 21
1  90
4  73 15 18 83
3  60 46 23
3  93 65 49
6  15 75 86 12 85 46
5  39 76 58 42 11
3  67 32 47
4  90 19 72 7
1  6
4  47 29 6 40
6  55 24 7 30 10 18
1  55
6  53 31 52 95 41 62
5  42 18 62 60 89
5  61 95 35 8 23
3  48 16 96
5  22 25 80 40 39
3  34 91 65
6  85 6 80 46 78 22
4  39 81 53 7
3  48 42 49
5  83 96 85 78 67
1  2
3  47 41 81
5  32 46 65 16 51
3  62 28 66
2  67 47
5  74 88 26 15 36
6  98 32 80 75 99 86
5  45 33 17 26 12
3  71 77 64
2  21 25
3  87 51 16
2  29 89
2  54 4
4  49 1 88 28
5  86 14 51 30 46
5  55 58 14 26 34
5  47 55 3 96 41
4  12 73 82 100
6  35 4 48 83 11 79
2  25 29
3  71 96 4
2  10 30
4  87 76 16 89
5  56 41 83 29 22
5  21 57 86 69 40
6  4 51 68 24 75 96
5  46 91 77 74 1
1  35
6  82 51 75 54 6 16
3  35 38 19
4  94 5 25 34
6  28 84 61 51 59 56
2  4 47
6  77 48 5 12 34 86
4  9 39 68 24
5  2 61 94 58 55
6  82 88 91 9 72 52
4  30 8 82 34
4  81 11 1 86
2  35 72
5  43 11 51 66 85
4  27 79 10 81
5  92 69 67 1 40
2  60 69
2  42 2
5  23 13 80 8 34
1  79
2  57 90
5  23 75 20 49 53
2  30 29
2  98 95
2  37 13
5  6 37 22 8 16
3  20 95 52
4  9 31 71 65
2  38 87
6  58 36 47 88 65 75
1  63
5  31 100 81 11 5
2  33 13
2  78 33
2  30 86
3  60 57 2
5  95 88 74 52 24
2  40 89
6  49 51 64 79 50 45
6  55 63 23 68 95 100
6  23 29 86 59 89 43
4  69 37 48 43
6  72 64 28 60 58 77
1  22
4  61 66 45 16
2  67 83
2  67 83
3  96 69 5
6  11 65 54 47 13 96
3  84 60 64
3  17 40 54
3  95 14 4
3  29 31 6
1  54
5  94 99 68 62 3
4  73 67 6 20
5  2 55 63 61 18
1  78
4  59 16 52 73
2  91 1
3  97 12 3
5  6 2 37 68 5
6  40 72 94 59 51 96
1  13
4  32 19 33 89
5  49 41 50 67 32
4  17 28 62 20
6  68 21 32 35 26 74
6  15 33 48 10 47 61
4  78 79 98 67
4  46 8 6 13
3  56 29 66
2  48 61
6  69 93 20 94 13 91
2  27 39
3  73 99 2
4  78 100 17 34
3  25 40 58
4  95 87 28 13
3  89 98 3
5  18 97 95 11 87
2  38 26
4  10 24 59 61
1  58
5  35 3 1 74 61
4  69 47 91 81
5  80 79 84 62 96
5  56 7 67 77 44
6  35 54 15 94 14 16
4  91 51 55 92
2  15 55
6  62 46 73 42 26 52
2  87 48
1  43
4  71 20 99 63
4  52 78 47 66
6  99 56 44 53 48 67
4  3 59 28 48
2  70 74
5  95 60 31 100 2
6  71 21 83 33 75 35
1  22
6  4 20 56 47 72 14
3  6 73 67
4  4 36 27 87
2  86 18
2  88 3
1  9
6  35 84 20 45 5 48
2  75 95
6  79 9 34 84 81 1
3  85 36 63
5  67 49 89 98 37
6  99 45 77 33 29 96
5  33 15 25 57 90
2  53 68
2  87 52
1  87
6  94 23 50 65 90 99
4  87 35 45 86
5  21 18 7 17 95
3  32 20 97
2  39 50
6  67 36 41 76 23 28
5  45 78 34 35 76
6  22 10 32 7 89 53
2  96 70
2  36 1
3  32 23 77
5  12 43 17 52 18
3  80 87 85
4  20 19 33 7
3  43 39 47
2  92 71
2  61 90
4  62 28 95 84
1  76
6  47 93 64 32 27 50
1  83
5  35 16 76 75 58
1  21
6  5 92 16 66 82 78
2  9 73
1  13
3  6 59 40
4  23 72 79 87
4  41 21 78 17
6  35 31 16 24 8 40
1  90
2  28 99
6  39 11 37 45 69 77
6  92 48 76 63 35 38
1  56
1  21
4  49 51 67 73
6  75 12 86 64 29 14
4  19 52 73 56
6  42 33 93 80 69 96
1  6
6  70 20 69 87 42 55
4  53 40 24 82
4  86 100 5 58
4  1 99 88 93
2  68 62
2  82 67
2  52 87
3  72 55 14
4  96 68 18 49
1  41
2  61 27
2  65 84
6  66 83 73 58 14 40
2  39 22
6  64 73 72 8 44 27
2  1 22
6  19 71 96 59 1 56
6  31 21 69 16 86 51
6  44 65 27 63 4 48
3  67 21 75
4  47 96 65 69
6  83 39 80 42 36 27
5  56 96 85 42 47
5  86 11 99 49 14
3  97 81 67
2  55 30
4  50 95 32 34
5  71 13 18 10 48
3  79 4 40
4  46 86 35 31
6  33 79 9 76 89 46
6  44 76 56 94 70 88
2  46 58
3  64 67 88
1  46
6  47 8 37 33 43 68
2  75 47
3  54 22 26
6  14 69 75 63 44 56
6  90 13 30 54 80 17
4  26 9 8 34
3  41 76 13
5  50 59 5 4 80
2  3 94
6  77 62 21 17 51 10
2  81 64
1  97
2  36 6
2  69 51
5  44 64 41 94 22
3  98 2 76
6  96 75 77 57 36 97
5  87 7 4 67 70
1  64
6  49 70 26 17 20 98
4  83 38 55 5
5  52 7 58 51 2
2  27 59
5  24 33 56 30 36
2  99 50
6  92 98 56 18 15 75
1  75
4  53 29 63 35
5  70 93 31 72 26
4  30 94 81 63
3  10 98 72
1  47
4  1 45 13 18
4  88 32 34 45
6  63 8 19 43 77 12
5  49 38 31 78 11
3  80 21 38
4  29 85 8 20
3  88 7 78
2  52 62
5  60 81 25 36 93
6  84 30 28 62 61 39
1  40
4  40 91 88 25
6  17 53 18 63 41 25
3  62 77 2
3  36 83 69
5  75 67 55 5 95
1  65
2  18 5
6  58 95 79 82 93 35
1  57
5  35 97 36 11 99
5  46 81 49 17 56
1  72
4  10 88 26 42
1  30
2  63 25
1  44
2  6 78
2  63 52
4  59 88 73 58
4  18 39 15 35
6  30 6 55 39 93 80
5  98 10 13 60 34
2  4 51
2  81 78
6  32 40 51 20 12 8
6  30 47 1 65 40 31
5  95 70 63 74 50
4  84 63 21 17
6  24 68 16 4 46 8
3  86 58 55
6  66 41 27 12 42 92
4  72 62 46 42
2  20 91
6  3 54 6 20 40 30
6  55 34 63 69 19 20
2  16 86
4  43 97 7 34
3  78 96 94
2  20 14
1  5
1  64
1  36
1  40
2  58 73
4  20 42 75 40
4  91 25 31 33
2  37 67
5  15 62 64 34 82
5  44 87 93 7 97
2  10 36
4  67 9 8 87
3  82 26 16
5  51 46 5 72 82
5  41 96 33 5 30
1  82
5  1 74 79 97 3
6  33 54 55 41 62 42
6  43 68 7 15 18 52
2  90 34
6  31 30 22 35 59 36
1  31
3  90 10 33
6  98 65 46 53 6 7
6  97 50 61 3 64 79
4  83 68 88 72
6  18 94 33 76 30 48
1  66
3  17 98 30
1  63
5  67 69 83 60 65
2  21 67
6  99 22 78 67 9 50
4  27 43 97 2
5  45 9 38 83 25
3  12 39 98
6  5 67 70 65 31 1
6  98 97 84 19 75 51
2  24 15
4  67 12 56 39
4  64 76 39 89
1  51
2  10 38
2  76 7
6  6 8 82 3 5 66
2  79 16
3  2 31 68
3  57 7 98
2  82 37
1  94
6  37 3 25 69 78 32
4  83 39 47 86
3  12 7 22
2  56 24
4  57 91 99 14
6  97 35 79 33 44 73
2  81 75
3  49 52 75
1  35
1  61
2  57 73
2  79 100
5  2 57 39 93 55
4  90 51 87 68
5  30 41 3 10 15
3  59 66 21
5  100 35 33 20 91
1  47
5  5 29 71 61 67
4  15 19 52 66
1  20
3  35 60 52
3  74 97 3
3  18 76 39
4  8 59 43 13
1  12
2  33 82
5  100 44 92 18 95
4  23 14 6 58
5  57 2 47 54 4
6  71 79 25 23 87 83
4  100 88 76 17
2  57 94
2  1 85
3  96 42 61
1  48
2  83 4
2  29 58
2  15 28
1  39
3  88 22 15
6  9 90 4 29 47 98
3  48 83 86
3  25 46 52
5  63 34 76 81 33
1  78
4  5 16 10 92
3  25 80 46
1  84
5  61 81 22 8 63
1  51
6  52 2 58 15 36 33
6  99 66 76 26 3 91
3  95 28 60
5  73 74 57 47 34
3  68 42 100
5  92 87 26 94 45
3  29 78 36
2  43 35
1  68
3  93 3 32
2  62 6
6  35 63 39 69 100 7
1  100
5  2 86 7 95 30
3  24 7 83
4  49 17 53 54
3  19 86 65
5  91 58 15 53 97
5  53 3 92 52 84
6  37 91 89 67 12 73
2  63 22
3  15 38 90
4  57 75 25 36
4  82 50 19 79
2  71 82
2  22 65
2  59 56
1  25
6  17 98 12 79 19 48
6  57 37 53 13 12 77
3  77 59 99
6  38 31 66 19 55 87
6  72 46 39 77 71 31
6  68 42 73 87 90 67
3  27 19 56
3  96 5 15
4  3 9 92 33
5  11 88 62 94 59
1  33
3  77 64 30
3  6 3 32
6  69 75 21 87 31 58
5  35 72 37 81 29
5  55 39 57 16 33
1  23
4  51 100 28 81
3  33 83 75
2  51 50
3  38 80 6
2  14 78
4  51 59 86 20
1  24
5  29 56 92 52 20
3  51 48 23
6  81 6 70 8 57 20
4  94 99 61 15
1  38
5  64 96 57 84 9
5  60 38 35 52 89
4  94 40 3 17
3  83 22 4
6  78 23 46 72 22 6
6  35 43 57 98 38 13
5  46 92 40 84 27
6  72 82 85 12 84 1
3  67 23 50
4  100 73 3 72
6  9 57 28 51 14 25
6  26 5 35 18 45 36
6  26 20 1 10 21 46
5  43 96 34 68 37
1  62
3  71 90 96
6  14 85 10 19 27 64
3  71 99 26
6  19 27 6 40 73 82
5  68 15 26 35 52
3  97 11 86
6  94 100 77 3 19 96
2  82 32
1  81
4  97 100 84 2
3  57 84 22
2  98 48
4  50 87 55 46
6  41 38 91 40 14 94
4  9 23 40 41
2  21 98
2  21 82
2  60 38
1  81
4  2 29 21 52
1  76
6  12 16 34 2 56 48
6  14 56 18 53 97 41
5  94 60 76 81 53
1  85
2  75 86
4  96 38 76 71
3  88 86 68
6  41 15 83 54 71 1
1  68
3  80 61 100
5  37 81 25 50 65
4  25 50 20 87
6  91 21 83 76 89 71
2  4 54
5  75 54 78 42 94
4  3 94 30 39
5  55 89 38 13 14
6  32 34 75 27 24 96
1  100
6  80 17 87 33 88 61
6  65 3 81 22 5 75
4  43 48 6 32
6  18 45 74 50 78 49
5  2 44 86 1 28
4  17 15 98 4
5  84 69 78 64 90
5  39 42 25 86 47
4  72 65 1 46
1  78
6  91 80 38 76 66 41
6  80 38 100 56 22 69
2  86 59
1  24
6  39 10 47 95 81 11
6  27 26 74 21 16 53
4  92 32 24 28
1  69
2  59 90
6  92 75 54 6 98 45
1  100
3  88 11 35
1  36
1  35
4  60 93 42 92
1  73
2  20 42
3  79 31 42
5  6 96 76 3 49
2  10 48
4  97 59 94 11
6  2 45 61 38 87 53
4  59 71 73 1
2  52 31
4  21 37 54 96
3  3 16 49
4  75 46 9 69
4  2 70 1 46
2  39 32
5  92 91 54 65 71
1  22
2  37 59
5  32 97 85 47 46
3  22 91 43
6  46 45 59 47 90 89
6  22 72 77 13 25 41
1  96
4  26 24 93 84
1  24
5  90 71 26 25 92
1  67
5  62 11 40 8 1
2  93 23
1  69
3  25 10 38
2  66 63
3  58 47 49
5  27 39 52 63 44
4  30 25 28 41
4  36 41 93 28
4  93 97 98 18
1  35
3  71 98 81
2  45 30
1  71
5  61 22 32 5 89
4  29 17 1 93
4  42 85 80 5
5  76 2 95 81 37
2  52 35
1  80
5  42 89 49 11 50
5  42 54 59 3 83
5  4 75 27 45 60
1  49
3  82 51 32
4  87 63 14 21
5  93 100 17 81 48
2  31 19
5  84 78 70 67 53
5  41 79 18 1 85
4  37 66 17 69
2  3 31
3  24 6 34
2  23 15
5  49 45 89 17 29
4  87 95 19 60
3  97 77 36
5  43 73 47 60 41
5  62 72 16 86 77
3  8 99 65
5  48 9 68 64 37
2  51 32
4  10 67 48 86
1  29
2  74 76
6  14 51 50 86 67 35
4  16 43 61 80
2  8 89
6  72 26 22 57 73 32
2  21 17
2  50 46
6  25 34 12 75 83 97
3  18 58 57
4  19 37 81 27
2  69 98
4  90 20 7 63
4  29 83 68 53
2  14 50
4  47 61 31 29
4  73 47 15 30
1  33
4  87 59 92 56
4  42 45 77 49
1  28
5  90 95 30 21 8
5  77 54 40 8 83
6  81 30 11 10 36 44
5  22 3 67 77 60
1  22
3  57 29 63
3  19 58 64
3  66 43 16
2  83 24
1  79
1  31
6  13 67 34 89 88 37
4  65 96 63 87
2  19 16
6  53 34 52 16 73 17
4  89 36 41 13
3  20 16 69
1  29
3  43 17 23
5  72 87 75 34 74
1  53
6  1 5 22 53 20 95
5  78 83 5 18 95
3  37 11 46
3  46 89 57
5  67 28 55 41 61
2  47 13
1  47
2  39 99
3  33 68 14
1  73
2  10 15
5  21 26 14 60 71
1  17
3  69 44 93
1  5
2  56 18
3  3 35 74
1  71
1  70
6  22 42 16 32 57 85
4  83 98 12 54
6  28 92 68 71 85 78
5  4 34 93 40 36
2  14 38
6  21 7 82 42 49 98
5  6 82 25 89 80
3  42 79 64
3  47 35 18
2  10 22
4  2 62 93 28
5  30 26 95 37 7
3  86 5 10
6  87 34 79 66 70 21
3  33 55 92
5  72 16 76 93 73
5  54 66 6 29 96
2  24 32
3  60 17 42
5  8 28 3 87 94
5  7 38 5 61 29
5  33 45 48 26 17
2  80 82
2  9 78
4  32 9 98 92
2  40 61
2  68 63
2  61 35
2  98 40
6  27 11 20 71 58 45
6  83 25 70 13 33 47
5  64 56 71 81 11
1  14
5  79 34 39 14 60
3  53 47 63
4  66 34 21 11
2  3 36
6  15 68 37 88 32 92
4  87 73 69 3
6  46 82 20 85 96 79
2  48 25
5  11 91 17 31 2
3  34 37 29
3  4 66 35
3  58 93 23
2  61 25
1  7
1  36
6  2 15 11 50 40 94
4  30 11 92 32
3  25 68 77
5  72 42 7 100 29
2  61 54
3  67 61 81
4  62 95 69 12
3  63 72 64
5  63 95 22 88 98
4  34 40 66 41
3  66 70 68
2  23 13
6  83 94 50 45 89 19
4  23 81 28 87
4  90 82 75 78
3  73 37 78
1  3
2  51 68
6  19 93 10 32 85 25
3  37 13 53
6  36 34 20 22 88 10
1  63
6  47 35 23 25 48 43
6  93 30 17 85 40 48
5  32 73 3 69 86
4  62 21 89 81
3  76 91 45
3  78 92 73
6  16 20 25 58 18 87
3  2 27 82
5  58 55 73 27 40
2  88 61
2  69 3
6  59 48 31 36 39 3
3  55 23 61
1  40
5  99 75 80 25 56
3  83 11 23
1  50
4  98 10 68 66
1  61
2  60 91
4  99 94 97 53
1  58
4  56 36 63 31
1  88
6  65 71 96 87 80 46
3  77 56 6
3  68 66 67
2  57 28
2  50 24
5  66 81 43 22 16
1  52
2  93 38
6  64 34 82 44 80 20
2  35 25
4  2 91 30 47
4  55 97 81 33
4  61 75 85 77
5  37 8 74 2 84
5  87 3 100 22 27
4  24 18 92 53
4  48 7 61 28
3  23 89 15
1  66
6  44 73 68 17 75 4
2  58 84
1  61
5  33 88 46 56 5
3  9 69 85
1  29
1  55
4  1 69 59 67
4  2 39 31 19
1  35
3  72 19 54
2  2 87
2  47 43
2  84 51
6  68 66 20 80 71 81
6  29 47 52 31 86 82
3  100 17 91
5  36 45 2 37 31
2  84 73
3  67 23 34
3  88 53 14
1  24
6  96 52 41 47 83 27
2  31 26
3  22 96 81
4  97 17 1 70
4  67 93 1 80
3  14 88 68
1  83
2  49 29
1  75
4  33 1 3 54
6  83 20 93 100 16 10
6  85 69 67 77 61 57
1  81
3  74 88 27
6  37 56 96 12 13 28
1  16
5  8 99 1 98 17
1  98
1  79
4  79 40 32 35
3  12 80 19
6  6 12 36 61 8 47
5  36 59 89 17 67
6  18 67 85 34 77 83
3  56 47 14
6  78 48 40 89 28 59
6  33 71 24 94 78 67
1  30
4  30 96 42 47
4  27 81 40 9
1  95
4  29 90 33 77
2  22 4
6  10 36 59 34 30 5
6  49 34 52 78 29 93
2  92 20
1  31
2  21 26
5  49 16 25 46 37
2  34 47
4  92 80 93 28
6  89 77 17 40 55 46
2  80 37
4  85 68 79 5
6  62 53 9 77 78 55
1  5
6  60 69 80 39 62 8
2  50 84
3  89 39 86
2  18 23
5  2 90 51 6 84
1  59
6  89 36 47 3 41 35
4  9 15 1 70
2  24 20
1  63
1  45
3  29 62 70
1  63
4  52 69 43 64
2  36 53
4  82 55 3 16
1  11
2  17 81
4  40 100 58 2
1  2
3  36 63 20
3  26 80 88
6  23 51 21 58 3 83
3  57 85 55
5  96 85 89 77 37
2  77 95
2  84 96
5  20 59 100 56 85
5  43 79 2 93 100
4  96 82 98 53
4  53 25 63 38
1  39
5  43 15 69 73 98
4  53 17 23 52
5  7 31 15 86 32
1  85
6  3 67 89 55 33 41
5  95 79 94 34 53
3  48 21 8
3  85 60 63
1  12
3  14 42 49
6  74 56 84 65 59 51
4  13 84 95 93
5  73 86 12 25 21
4  46 28 5 30
6  67 37 99 1 51 41
3  51 15 6
3  80 64 85
2  77 68
2  69 46
6  54 58 24 74 17 69
1  21
6  90 88 36 87 29 38
3  43 44 71
2  7 56
4  84 23 81 52
5  80 5 26 3 79
3  72 81 63
5  70 50 6 58 38
6  86 75 29 19 100 51
2  55 5
1  77
6  60 46 64 65 72 67
3  14 38 24
5  8 93 26 13 50
4  5 36 38 33
4  56 32 14 81
6  19 89 64 4 48 9
5  12 81 34 55 94
5  78 70 71 95 91
2  58 95
4  95 28 19 51
4  33 31 46 51
2  9 54
5  18 21 79 98 55
2  91 25
1  61
1  82
4  93 2 12 88
4  7 15 76 57
5  9 88 20 60 7
2  14 74
3  34 52 43
6  85 34 13 96 94 15
5  48 8 78 60 95
3  66 10 11
2  84 19
1  3
5  16 31 92 89 77
2  41 19
1  25
4  26 20 46 41
6  94 49 75 54 43 9
2  53 20
3  36 38 51
3  16 66 70
1  55
3  33 95 64
3  20 16 72
3  62 13 37
4  61 11 8 4
2  27 56
3  68 92 76
2  30 92
5  99 38 44 32 33
1  77
4  24 49 93 85
4  29 40 21 39
3  24 58 74
5  96 41 71 72 58
6  63 42 99 62 80 93
1  50
5  65 73 18 58 57
5  86 96 99 24 43
2  82 16
1  77
4  72 48 14 71
1  56
5  73 35 11 65 47
4  34 12 33 52
5  89 29 54 85 28
5  27 49 59 43 50
3  99 22 84
1  93
6  68 62 67 2 73 31
3  33 65 60
4  17 28 54 46
5  38 73 59 65 22
2  8 72
4  6 93 37 18
6  31 86 47 98 88 19
2  36 51
6  95 16 10 22 69 55
1  7
2  62 72
3  79 19 33
6  12 69 3 96 100 88
3  98 75 61
2  10 11
2  5 26
2  27 95
5  29 1 8 91 72
4  70 51 75 2
3  86 71 37
5  71 24 68 99 84
6  9 95 10 13 21 37
3  15 18 68
1  26
4  87 81 27 37
4  29 72 41 99
1  22
5  32 46 36 30 29
2  38 24
3  50 44 75
6  59 93 56 74 18 14
4  99 41 97 54
5  69 94 68 76 15
3  7 61 72
3  89 100 75
1  38
2  56 12
1  15
1  68
6  22 82 48 21 45 74
6  13 67 58 88 82 93
6  42 65 32 31 64 6
3  1 30 100
1  42
1  17
1  1
3  91 48 59
1  92
2  3 5
6  60 93 81 53 88 22
2  19 53
5  25 96 81 54 93
6  9 6 47 97 57 49
3  12 53 36
5  45 16 25 32 38
3  51 91 21
5  87 2 29 82 95
2  90 3
2  99 50
2  55 56
3  4 93 47
4  28 19 1 43
3  33 81 84
5  71 5 58 57 6
6  39 100 11 28 3 40
2  53 66
5  8 1 85 100 47
3  28 66 41
5  8 74 51 91 57
2  96 14
5  2 100 17 10 44
1  50
5  57 15 51 65 16
3  65 63 75
6  28 16 62 35 89 13
2  46 34
2  59 13
2  59 29
2  69 73
2  18 43
6  33 93 49 48 28 13
1  3
1  37
2  67 72
1  79
6  52 13 19 11 26 42
5  54 65 37 26 92
4  68 76 87 61
2  34 88
3  44 90 41
5  8 7 53 14 86
3  66 99 69
5  24 11 44 77 75
5  3 66 35 71 41
2  31 65
4  19 100 98 8
3  78 15 47
2  29 32
5  94 31 49 69 54
4  13 31 34 93
2  99 28
1  40
3  34 4 3
4  4 100 59 44
5  74 91 8 2 23
6  96 53 36 64 6 95
5  37 28 70 69 27
6  72 67 45 5 70 47
4  74 46 15 18
2  89 8
2  90 30
2  85 83
4  49 89 48 25
2  76 94
6  3 91 65 69 35 70
3  81 25 12
2  40 29
4  28 36 81 18
4  98 3 48 52
4  36 100 77 61
5  71 54 77 61 18
3  95 87 83
5  12 94 3 52 23
4  80 58 34 97
2  32 100
5  83 51 7 82 27
5  56 97 21 33 57
3  78 52 25
4  28 37 55 30
6  77 83 68 35 16 64
4  47 64 28 29
1  35
1  40
1  66
3  21 99 93
4  77 45 84 37
5  21 91 2 9 67
6  76 2 100 40 59 46
1  86
5  17 20 85 56 21
4  92 42 50 85
1  26
2  84 62
1  5
4  3 13 20 87
6  21 86 29 79 31 32
4  6 48 85 90
1  5
3  96 47 90
5  47 15 10 31 77
1  35
2  13 47
3  99 36 69
6  64 47 15 96 11 20
3  95 10 46
6  50 41 46 40 21 93
4  30 23 31 40
4  59 52 4 7
4  40 75 34 4
2  48 99
2  68 41
2  78 87
2  28 27
5  67 48 65 21 78
6  51 17 45 10 69 49
1  19
6  92 53 13 1 90 45
5  31 72 45 17 99
5  44 71 39 92 36
4  69 24 10 85
5  20 54 17 37 73
1  28
2  96 41
2  86 92
1  57
3  33 55 9
5  26 47 68 61 6
3  84 16 21
4  35 74 68 71
3  72 99 70
5  39 95 53 24 86
5  81 23 1 36 31
5  61 78 44 21 83
5  4 99 56 33 73
2  4 19
6  2 89 62 41 83 15
4  69 83 46 91
5  81 22 60 41 100
1  61
5  82 65 81 20 13
4  43 17 71 37
2  60 99
4  42 13 24 10
6  69 1 79 49 22 39
6  22 41 50 4 23 14
6  3 34 97 55 77 14
2  13 32
6  12 90 27 25 14 36
2  82 36
6  30 58 37 19 79 78
5  83 100 82 67 3
1  64
4  92 77 83 5
1  68
1  98
6  41 11 30 60 93 66
4  23 24 96 41
1  74
1  85
5  90 52 76 5 15
2  97 91
1  1
6  84 16 96 78 56 7
1  16
6  73 75 21 96 71 62
6  44 70 83 17 59 34
6  64 48 24 60 39 38
2  76 34
6  32 40 7 48 39 79
2  60 75
6  21 72 36 91 55 53
3  88 44 13
3  68 73 75
1  33
1  29
1  45
2  40 85
3  88 24 13
1  84
6  3 5 59 39 95 13
6  44 1 35 57 37 2
2  12 9
4  24 37 69 65
1  53
6  97 77 10 7 60 64
4  49 58 68 40
1  69
5  58 6 77 86 17
6  46 40 21 15 8 86
2  61 83
2  38 93
2  97 90
3  60 45 84
2  12 24
2  81 98
5  86 74 62 2 59
1  42
5  22 50 65 44 11
3  63 48 40
6  45 30 24 5 74 8
2  85 31
3  65 29 17
4  3 78 52 61
6  94 40 7 44 4 51
4  51 13 2 91
1  46
2  25 50
6  33 71 78 64 12 43
6  28 93 94 6 45 55
6  38 94 98 81 48 35
3  61 36 39
4  81 59 87 30
4  20 1 29 83
1  71
5  40 63 68 46 8
2  37 46
1  34
2  13 82
4  61 42 96 99
1  77
4  91 7 9 10
1  37
6  19 8 66 59 71 33
1  78
4  41 23 70 75
3  82 57 9
3  99 5 41
1  82
6  92 88 7 1 95 43
6  13 50 58 72 20 91
5  98 45 17 20 15
6  68 96 48 77 38 46
5  79 48 63 77 39
4  83 40 45 25
2  58 75
6  30 95 82 5 92 26
2  11 41
1  79
3  61 56 74
1  37
4  54 100 28 93
3  10 33 95
3  65 52 9
4  81 4 37 86
6  63 8 6 3 20 85
3  81 40 12
6  77 63 41 76 90 33
2  100 66
2  34 31
5  43 86 53 46 22
3  41 85 45
3  87 65 31
2  46 70
3  33 47 99
5  22 88 6 48 71
4  21 1 38 64
6  90 9 28 49 93 73
6  79 38 25 4 84 95
3  16 42 38
6  63 26 93 10 13 64
5  34 64 15 97 51
1  6
4  33 55 51 5
3  30 43 75
2  26 70
5  42 11 9 29 74
3  22 84 47
6  60 80 49 74 77 99
5  83 57 11 37 8
1  86
3  58 61 70
6  30 42 25 40 51 54
1  85
5  96 31 60 56 11
1  30
6  7 8 70 64 18 6
5  33 92 8 91 52
5  75 82 19 100 21
5  53 34 28 30 84
6  86 94 95 15 81 2
2  50 65
3  55 36 73
3  44 63 99
2  38 80
3  37 1 8
6  34 61 17 64 44 3
3  37 98 64
2  100 86
4  65 26 22 1
6  69 44 61 67 65 98
3  4 34 47
1  23
5  72 39 44 15 42
6  52 40 56 69 39 42
3  4 67 58
1  65
2  47 25
6  12 23 38 15 57 85
2  79 65
6  18 9 12 60 1 64
6  57 33 38 98 69 42
4  26 45 29 51
6  54 43 3 76 80 17
2  64 43
1  29
3  29 37 52
6  37 16 87 94 48 25
6  16 66 56 42 11 85
6  2 38 34 4 13 14
2  45 78
4  55 6 3 83
3  54 71 80
5  57 73 16 82 64
2  48 20
5  58 4 65 59 41
6  63 54 13 83 98 90
3  52 96 48
3  38 1 5
2  70 62
6  86 43 54 17 90 73
6  48 76 55 6 17 54
5  70 66 51 67 56
6  19 52 44 53 90 45
4  7 14 20 96
6  62 49 16 52 22 5
6  97 60 5 13 73 82
5  24 49 34 20 67
6  64 19 74 8 77 80
2  96 75
2  58 24
3  10 45 39
1  42
6  14 55 11 86 36 89
1  84
2  30 51
1  93
5  80 100 45 60 20
3  35 39 98
4  73 7 3 11
1  44
1  28
6  21 14 34 10 24 18
2  53 68
3  45 37 18
3  82 77 64
2  12 2
2  69 75
2  72 85
3  16 95 68
1  15
5  47 24 5 64 55
4  32 93 2 68
1  45
3  87 9 71
6  11 90 68 85 15 39
5  55 54 64 23 67
5  4 13 1 9 77
4  66 8 48 67
5  58 12 25 45 20
6  43 30 84 10 15 98
3  84 53 2
3  75 69 25
5  81 26 87 57 82
4  65 30 18 41
6  29 65 32 49 60 75
5  43 85 93 41 33
5  93 35 24 68 3
3  45 84 75
2  41 57
5  6 86 100 46 72
2  10 4
5  69 78 56 12 63
3  53 96 25
3  30 49 13
2  98 57
1  72
6  57 29 71 62 14 8
6  99 17 89 76 86 67
2  98 29
5  50 24 4 95 54
4  7 87 49 64
1  21
4  59 49 22 21
4  92 28 47 90
3  36 66 31
1  97
2  30 75
5  54 79 71 7 30
5  93 79 41 95 100
6  54 49 13 74 11 5
1  58
6  47 93 60 77 94 56
1  24
2  81 77
1  52
5  39 29 76 18 69
5  18 60 24 66 73
6  77 99 34 71 46 27
2  22 21
6  26 44 17 6 20 58
1  64
6  78 82 55 48 99 14
5  65 87 69 41 63
5  75 34 13 1 64
3  21 50 60
4  66 84 91 23
6  55 8 65 36 62 13
3  76 84 99
4  52 40 25 19
1  59
2  15 22
4  35 71 25 99
3  90 83 27
1  69
5  20 34 18 82 46
4  58 29 51 20
5  90 45 100 4 3
2  18 25
6  53 96 20 51 32 9
2  59 21
1  40
3  35 57 22
5  9 79 60 98 89
3  42 88 53
3  19 71 69
1  23
4  34 74 96 42
1  54
4  8 94 3 43
4  24 23 59 2
2  19 100
2  68 42
1  21
6  26 92 55 40 14 19
5  88 14 15 94 68
5  2 61 79 44 11
1  66
5  4 97 88 16 56
3  24 77 31
3  68 86 89
5  4 62 69 18 76
4  85 52 63 45
2  7 56
2  72 26
3  69 14 40
6  69 85 8 45 15 57
1  1
3  94 4 7
4  21 82 23 6
3  86 51 64
6  6 97 64 31 33 32
3  73 16 13
4  24 58 73 80
5  73 26 63 76 32
2  97 14
3  2 47 32
4  11 24 59 8
6  90 41 19 34 13 46
5  57 4 42 37 73
1  63
3  90 94 59
6  8 6 88 55 38 41
4  61 99 72 48
6  13 66 21 25 100 95
4  69 37 94 42
4  56 77 41 50
3  27 57 42
1  11
5  55 76 40 54 48
6  41 60 53 61 85 52
2  80 9
6  16 2 37 67 57 14
1  7
3  35 64 91
3  74 69 4
3  9 57 98
6  98 57 48 58 42 100
6  21 8 80 37 9 16
1  66
2  11 72
5  45 36 69 94 9
3  98 59 46
4  56 41 52 13
6  9 54 88 93 74 95
5  10 3 88 13 69
1  24
3  95 68 76
4  62 85 1 59
3  47 13 99
6  64 11 76 73 63 65
3  57 37 47
4  24 60 28 41
5  69 36 51 44 99
1  28
6  70 71 46 83 69 33
3  79 9 19
3  71 83 79
2  20 26
6  44 85 15 84 68 19
2  27 18
2  55 17
6  25 62 81 93 95 27
5  4 45 13 74 28
6  1 48 17 88 91 2
1  75
5  86 93 13 10 15
4  27 14 91 89
6  84 83 22 54 86 67
5  60 95 59 61 42
5  49 33 77 52 7
3  38 100 31
3  10 46 16
3  60 7 24
4  90 7 75 44
6  42 11 53 36 69 13
5  44 62 9 20 13
1  65
3  15 96 100
2  41 16
4  100 22 84 54
1  90
2  55 83
5  65 35 5 33 48
5  76 9 90 96 22
1  60
5  20 55 71 44 96
6  3 96 8 86 49 19
5  77 73 58 46 38
6  50 71 39 31 47 48
2  42 69
2  2 40
3  57 11 89
4  96 91 47 4
5  95 22 52 72 10
2  32 1
5  2 40 98 48 88
2  90 56
3  91 96 89
3  6 77 98
1  68
3  5 44 39
2  96 11
2  5 28
4  6 94 53 46
6  1 33 10 90 89 53
5  84 42 27 90 18
2  92 85
5  97 29 8 23 24
2  43 29
3  94 34 39
3  79 30 47
1  40
3  100 92 17
5  34 43 74 51 67
4  36 35 61 65
3  83 89 59
2  17 4
2  50 42
4  29 72 12 40
1  48
3  3 64 22
3  7 95 87
5  60 22 8 21 87
3  3 75 9
2  91 12
3  41 53 10
5  24 22 8 34 69
3  36 33 69
5  39 64 58 12 23
5  19 43 66 69 46
3  77 73 31
6  18 71 41 28 39 65
3  47 98 18
6  34 51 62 6 89 25
4  1 47 42 20
6  8 88 35 47 64 77
4  26 48 92 53
6  56 2 33 54 20 26
6  70 87 93 59 11 55
4  58 97 79 48
1  66
5  51 30 90 28 81
1  75
5  67 61 27 69 93
5  89 18 68 59 5
4  17 16 15 76
5  12 55 21 15 20
1  66
3  92 93 30
1  67
1  73
2  27 42
2  7 30
3  74 88 42
3  5 58 49
5  31 60 35 51 74
4  53 40 4 45
2  33 50
6  34 22 26 60 63 46
5  93 83 41 81 25
5  85 82 23 66 13
5  1 64 56 17 95
4  61 27 92 10
2  25 32
4  85 95 96 52
6  78 93 67 3 52 85
6  18 97 71 60 26 73
5  21 32 36 47 24
3  72 49 77
2  33 72
2  85 58
6  77 25 98 44 82 32
6  78 3 12 38 28 85
1  49
1  49
6  39 95 66 87 71 88
2  42 5
1  100
6  81 25 97 24 2 78
4  95 56 59 7
6  86 91 6 35 55 29
3  49 95 32
2  82 52
4  87 56 61 86
3  86 82 61
6  59 16 82 14 74 88
1  60
5  12 94 84 66 23
2  14 18
4  34 100 12 95
6  68 55 71 4 41 52
4  27 11 80 8
2  54 95
2  14 73
3  7 57 8
2  85 22
3  45 55 46
4  49 32 23 4
1  27
3  54 90 70
4  69 77 88 23
5  18 36 45 60 43
1  67
5  85 88 19 29 42
4  85 90 96 8
6  98 34 37 52 23 6
1  92
5  3 15 55 21 50
6  80 92 99 46 64 84
2  83 13
5  47 97 65 43 4
4  41 38 94 92
4  99 7 52 82
1  66
3  30 16 35
1  7
3  54 71 18
6  53 30 62 100 27 26
3  31 83 68
5  75 28 82 79 56
6  45 92 20 60 27 28
4  61 82 37 78
5  90 7 29 34 54
2  64 37
1  31
1  90
4  87 71 37 43
4  81 34 80 41
4  7 21 88 44
6  56 34 6 85 23 39
3  54 2 75
5  33 86 58 90 73
2  26 15
6  7 49 68 47 9 75
4  30 63 98 29
2  31 34
1  54
5  40 8 74 15 76
1  1
2  95 73
4  21 87 49 28
3  17 75 44
6  28 73 53 26 1 71
4  35 72 10 6
1  17
5  27 93 85 26 80
6  86 1 85 35 28 20
4  2 63 41 30
3  94 56 36
4  12 71 36 22
5  48 38 56 74 30
3  100 55 21
6  41 22 84 76 49 3
2  51 66
4  81 1 60 36
3  24 48 7
4  69 83 7 39
5  37 79 80 91 100
5  32 21 62 7 70
4  33 21 30 99
1  31
4  37 67 82 84
5  41 53 56 48 59
6  27 95 73 7 86 72
6  18 92 47 25 62 12
4  82 41 55 83
5  14 19 38 96 3
1  37
4  66 84 15 60
1  9
2  17 95
1  2
1  96
3  37 57 61
6  39 1 48 21 72 62
3  10 57 42
2  93 97
6  76 11 46 86 20 78
1  15
5  5 27 77 54 64
3  14 57 72
1  4
6  87 66 31 96 22 72
1  15
5  2 91 79 47 77
6  25 79 13 6 84 40
5  37 3 16 50 59
6  64 63 79 51 28 10
3  50 82 61
4  50 62 55 29
1  31
2  33 10
3  38 94 79
2  30 82
3  80 41 23
3  4 1 94
2  11 40
5  92 1 46 41 63
1  70
5  32 96 4 41 36
3  34 15 61
4  96 43 37 18
6  41 19 80 72 29 53
2  19 99
4  81 99 30 52
2  26 55
5  61 96 5 75 56
5  71 51 11 8 69
6  48 87 77 19 16 95
5  35 14 70 96 95
5  26 46 99 51 1
5  12 96 74 87 51
3  58 2 52
4  70 49 12 57
2  31 72
2  2 7
2  72 3
2  41 28
5  40 79 74 9 91
5  82 77 21 23 35
2  75 99
6  23 11 49 48 41 21
4  43 27 100 15
2  27 56
4  100 95 36 74
1  26
3  85 3 63
1  37
6  82 36 77 5 46 26
4  87 46 19 30
5  18 45 1 44 100
4  44 95 93 18
6  18 60 82 21 23 89
4  8 70 93 85
5  39 10 26 25 55
3  55 27 62
6  28 5 99 86 49 93
5  66 90 96 26 71
1  49
4  74 56 29 66
3  3 4 50
2  29 5
5  83 32 34 82 60
3  80 45 87
5  23 53 63 19 79
2  35 27
6  8 83 22 73 23 24
5  73 53 5 78 25
6  10 58 69 70 97 49
1  83
2  37 36
6  55 14 17 90 41 10
6  24 31 70 47 54 46
2  7 51
6  31 38 7 89 76 85
4  90 68 76 27
1  60
5  17 77 71 58 86
5  81 16 37 27 70
5  46 76 34 42 6
5  48 95 78 24 79
2  13 46
1  39
3  68 20 66
3  91 23 29
4  4 45 95 31
1  77
5  89 10 18 95 82
4  89 59 68 92
1  13
6  41 62 67 61 27 11
4  50 40 9 54
6  3 84 97 80 59 86
6  77 81 71 43 70 29
2  37 20
2  50 20
5  11 87 34 38 97
6  87 36 93 40 20 95
2  17 74
5  2 63 59 83 33
1  52
4  32 88 82 65
3  1 38 48
6  71 86 84 56 72 20
3  12 39 43
3  55 17 18
4  79 76 39 12
5  90 74 8 78 55
5  15 56 10 63 43
5  48 26 36 20 45
6  32 83 26 67 38 43
5  94 21 59 33 36
2  6 44
1  61
1  15
1  26
5  59 6 25 84 42
3  28 26 76
1  52
3  48 94 26
3  15 84 74
3  20 97 53
4  97 14 78 12
2  3 89
6  9 14 71 51 59 99
5  34 9 27 76 57
2  1 99
3  85 73 81
1  69
2  67 65
3  44 77 75
3  65 62 56
5  32 6 37 31 81
5  39 8 46 96 27
3  94 60 32
4  41 36 35 73
1  100
2  46 76
6  92 40 55 47 19 87
4  56 17 33 26
4  40 72 51 66
2  45 26
3  10 66 85
3  39 87 43
4  32 19 50 23
4  5 70 77 92
2  32 8
4  57 64 94 29
1  60
3  58 86 96
5  52 81 12 90 67
4  47 98 73 97
2  31 2
6  8 93 12 39 100 66
6  63 60 24 77 19 70
3  4 66 2
4  46 14 13 68
6  11 41 89 32 71 90
2  79 83
3  17 82 100
1  45
4  37 22 77 7
4  81 72 58 37
2  72 82
2  39 74
3  80 62 73
4  52 95 29 34
2  45 16
2  58 61
6  94 82 63 100 38 44
5  96 80 89 67 61
2  6 34
4  85 96 33 35
3  27 63 82
4  8 98 82 66
4  68 59 40 31
4  78 74 30 73
4  19 40 14 38
3  48 98 30
3  31 65 91
4  28 72 12 36
5  94 1 27 61 59
4  91 18 44 65
3  17 66 57
2  4 2
5  2 31 22 32 95
1  89
2  84 1
4  53 94 58 80
4  17 46 45 35
6  9 82 7 26 47 63
4  51 64 34 52
6  55 84 90 67 73 12
3  73 69 3
4  27 82 19 44
2  63 78
1  71
4  23 97 5 85
4  56 49 86 7
3  41 91 32
1  63
3  57 35 12
4  100 38 40 19
5  67 82 58 83 53
1  5
3  22 90 100
5  38 86 84 80 26
5  11 33 37 54 89
5  65 48 71 3 88
6  83 55 70 41 37 22
4  42 70 79 32
5  55 69 56 38 49
5  12 60 14 48 13
1  19
5  50 89 80 38 77
4  92 47 4 29
5  61 71 39 2 8
6  71 64 31 19 45 43
5  58 90 91 60 8
5  10 96 47 48 73
1  40
2  12 69
6  72 39 26 11 41 33
1  11
6  34 30 41 76 7 99
4  97 59 74 64
5  70 11 16 42 19
4  61 31 24 48
1  62
5  13 2 6 16 49
3  43 25 48
3  90 45 99
4  9 67 33 19
5  74 38 37 35 69
4  83 71 22 56
5  24 61 98 36 63
3  77 5 72
2  45 61
5  43 25 78 9 57
6  91 31 35 28 65 3
6  48 74 9 3 56 32
4  54 67 26 1
3  30 72 68
5  33 37 18 57 15
2  13 11
2  44 46
3  9 48 32
4  22 41 58 77
5  21 31 40 46 32
5  76 3 51 36 87
5  92 2 94 5 12
1  48
4  56 6 87 12
2  28 69
1  100
6  34 39 36 65 22 12
5  72 62 3 59 29
6  60 23 99 72 33 46
2  89 2
3  76 13 60
1  82
4  3 72 97 42
1  61
4  18 28 35 79
2  93 8
2  53 30
2  24 63
5  53 51 70 86 26
5  46 29 65 9 31
3  5 72 42
4  34 60 94 69
3  24 61 46
3  14 76 70
3  38 89 7
5  14 90 21 42 54
2  73 90
2  44 32
6  78 91 92 46 29 15
1  75
4  19 50 31 56
6  68 45 76 75 20 90
4  40 32 18 68
1  7
1  47
3  99 25 29
6  70 58 5 76 33 66
6  82 97 50 69 64 95
3  39 14 34
1  53
4  20 21 69 27
2  16 65
2  40 94
1  9
4  14 85 83 80
5  65 76 28 34 40
2  79 78
3  13 80 89
5  100 9 47 26 30
4  91 50 2 84
4  11 35 73 95
2  53 73
5  28 1 17 68 23
6  45 59 7 25 47 84
2  55 30
3  85 92 41
3  93 25 4
4  66 98 77 18
5  60 46 71 76 13
6  70 58 52 77 83 98
4  6 53 90 56
3  81 96 71
5  21 64 77 80 29
5  56 47 44 16 93
1  91
1  8
4  64 59 37 46
4  97 52 9 86
1  46
4  3 16 40 23
5  16 2 8 90 58
4  33 74 47 48
4  53 55 25 16
1  62
4  71 58 12 79
3  19 24 9
2  40 48
3  19 64 46
2  53 4
5  86 77 28 33 41
5  88 65 95 2 27
4  72 84 68 51
2  87 74
3  8 14 84
4  32 47 97 57
6  100 38 85 77 65 18
1  44
1  82
3  7 8 94
5  92 62 29 18 48
1  53
4  16 36 6 47
5  3 4 81 41 66
5  5 83 95 49 88
5  87 94 84 81 73
5  42 1 93 89 4
3  44 19 81
3  66 63 51
5  44 53 10 9 32
1  91
2  63 78
1  50
5  87 30 44 61 72
3  54 60 48
6  4 66 79 52 32 41
1  1
6  56 10 92 87 24 83
1  87
4  16 36 31 2
4  74 63 37 18
1  97
4  14 100 31 92
4  63 33 55 17
1  72
1  97
6  91 10 83 50 26 19
5  28 84 55 90 21
5  6 17 38 20 69
1  69
2  44 23
6  61 33 65 69 29 59
3  43 9 64
4  90 91 45 44
5  65 17 87 82 54
1  98
2  17 66
4  61 89 46 21
2  11 89
3  71 48 88
1  56
4  74 46 42 18
6  23 83 6 9 64 60
1  62
5  31 28 35 91 16
5  12 36 91 100 85
4  48 72 75 4
2  49 65
4  38 87 49 43
6  12 2 9 73 83 40
6  18 30 15 98 41 51
6  41 35 49 88 7 24
6  29 72 40 94 38 77
5  86 19 76 97 20
6  70 3 24 20 54 85
2  95 35
1  35
5  55 23 76 78 14
1  49
4  99 86 29 79
5  47 54 68 67 39
3  70 62 7
6  16 92 7 10 27 12
3  96 66 67
5  44 80 76 92 33
5  77 61 53 48 8
1  16
5  45 53 44 7 60
2  22 51
3  31 77 52
5  73 17 41 44 61
2  20 52
4  94 29 13 46
5  21 52 92 95 97
3  38 4 3
5  25 54 10 56 30
4  30 2 78 71
3  38 91 65
6  43 58 18 56 4 94
5  56 85 71 52 29
1  55
2  79 80
6  89 35 15 50 65 16
2  35 61
4  26 54 69 83
5  24 86 66 100 42
3  71 93 78
5  48 9 58 28 93
3  63 8 96
2  23 62
6  87 10 41 56 92 13
5  78 79 19 27 50
1  5
2  60 14
6  87 7 32 50 14 27
5  37 49 38 21 36
2  30 77
5  22 89 59 100 66
3  18 93 87
2  98 15
6  11 100 76 17 32 26
2  59 2
4  8 39 87 44
4  16 20 44 38
1  2
3  74 40 55
4  26 85 64 40
5  75 40 50 92 72
5  22 30 76 88 37
1  75
5  78 91 100 22 28
1  24
4  82 63 19 48
6  3 12 28 76 87 67
2  78 38
6  99 68 75 87 5 89
4  85 67 51 88
5  92 12 43 74 61
2  61 63
2  88 38
2  55 63
6  93 61 96 60 36 82
4  24 43 49 91
6  33 79 72 24 90 15
6  63 75 19 24 37 51
1  75
5  66 37 67 58 98
4  18 33 44 82
4  86 30 48 80
4  26 52 87 16
4  84 79 40 2
1  77
4  14 51 23 79
6  89 37 85 50 55 18
6  36 74 80 66 22 59
2  47 10
1  63
5  98 41 15 100 43
6  52 56 43 74 34 30
4  71 15 12 26
2  5 61
1  84
2  27 42
4  74 52 70 36
2  67 77
3  66 19 33
2  74 76
6  8 5 52 79 19 64
1  51
5  65 56 52 92 83
6  46 56 45 16 92 72
5  68 14 49 86 47
4  59 22 56 67
2  8 45
3  71 48 95
3  12 50 90
1  32
5  49 88 29 65 79
1  47
3  14 95 31
4  60 90 82 16
4  8 23 1 52
6  48 47 33 60 97 23
4  29 6 12 16
3  76 95 34
2  40 48
1  71
1  76
4  89 91 17 97
1  17
3  8 65 95
3  24 91 62
6  19 68 99 35 2 74
2  35 96
5  83 12 39 90 87
6  79 77 15 75 91 31
2  98 95
2  37 19
1  99
1  27
4  4 61 67 77
6  2 73 57 84 95 74
5  94 53 47 8 27
3  39 50 35
2  67 72
4  75 70 58 1
3  61 3 38
3  5 10 6
6  93 100 62 63 14 9
1  41
3  39 91 80
5  57 51 25 31 21
5  32 57 43 92 59
5  41 63 90 46 51
5  46 13 44 39 27
4  39 67 98 78
4  78 50 14 29
5  45 49 55 76 5
6  67 64 77 8 26 66
4  77 47 98 90
6  36 16 44 75 82 41
4  39 19 1 52
3  74 96 29
5  100 25 38 63 2
3  89 67 97
4  13 95 55 4
2  70 47
1  52
6  56 90 6 57 42 53
2  37 48
4  8 47 84 45
1  85
6  99 51 86 64 80 19
5  11 89 14 15 40
1  71
2  7 27
5  60 57 8 7 16
1  54
6  59 63 83 48 62 34
2  26 97
1  44
4  23 32 78 38
5  79 8 1 86 35
5  45 92 79 51 7
6  5 6 53 68 89 100
2  22 33
4  19 45 98 83
5  30 60 5 1 39
1  2
2  47 74
5  39 52 20 46 24
4  98 91 39 20
4  30 74 78 72
4  41 1 20 45
1  58
4  3 83 4 77
4  42 29 71 87
5  95 38 71 86 76
5  5 36 98 79 13
5  50 73 13 93 57
4  51 14 55 33
2  31 84
4  59 54 46 32
3  84 3 34
4  71 39 94 69
2  7 40
4  79 52 16 72
1  67
2  23 21
4  40 52 37 99
1  91
3  42 39 28
3  72 86 15
1  80
5  27 86 22 93 65
5  9 36 82 76 58
1  97
1  43
3  47 42 58
3  86 99 76
1  42
3  100 57 79
3  84 65 61
5  30 34 86 66 16
4  23 20 58 34
4  6 81 4 63
2  90 61
6  3 40 59 97 81 98
5  46 59 57 76 93
3  42 8 3
4  27 60 98 89
4  78 93 28 95
5  88 85 90 27 87
3  23 68 46
1  14
1  60
6  97 1 30 4 94 31
4  91 19 29 69
1  56
4  93 43 51 77
2  78 63
5  1 31 27 3 44
2  62 32
2  63 62
2  66 55
4  29 46 80 57
1  91
1  77
5  55 28 60 88 5
2  69 5
4  96 8 97 27
5  28 54 32 90 84
6  44 45 26 90 25 83
1  16
6  80 99 50 8 59 37
1  82
1  17
3  1 25 31
2  94 58
5  25 47 64 22 91
1  48
5  33 30 83 48 24
4  47 73 70 5
1  81
6  15 98 20 16 22 50
3  15 8 23
3  55 87 62
3  95 9 25
2  38 7
5  62 69 22 35 38
2  44 19
1  59
1  32
5  38 82 17 53 89
3  92 43 25
4  88 20 62 12
3  100 19 22
4  87 43 95 25
5  39 43 81 97 59
1  71
6  94 87 49 83 25 41
2  50 94
1  69
4  25 15 55 44
3  15 31 79
1  55
3  48 98 29
3  56 42 15
4  35 1 18 26
3  43 75 35
4  44 89 81 58
3  25 94 59
4  73 68 9 21
1  7
3  61 63 90
5  15 25 75 43 1
4  86 75 90 41
2  79 22
5  22 46 70 80 100
3  48 9 62
4  16 11 24 78
1  98
6  26 73 7 68 62 53
3  51 94 66
2  16 41
4  61 11 31 52
5  70 14 42 85 25
4  63 25 54 51
3  60 18 8
2  71 55
5  64 20 2 79 61
4  40 71 82 1
2  60 70
3  1 55 61
4  17 86 28 71
3  63 31 54
5  52 24 25 88 45
2  67 5
5  6 76 59 99 18
5  35 19 30 96 84
3  81 12 17
1  74
3  70 43 99
6  67 22 81 11 47 16
2  52 92
5  58 90 99 33 25
2  63 20
1  9
1  13
2  17 86
5  87 29 70 80 96
6  60 7 38 6 22 61
4  14 42 15 3
3  48 28 58
1  47
4  18 48 71 43
4  57 14 51 85
6  31 80 76 90 86 13
6  8 74 54 21 15 69
2  55 16
4  12 25 98 71
3  45 41 86
1  98
6  61 82 83 91 58 81
3  71 77 54
3  30 75 59
6  98 14 13 48 26 38
3  96 81 90
3  66 99 34
4  59 15 47 50
5  5 30 23 75 6
5  19 35 50 78 33
3  91 46 95
1  83
3  12 64 29
3  29 27 82
6  86 97 40 35 73 44
4  95 19 71 37
1  21
1  38
5  6 83 63 22 66
1  34
2  30 83
4  57 65 49 42
4  89 77 34 32
3  29 50 12
6  87 17 20 2 55 88
1  37
3  29 2 51
4  30 81 44 86
3  8 35 79
5  23 56 3 55 97
2  5 9
2  91 26
4  93 80 38 99
1  88
2  18 39
6  47 19 33 55 41 68
2  10 91
6  12 46 86 43 50 94
5  41 20 24 33 99
4  31 15 49 58
2  87 46
5  5 79 12 60 19
5  93 28 71 81 40
1  66
5  66 60 56 6 79
5  38 78 40 69 92
6  27 24 75 73 3 80
4  15 40 69 95
2  97 66
1  36
5  78 19 46 38 74
4  16 53 90 94
6  59 85 81 9 56 58
1  35
1  27
5  77 22 6 74 87
2  10 68
6  28 14 33 1 65 49
4  54 42 45 13
2  25 98
3  80 55 48
1  63
5  89 39 96 95 13
5  13 22 49 9 62
3  50 27 90
1  81
2  47 93
4  72 90 93 52
3  40 67 6
1  56
3  10 50 57
6  63 78 40 71 27 2
1  77
2  2 79
1  33
2  1 91
6  91 83 48 34 23 14
3  37 69 85
3  19 42 37
5  20 77 53 46 78
4  22 6 67 100
1  100
2  14 90
2  5 73
5  39 96 84 78 32
4  63 78 72 4
1  53
2  91 5
5  68 70 90 74 36
6  87 35 15 1 24 36
1  97
1  43
6  89 21 23 42 84 1
1  87
1  65
1  5
5  77 73 39 67 47
5  56 33 10 71 34
2  7 39
2  12 82
2  1 3
3  42 86 44
4  72 59 18 81
4  88 57 36 27
2  82 1
5  15 10 49 43 56
6  73 67 68 93 70 37
1  55
5  62 27 39 80 7
1  68
4  38 94 87 20
6  65 34 4 14 83 47
5  69 19 36 37 12
1  7
3  11 62 28
5  88 66 53 95 67
2  58 4
1  44
2  7 9
4  10 23 40 57
6  8 76 27 45 87 29
4  35 40 13 62
1  1
2  65 96
6  84 53 98 96 97 20
1  5
5  12 27 16 69 18
2  44 69
2  73 20
4  12 33 26 24
3  53 88 29
3  72 81 43
5  78 63 69 82 40
5  9 56 49 26 80
6  70 48 22 42 68 87
4  1 12 78 34
4  66 63 10 37
3  53 3 21
1  72
1  55
4  10 1 36 89
6  5 37 15 47 1 100
1  13
5  39 77 42 1 86
5  45 38 81 65 53
4  67 7 5 77
1  5
1  5
6  17 42 12 63 46 51
2  39 89
6  81 90 86 60 34 23
3  98 76 93
4  82 97 41 98
1  52
1  99
5  43 10 31 88 22
6  39 45 32 27 13 17
2  72 51
4  12 49 28 4
1  9
1  53
1  3
1  7
1  73
3  11 3 38
2  96 76
5  27 3 21 40 19
4  11 70 3 23
2  30 27
2  38 27
5  44 30 87 51 60
6  41 63 37 73 58 13
3  85 15 70
2  34 20
3  3 22 57
2  51 83
3  89 10 33
2  39 20
5  69 79 83 9 42
2  81 99
2  30 84
3  99 8 80
2  43 82
3  100 2 91
5  52 80 92 84 12
2  4 94
6  82 77 8 23 96 89
2  28 18
1  74
1  14
4  35 56 74 55
3  64 37 88
3  29 72 54
4  75 48 58 57
2  65 79
2  54 1
3  72 7 21
6  20 73 22 76 8 95
2  43 59
4  31 1 95 2
4  53 76 3 10
2  27 75
1  47
2  12 94
6  18 14 87 38 8 13
6  3 42 37 61 9 67
4  3 68 16 56
3  18 66 75
3  40 85 91
5  97 84 67 14 53
4  84 60 64 77
4  5 13 23 79
6  16 47 99 72 90 17
3  64 61 77
3  51 45 35
1  59
2  64 10
1  24
5  91 86 77 3 8
6  82 92 6 28 91 77
2  7 13
5  68 90 29 19 34
5  53 44 32 84 7
3  99 30 13
6  16 90 92 23 80 73
1  86
1  5
4  18 11 75 98
5  64 27 97 98 1
3  42 32 34
3  73 32 79
6  21 94 76 12 16 55
6  30 40 86 34 2 3
3  76 1 23
3  28 20 38
2  70 79
4  3 27 33 35
1  18
4  98 93 67 14
3  52 44 88
3  78 89 41
2  65 41
3  5 69 65
3  97 34 20
4  37 47 89 72
4  7 27 49 100
6  62 47 45 6 34 83
5  23 5 87 64 50
6  32 15 33 29 49 52
6  86 99 74 57 49 80
5  97 79 77 59 25
2  64 59
1  47
5  26 52 68 89 2
4  21 16 91 50
4  43 34 50 41
1  7
6  87 90 86 65 66 45
6  87 9 48 91 55 29
1  7
6  5 8 54 26 24 44
5  88 86 9 38 26
1  44
1  2
2  100 67
6  45 56 85 53 4 75
1  33
6  14 28 96 21 81 45
2  96 32
1  4
5  36 20 13 51 22
3  51 88 44
6  44 28 47 48 3 54
5  93 68 7 89 88
1  33
1  5
4  23 8 34 58
2  46 9
3  91 59 37
3  54 80 62
6  27 65 54 6 57 21
1  45
1  100
4  42 12 58 6
3  66 40 93
6  85 1 42 76 60 78
1  13
4  72 13 84 36
4  90 93 87 3
3  96 3 91
3  15 49 43
3  15 83 41
1  67
3  49 43 100
2  52 12
6  23 24 68 59 90 58
4  77 60 88 73
4  78 10 76 27
4  24 41 35 64
3  2 4 97
3  4 23 97
1  7
2  39 74
5  29 31 28 6 91
1  78
4  93 87 27 19
3  50 59 74
1  7
5  17 3 20 21 26
1  36
2  35 75
1  12
1  37
3  9 27 54
6  78 46 73 5 64 12
4  23 86 68 29
4  85 32 81 5
4  96 40 89 31
1  95
3  17 31 81
2  58 34
1  36
5  84 40 43 95 65
5  62 93 42 46 24
2  50 81
2  90 69
3  4 64 91
2  94 71
3  52 5 56
6  83 39 27 26 34 21
6  15 83 56 28 7 79
5  87 96 68 56 45
5  19 35 91 13 6
3  64 10 92
4  93 31 78 18
4  99 7 79 81
6  35 9 96 13 87 82
1  54
3  53 25 57
6  16 69 93 52 33 2
3  83 94 75
4  12 39 59 18
2  40 7
4  48 3 65 34
6  73 88 22 26 12 78
1  28
3  6 79 78
1  23
4  2 97 21 13
3  80 31 52
2  37 4
4  39 68 100 23
3  88 45 67
6  22 80 27 68 86 6
3  93 28 7
6  24 27 6 58 7 36
1  25
5  13 91 12 81 35
2  78 79
6  78 1 68 4 69 53
1  14
3  37 20 39
4  47 45 18 53
5  28 78 53 41 68
4  21 59 99 43
3  78 30 14
5  98 17 47 50 26
4  95 63 80 34
2  27 78
3  80 58 68
4  10 8 25 74
2  83 73
5  19 50 1 32 29
6  48 75 74 35 43 37
1  76
4  41 54 99 21
1  66
5  21 74 2 95 3
5  68 73 2 18 74
2  46 71
5  20 19 55 62 91
5  38 50 10 91 48
2  2 14
1  23
6  8 17 90 92 85 62
6  2 35 25 47 6 67
2  60 21
6  50 90 23 99 100 14
3  30 15 60
3  38 47 45
4  36 39 98 28
3  33 53 86
3  58 53 63
1  74
3  67 63 71
4  62 84 12 92
6  72 28 36 18 90 54
1  28
4  35 67 84 88
4  22 45 5 85
4  79 32 28 41
1  93
1  86
1  95
6  76 22 20 93 94 9
3  1 36 99
3  3 82 23
4  4 68 60 88
2  38 20
4  79 23 49 82
1  53
5  92 28 97 12 21
6  20 68 91 56 66 27
4  48 49 13 51
1  73
3  44 11 59
6  89 81 49 70 2 45
5  30 42 91 51 33
1  18
2  66 84
3  24 31 98
3  82 14 8
2  58 18
5  58 7 60 6 76
3  8 21 28
3  63 19 88
6  29 6 18 95 89 67
2  20 65
4  2 78 61 22
3  79 1 92
6  61 98 8 5 81 36
3  44 54 29
3  83 34 56
5  23 22 95 42 86
3  43 64 9
4  98 87 66 89
5  26 86 31 34 91
1  69
2  56 23
4  94 6 49 83
1  71
5  58 57 25 1 20
2  65 18
2  31 6
6  57 92 22 90 83 34
4  14 89 81 74
5  87 68 31 69 83
1  46
3  58 71 41
5  5 95 24 36 100
1  92
6  36 81 74 69 39 88
4  20 61 39 6
2  69 75
1  70
2  52 27
6  92 4 96 97 98 20
2  98 34
2  89 70
1  63
3  42 50 96
4  11 35 68 39
1  43
4  73 63 2 99
4  93 3 50 89
6  69 20 98 3 43 86
5  45 49 11 87 98
1  49
1  41
1  48
3  58 98 16
2  99 15
5  92 17 24 80 100
1  95
3  100 67 87
3  77 74 46
5  22 54 24 38 2
5  95 99 83 16 98
6  90 89 14 13 69 30
1  69
3  99 10 43
4  97 90 42 70
3  25 92 89
3  29 90 15
2  89 98
3  86 95 29
5  9 41 43 39 46
1  82
3  21 24 9
2  14 51
6  49 75 79 37 23 7
2  37 31
1  35
5  100 30 97 74 38
3  16 77 83
2  58 27
3  82 36 64
6  86 50 44 60 28 81
5  35 8 19 65 22
4  34 22 83 31
6  20 68 12 97 51 38
4  77 84 36 12
3  31 98 97
5  57 25 56 38 59
4  57 23 84 10
4  6 92 87 2
1  55
1  8
1  50
4  82 34 97 94
5  28 91 77 3 47
1  58
6  59 20 42 82 4 51
3  10 42 25
1  53
5  24 60 84 73 21
4  7 18 59 87
3  49 63 48
6  64 6 81 23 25 22
1  29
5  43 38 14 67 49
4  46 72 26 29
3  46 94 51
4  52 37 9 1
6  57 96 62 77 84 87
6  88 15 70 31 53 83
6  1 49 43 72 74 16
2  65 66
5  17 3 92 18 1
3  14 63 10
6  47 96 88 35 11 57
4  63 40 62 88
1  34
4  75 50 82 40
1  64
4  18 56 74 19
1  88
5  13 77 28 9 65
4  19 21 27 81
4  89 44 49 92
5  10 67 27 91 7
3  55 64 60
1  37
5  14 25 59 27 2
6  35 66 48 54 87 75
3  47 63 79
6  55 56 5 22 83 96
2  25 51
6  84 61 28 74 52 19
1  53
1  36
2  53 89
1  27
2  51 90
1  46
3  57 50 66
3  46 93 64
6  84 48 56 11 9 30
4  28 31 16 33
4  34 85 55 38
1  78
6  1 79 33 45 36 83
1  76
2  3 39
2  86 87
5  97 96 9 59 23
3  75 55 5
1  39
4  46 51 36 33
4  15 66 96 50
3  6 26 76
1  65
6  95 51 78 91 46 87
3  69 26 24
2  30 32
4  88 77 12 23
1  63
3  76 59 87
2  65 12
6  73 76 99 68 27 77
4  73 63 7 41
6  31 63 17 62 25 5
3  37 27 48
6  64 23 59 51 46 63
3  96 39 44
4  66 20 21 38
5  28 78 70 58 41
6  19 65 91 57 2 17
1  1
5  26 59 32 72 81
6  17 77 33 60 40 98
5  60 35 87 13 29
3  53 15 63
2  5 20
2  22 24
2  3 50
5  34 21 58 28 37
3  60 96 74
4  74 33 92 34
2  5 63
4  57 77 26 74
5  46 93 4 69 11
1  18
6  40 38 46 67 75 80
2  70 54
5  44 87 75 77 6
5  39 69 36 16 95
1  98
3  2 1 9
1  7
2  1 46
4  46 12 39 26
3  9 80 21
4  66 96 29 71
5  67 40 10 83 35
2  81 75
2  82 84
2  88 10
3  33 75 80
3  13 6 83
2  85 3
5  50 99 1 21 73
5  60 83 51 95 2
2  69 22
1  52
4  99 62 89 32
3  68 77 48
5  59 69 58 62 42
1  60
3  28 32 10
6  14 60 82 15 91 50
3  2 92 1
4  80 33 98 48
1  46
2  67 15
5  28 56 86 87 98
1  19
1  100
2  68 81
3  58 30 83
4  32 75 61 94
4  93 91 2 1
3  23 68 51
1  96
1  86
5  4 98 1 11 33
5  78 80 37 8 63
6  39 37 56 32 91 49
2  93 50
4  16 18 9 13
1  2
6  18 100 96 29 97 8
5  9 44 82 71 39
2  8 95
4  99 44 75 92
6  34 7 11 43 23 57
2  18 75
2  14 4
2  43 11
6  51 54 77 22 93 97
2  88 49
2  31 23
2  24 57
2  34 99
3  57 55 72
5  30 96 88 33 16
2  43 10
5  97 86 4 89 83
2  77 31
4  7 54 81 31
1  7
4  8 55 21 63
2  95 92
2  83 24
3  13 67 48
6  63 33 98 51 15 31
2  46 92
3  99 73 65
1  79
2  16 34
3  78 61 44
5  83 27 93 20 40
4  67 33 21 100
2  72 14
4  99 60 52 33
4  24 98 65 3
2  81 37
5  58 97 20 27 79
3  19 99 85
5  65 18 98 64 49
5  78 9 69 37 60
1  94
6  99 59 86 25 40 23
1  97
2  20 23
6  66 42 96 51 19 60
5  17 24 87 2 25
4  38 85 56 32
5  55 91 54 80 30
5  80 27 95 100 50
6  66 91 88 16 10 48
6  26 71 1 12 72 67
1  11
2  42 79
5  33 57 62 9 36
6  4 36 38 96 1 29
5  16 38 30 1 64
1  2
5  73 28 42 83 38
4  24 16 41 56
3  97 18 57
2  6 60
5  43 55 68 71 38
6  9 68 85 73 86 48
3  13 90 23
4  54 47 66 95
1  15
6  20 71 24 25 30 92
5  85 60 39 22 44
3  90 28 19
4  13 67 98 26
4  21 76 10 67
3  4 69 56
6  88 26 19 13 56 10
5  41 69 19 63 12
4  52 40 84 9
4  51 6 78 7
2  53 16
6  94 19 62 50 14 76
2  63 31
3  42 72 11
4  34 23 25 85
4  9 93 14 60
6  91 66 26 43 81 19
3  100 81 87
1  31
4  46 93 88 35
4  99 95 97 21
2  82 83
2  75 97
6  74 87 53 99 30 34
2  67 33
6  53 47 28 14 92 21
1  80
4  70 78 50 67
6  69 49 81 97 23 77
6  96 64 37 95 93 70
1  60
1  10
1  50
3  26 41 58
2  21 13
1  98
4  68 96 31 16
5  28 39 53 12 35
1  49
2  9 19
3  68 21 49
5  71 86 6 11 44
3  32 56 39
2  18 6
2  49 22
6  76 61 53 88 95 69
3  23 77 55
4  45 76 12 24
3  98 30 57
3  66 88 96
1  16
1  10
3  62 32 39
3  92 26 87
4  62 9 36 16
5  81 91 83 5 36
5  34 92 21 99 79
1  3
6  30 13 34 92 44 73
2  36 64
4  22 23 16 31
4  32 3 39 22
6  44 58 65 77 50 86
5  29 2 78 23 31
6  57 23 35 30 52 71
6  6 92 17 22 23 75
4  26 14 75 11
4  32 76 34 81
4  9 10 62 87
2  93 77
6  15 12 18 66 82 11
5  74 27 93 96 2
3  21 16 20
2  73 51
1  6
2  67 14
3  29 1 74
2  78 62
3  89 80 2
5  91 73 43 18 66
3  20 11 60
3  31 91 8
5  97 13 14 64 27
4  92 28 12 5
6  48 93 70 49 63 60
2  5 78
6  43 97 99 3 32 29
6  40 10 90 52 23 53
5  78 44 6 5 56
1  95
1  3
4  52 65 24 73
5  2 60 12 99 58
1  30
6  7 69 96 21 19 48
6  96 92 5 1 48 15
6  51 17 59 2 82 83
5  51 84 35 63 82
6  77 12 79 83 81 74
5  1 93 26 100 89
2  4 90
4  19 85 15 35
3  17 16 26
6  67 9 25 29 90 17
1  1
6  87 81 68 65 82 61
6  82 49 8 86 38 73
1  23
6  39 66 3 54 91 94
2  100 18
3  90 34 53
6  28 40 72 96 4 53
4  95 34 5 3
2  43 75
2  66 62
4  31 65 15 22
4  35 21 75 83
1  9
3  100 36 74
5  32 78 24 89 73
4  94 75 77 36
3  99 2 11
4  32 75 53 9
5  6 91 83 15 26
5  50 100 54 82 78
5  70 50 35 63 25
1  99
5  10 100 84 70 32
4  44 85 89 52
4  95 43 41 9
5  23 59 68 76 41
3  53 11 95
6  74 19 98 72 92 7
5  75 76 4 33 19
6  22 71 45 16 13 85
2  81 8
5  49 83 24 93 36
3  88 22 8
1  20
5  97 26 51 72 2
4  4 21 41 25
6  86 41 4 70 65 85
5  48 33 60 72 26
6  6 13 18 37 92 15
4  43 87 64 97
6  85 38 15 76 23 55
5  93 20 64 70 68
6  29 39 22 24 45 34
3  58 52 78
3  67 40 92
4  4 88 42 25
4  63 48 11 43
3  30 6 9
6  2 38 36 24 62 80
4  3 37 10 80
6  76 20 78 29 23 65
5  10 90 27 73 37
3  15 77 66
2  85 63
2  23 98
3  84 77 4
6  14 13 66 100 89 85
5  17 7 42 87 32
1  90
5  49 5 45 15 25
2  77 48
4  74 94 36 51
6  22 65 10 88 64 99
5  41 15 79 82 1
6  13 85 82 62 89 26
5  14 56 53 62 8
2  56 43
5  53 65 42 63 52
1  61
2  45 75
1  27
5  98 40 89 83 21
3  72 46 26
6  2 78 47 9 4 51
5  55 16 22 17 67
2  77 90
5  51 93 98 26 90
3  14 73 57
4  44 3 89 29
1  67
5  12 71 77 63 52
2  78 73
3  45 100 24
3  71 75 27
5  1 16 4 15 88
4  78 32 63 67
4  67 33 36 79
1  13
3  55 44 19
2  91 64
2  14 98
6  88 24 64 40 68 2
2  28 80
4  91 46 19 57
5  54 35 82 66 76
3  9 95 64
6  58 90 13 55 86 1
5  50 88 18 17 90
3  44 70 4
3  15 22 91
6  76 25 41 100 12 50
6  75 49 52 64 61 6
3  61 84 99
3  1 16 39
3  60 8 49
6  23 71 84 16 46 8
6  87 8 2 36 77 84
4  41 45 59 91
1  43
6  55 44 5 94 89 64
1  38
4  23 8 41 39
4  49 30 40 57
2  75 58
1  59
1  48
1  70
3  10 12 27
4  55 32 57 44
6  58 81 52 89 92 19
3  41 48 81
6  79 56 55 87 15 65
3  19 35 72
2  46 99
6  1 30 48 44 24 5
2  76 86
1  68
1  55
1  52
3  4 31 92
4  17 7 24 51
2  58 22
4  3 20 43 4
3  91 48 73
6  72 49 81 85 16 40
2  37 76
2  67 68
6  83 74 9 33 99 66
4  50 69 75 93
5  24 84 20 97 80
6  46 61 76 45 16 85
5  91 12 48 58 98
2  32 6
4  30 72 18 80
3  93 73 13
1  56
2  13 35
2  58 95
6  19 40 13 3 21 4
1  69
4  12 99 93 18
4  22 90 80 2
2  72 74
3  88 30 74
6  65 96 57 60 93 76
6  6 78 20 9 93 88
5  5 86 63 22 48
6  12 27 86 41 98 59
5  85 89 56 53 51
3  12 44 17
1  49
6  30 57 87 17 27 91
1  89
1  50
5  24 76 58 65 74
1  48
4  5 4 43 57
4  84 69 99 1
5  47 95 8 4 82
2  30 72
2  19 85
5  91 9 53 49 74
2  66 22
6  70 25 27 80 11 95
5  12 73 25 6 81
2  87 6
4  59 33 76 43
1  67
4  62 15 25 88
5  46 72 50 71 99
5  51 10 71 28 21
3  53 27 24
5  13 29 38 72 62
1  14
5  79 66 33 94 90
2  73 36
6  23 6 91 98 56 1
5  84 21 12 36 47
3  16 60 65
4  31 26 66 45
6  45 10 28 38 100 48
1  35
3  32 40 31
2  96 31
6  80 51 10 16 98 46
2  58 10
6  88 35 50 33 31 94
3  58 31 41
1  41
5  45 73 15 75 3
1  5
1  91
4  11 6 54 56
3  11 65 21
6  99 70 31 29 63 73
6  94 14 93 34 89 37
1  4
1  9
1  17
1  4
5  19 10 27 74 46
3  38 66 36
3  36 67 66
6  40 53 92 45 25 41
5  31 44 93 39 58
1  48
4  82 66 71 8
3  17 46 77
5  81 14 19 48 80
1  87
2  8 40
5  33 80 58 63 24
4  2 82 60 49
3  42 15 14
3  54 31 95
2  14 76
3  32 23 24
3  10 55 49
2  87 29
6  50 53 39 52 34 98
6  77 39 15 90 89 69
2  83 99
2  58 43
4  81 67 12 90
2  67 39
4  53 68 41 3
2  79 54
4  77 54 30 16
5  20 4 37 40 87
3  74 44 78
3  24 44 50
1  65
1  53
2  69 21
4  71 40 36 25
6  12 78 24 28 46 43
2  82 83
2  17 56
4  94 93 85 38
3  99 3 58
4  20 27 71 77
6  11 12 22 5 24 99
2  52 45
5  82 26 52 99 43
1  60
3  1 44 74
3  42 76 1
6  95 27 64 71 24 75
5  45 79 6 44 57
6  76 39 14 28 38 56
3  97 92 35
3  65 78 83
3  78 75 34
1  39
1  27
1  87
5  92 93 15 98 50
1  73
6  15 1 26 71 36 23
4  71 63 26 48
3  65 25 20
6  28 58 4 55 71 90
2  63 83
3  60 32 42
2  20 56
2  45 26
5  67 87 39 30 13
6  74 78 10 94 76 38
4  80 92 23 69
2  85 52
4  45 83 98 78
1  54
1  48
5  79 15 67 18 44
5  3 18 56 13 11
2  51 63
1  42
6  80 59 70 31 16 14
1  13
6  16 67 2 64 46 81
5  12 98 21 90 1
3  46 14 49
5  64 11 88 5 96
4  64 65 98 80
5  11 93 69 27 59
5  90 4 52 67 16
3  88 6 50
2  51 63
5  28 26 86 15 31
5  82 95 45 79 74
2  90 66
6  16 25 63 6 29 14
5  44 63 60 49 13
6  100 75 60 28 1 45
3  32 26 24
2  70 2
6  93 91 66 85 7 47
1  19
4  84 62 24 43
1  36
2  11 10
6  38 11 32 80 43 57
1  69
2  4 69
2  95 35
1  2
2  51 13
3  11 97 4
3  40 15 70
4  25 80 54 62
6  85 41 32 42 44 1
5  48 69 87 42 3
6  44 27 41 56 70 52
4  73 86 92 87
4  58 11 34 12
5  24 97 14 56 38
4  56 5 4 25
6  46 27 82 89 54 23
3  23 75 97
6  60 88 83 15 46 94
3  57 66 72
4  79 27 91 36
5  96 39 7 87 84
2  69 72
6  92 17 10 66 13 5
2  100 87
3  46 80 88
1  46
4  55 24 87 45
4  69 41 98 75
2  82 8
6  53 94 87 70 3 82
1  79
5  94 18 27 74 6
2  19 66
6  43 52 29 2 20 69
6  94 96 80 2 91 33
6  78 3 98 31 84 6
1  66
6  27 92 73 33 21 91
6  5 34 49 33 36 68
1  35
4  97 15 63 88
3  58 66 50
4  96 33 61 5
6  60 31 90 32 63 11
2  61 16
4  9 48 91 77
3  25 38 46
3  100 34 87
4  99 36 13 95
5  73 100 66 32 30
4  63 93 67 86
4  82 41 62 30
2  38 79
4  76 25 96 75
4  82 32 57 18
3  52 86 17
4  51 49 81 7
1  74
5  97 27 55 37 89
5  69 27 62 25 2
6  21 76 45 3 8 1
2  52 53
1  69
1  56
2  85 62
2  58 35
2  85 89
4  74 72 30 100
3  55 1 20
5  77 64 85 65 96
3  18 1 5
2  56 22
1  17
3  63 52 74
3  41 35 21
1  65
2  46 19
2  66 93
6  30 70 81 95 66 17
1  66
2  33 22
3  37 38 94
6  90 68 47 30 2 42
4  87 85 8 53
5  4 82 48 85 76
1  2
6  79 23 20 100 66 57
3  59 56 28
2  3 57
2  70 98
6  57 85 79 64 38 68
2  4 52
6  17 53 83 96 76 2
6  42 59 33 1 14 60
2  17 55
6  15 49 43 99 27 6
3  83 74 56
6  25 50 3 78 32 98
4  34 93 94 92
2  94 6
6  20 22 1 74 8 15
2  50 14
3  56 50 32
2  5 18
4  55 21 31 87
2  83 21
1  77
1  37
5  18 21 90 40 22
4  47 37 85 97
4  33 53 100 65
5  5 83 35 60 3
4  46 22 49 67
2  25 79
5  94 96 89 84 35
1  46
5  47 31 78 98 64
2  97 28
1  2
1  46
4  13 12 8 34
4  74 66 84 52
3  78 47 23
4  82 34 7 63
5  37 41 77 1 71
5  28 82 76 37 50
3  44 83 98
2  48 81
5  82 59 16 5 19
6  38 26 60 18 62 100
6  62 70 69 90 52 44
2  79 81
5  17 25 58 14 42
1  95
1  88
4  27 92 72 24
2  97 83
3  59 83 40
2  53 8
1  4
4  36 83 32 12
6  57 70 13 98 75 7
1  62
4  35 54 31 58
5  27 41 85 24 67
1  77
5  15 80 26 51 63
4  62 61 14 31
5  12 6 81 20 68
3  55 21 71
1  2
6  53 29 82 77 96 87
4  70 2 33 95
4  95 52 14 56
4  44 29 77 50
1  97
1  49
4  37 20 63 39
1  16
5  99 92 63 86 45
2  87 78
2  39 72
5  52 28 43 96 57
2  45 66
1  61
1  66
6  34 29 35 50 44 2
3  36 64 33
5  95 20 58 22 30
6  9 57 42 5 13 62
3  79 77 9
6  43 6 26 72 41 75
1  43
2  52 6
4  32 1 74 89
2  31 19
2  40 75
4  44 88 24 93
4  1 2 58 44
1  83
1  48
4  30 90 80 81
6  34 13 96 7 2 18
3  20 38 77
6  1 21 82 25 14 48
2  15 6
5  22 89 83 69 46
1  59
2  93 54
4  6 49 66 7
4  3 26 5 80
2  5 1
1  29
1  50
4  28 56 21 49
3  4 18 90
1  76
1  9
2  74 14
5  39 20 44 41 46
3  21 66 53
2  68 81
3  17 34 61
5  55 10 16 58 27
1  74
1  20
5  31 93 96 9 32
1  52
5  61 100 92 27 52
1  94
2  46 11
4  7 83 21 16
6  79 43 4 53 45 24
3  76 17 30
6  48 46 36 20 7 11
2  88 23
2  21 69
3  87 75 19
1  91
2  86 33
2  39 78
3  73 54 60
1  38
1  48
5  27 54 9 38 86
6  60 12 17 28 49 3
1  68
1  93
6  96 25 5 34 3 48
1  56
1  8
6  15 55 66 42 8 75
5  94 71 38 5 87
4  54 89 69 21
6  61 5 94 86 9 27
6  57 32 44 65 40 36
5  94 2 21 1 76
6  95 46 37 99 32 3
4  21 71 73 19
2  77 12
1  85
3  5 42 70
3  7 9 84
6  2 86 6 3 61 5
6  7 41 96 39 44 48
4  14 20 78 45
6  89 62 82 27 66 23
6  14 29 4 98 15 6
5  20 9 44 25 6
3  65 1 89
1  49
3  22 69 25
4  65 13 28 46
3  93 69 35
1  97
3  4 12 44
6  32 52 30 56 58 80
