100
2 0.0008 49.9670
99.9992 51.7992
99.9992 49.9681
2 30.0000 65.4321
0.0001 50.0000
100.0000 99.9000
2 99.9773 0.1000
74.7064 39.9062
91.0886 0.1000
2 100.0000 88.3983
99.9999 88.3984
0.0001 88.3983
2 84.6473 96.1663
99.9993 96.1667
0.0004 8.1855
2 0.0001 0.1000
0.0001 0.1001
0.0001 0.1002
2 99.9994 65.0302
0.0005 65.0302
99.9991 16.1172
2 99.9997 60.7213
79.3460 61.3059
0.0010 44.2162
2 59.1081 96.8236
85.9566 98.5488
45.9915 93.5993
2 0.0003 79.8284
99.9998 79.8284
0.0007 94.8500
2 0.0006 8.7781
99.9994 8.7670
0.0002 44.5834
2 99.9991 46.6449
99.9996 46.6449
0.0004 22.2276
2 38.4435 75.6126
18.0385 23.5169
56.6033 88.8581
2 0.0001 0.1001
0.0001 0.1003
0.0001 0.1000
2 0.0009 33.4316
99.9994 40.3358
99.9991 33.3969
2 100.0000 75.6127
70.0263 75.6127
27.0364 27.7990
2 99.9997 17.3958
0.0004 17.3958
0.0010 58.4702
2 0.0007 60.6983
99.9997 60.4161
99.9996 60.9192
2 99.9996 19.5615
99.9994 29.5076
99.9999 19.5405
2 99.9995 22.3000
99.9997 21.4918
99.9996 23.1083
2 0.0005 78.6724
99.9997 78.6724
99.9994 65.7252
2 0.0006 70.4646
0.0009 47.0636
99.9994 93.8655
2 29.6513 25.9170
54.5638 25.9181
47.8783 67.1711
2 0.0005 40.2954
0.0002 84.2826
16.8967 40.2499
2 99.9994 46.9954
0.0005 16.9963
0.0004 76.9944
2 0.0003 69.3206
99.9992 69.3206
99.9993 62.8968
2 0.0006 11.1033
0.0003 5.6911
0.0002 16.5155
2 99.9998 87.9410
99.9996 87.9404
0.0008 4.5861
1 13.7848 60.4579
87.9873 60.4579
2 0.0003 82.9516
0.0007 83.4387
0.0005 72.7194
2 46.1852 48.0292
100.0000 48.0292
99.9999 48.0292
2 0.0002 46.4174
0.0009 46.3517
99.9994 47.7217
2 0.0010 56.8683
99.9992 99.0211
18.5318 14.7155
2 0.0003 94.3028
99.9997 94.8786
99.9993 41.7385
2 99.9997 25.9560
94.2328 25.9560
99.9997 46.9577
2 72.9780 87.9415
0.0001 87.9415
0.0002 87.9415
2 0.0008 25.3414
0.0002 25.3414
99.9993 97.7811
2 100.0000 37.7213
99.9999 37.6818
99.9991 64.4885
2 0.0001 60.2253
77.8732 78.2850
97.6046 42.1656
2 0.0008 7.1239
0.0007 7.1148
0.0007 37.3493
2 99.9999 41.9544
99.9997 49.7958
0.0009 34.1130
2 100.0000 66.2708
56.3030 46.4261
26.0479 86.1155
2 0.0008 4.8789
99.9995 4.8789
0.0010 51.5698
2 0.0011 35.9806
0.0010 45.3711
99.9992 35.9806
2 99.9999 14.0290
99.9996 94.4445
99.9991 14.0290
2 0.0010 28.8915
0.0005 28.8915
99.9992 7.2731
2 0.0009 26.1542
0.0001 26.1542
0.0002 39.0938
2 99.9998 24.5215
0.0006 84.3450
0.0009 24.4948
2 99.9993 62.3323
99.9995 38.7882
0.0007 85.8765
2 99.9998 96.6757
0.0008 96.6757
0.0009 86.7063
2 40.9642 71.2816
100.0000 71.2816
99.9999 71.2816
2 0.0009 34.1917
99.9995 4.8684
99.9993 63.5151
2 99.9998 60.5362
44.9051 4.7993
0.0004 60.5362
2 68.9935 76.0477
56.8186 92.7093
2.6214 92.7093
2 99.9996 80.5497
0.0008 80.5497
0.0004 7.1982
1 14.1649 89.0931
47.3783 89.0941
2 0.0003 94.7367
99.9990 79.9199
99.9997 94.7367
2 99.9998 44.9488
0.0006 1.6677
99.9997 44.9488
2 99.9996 77.5577
99.9996 78.2134
99.9997 40.4163
2 99.4808 76.9326
99.9999 76.9326
100.0000 76.9326
2 0.0001 77.2831
0.0001 97.3911
0.0001 57.1751
2 99.9992 74.4302
99.9997 61.0428
100.0000 74.7404
2 99.9998 15.2572
0.0005 15.2418
99.9998 16.2457
2 99.9991 11.5503
46.9752 11.5368
0.0005 81.3697
2 40.7890 3.2811
0.0002 3.2811
0.0001 3.2811
2 99.9991 99.4678
99.9997 99.4678
99.9996 64.4769
2 99.9997 58.8208
0.0009 59.2341
0.0006 26.2727
2 99.9998 36.5145
99.9991 89.2637
99.9994 36.5145
2 0.0008 0.7994
0.0005 32.2067
0.0003 0.7994
2 99.9999 12.1784
79.4015 12.1784
99.9993 66.9676
2 99.9995 28.7422
80.3785 0.1692
99.9999 28.7422
2 0.0001 39.9176
0.0002 39.9176
99.9992 24.1882
2 91.0578 0.1000
94.1061 97.3599
91.7255 11.4797
2 5.0000 99.9000
30.0000 99.8999
20.0000 99.7000
2 0.0001 16.9905
99.9995 85.0665
99.9997 16.9905
2 99.9998 45.2340
99.9998 68.5048
99.9994 45.2340
1 81.4466 99.9000
18.2461 6.0819
2 84.8309 98.0416
28.0374 64.4504
57.8060 5.8730
2 92.3798 5.4463
23.6874 5.4463
32.6232 5.4463
2 51.8961 65.7855
27.2667 65.7851
60.1913 50.3668
2 100.0000 65.1587
0.0001 65.1587
99.9999 65.1586
2 0.0004 65.2176
99.9994 65.5323
41.2862 37.2697
2 100.0000 65.1586
0.0001 65.1587
99.9999 65.1586
2 99.9996 56.9350
0.0006 94.2939
99.9993 56.9350
2 99.9997 7.9339
99.9999 72.4107
99.9991 7.9339
2 100.0000 88.3984
99.9999 88.3984
0.0001 88.3983
2 0.0006 68.8795
99.9990 21.7308
0.0005 68.8795
2 0.0011 55.3157
0.0010 55.3157
0.0010 2.7491
2 0.0006 39.4880
0.0002 39.5503
99.9993 16.5818
2 0.0010 94.1015
0.0007 68.1242
0.0009 94.1015
1 34.7626 71.4815
84.0322 20.6568
2 34.2268 94.9237
32.8607 95.3855
83.2727 94.7415
2 0.0002 19.8830
100.0000 68.8982
0.0003 19.8580
2 99.9991 58.2401
99.9995 41.7960
0.0006 58.8120
2 99.9996 81.0099
99.9997 45.8935
0.0006 81.2257
2 0.0007 45.1892
0.0003 45.3441
99.9993 36.6650
1 10.0000 50.0000
0.2000 50.0000
2 0.0010 12.5429
0.0008 8.8623
99.9995 12.5429
2 99.9995 19.4852
99.9990 17.9736
0.0011 19.4852
1 4.2781 99.9000
47.9305 99.9000
