100
5
0 0
10 0
10 10
0 10
5 5
15
331632 438841
-862652 -540640
-471 -449561
-257175 98612
299727 996419
-580937 -537180
-519703 -250937
643250 -695749
904673 527908
-267822 -93480
114399 138937
-658988 400948
163575 -116964
845555 -529158
69825 -338790
8
-893921 526400
-985466 733603
738011 -287107
-408663 -367761
40234 796787
328597 -375843
436171 -726407
-704609 -995484
1
-900608 -139217
11
-519863 540613
-107430 834366
-151204 -547891
159936 907213
-584427 -848873
-82245 -417640
721919 -157513
-253548 400734
-106090 -570114
918585 -201704
-254369 -641854
15
-394643 940936
95153 387033
967204 210164
266604 -714614
121405 403157
-303908 22845
-933635 254233
-320785 -351821
-542526 323989
-609255 -871362
-71805 -646305
406727 -787298
570155 201266
-281158 -718252
956218 -310485
10
-117682 -1000000
58002 -1000000
-31742 -1000000
-704985 -1000000
153088 -1000000
551624 -1000000
49811 -1000000
5138 -1000000
451610 -1000000
-365215 -1000000
5
-622441 313672
537686 -837028
199155 688942
757066 823921
-742329 -656626
10
510871 -18375
-178358 -1000000
-495051 -1000000
923685 -1000000
520907 -1000000
-134862 -1000000
688365 -1000000
497979 784944
-833614 -1000000
152391 -91553
15
666409 269492
-445121 557993
599365 -164548
-383113 -753778
-702666 -423139
-386470 631569
-548906 -921061
-6575 -412076
-295609 -520749
667955 324886
-449740 -527068
999541 -634373
822233 -460126
775891 -387548
173851 982973
5
909356 -476743
75303 -520637
622490 -464998
75303 582166
539609 413242
15
32359 587551
308030 -81694
787195 -676269
774023 194711
-114465 -904666
313951 734530
202856 444126
-718165 865238
103274 -583543
842174 228991
929448 896282
-921235 -763183
-843799 -459894
214980 -143731
721292 724100
10
-751029 -636555
-472734 868351
-48132 -781621
-803127 -1000000
753725 -1000000
-581595 -509401
233337 -938583
703420 677561
379967 752882
185036 123317
2
-23868 -1000000
-234022 -1000000
8
1000000 -952048
1000000 406342
372419 314908
1000000 123735
1000000 -138654
1000000 320756
1000000 -281292
1000000 275528
15
879515 175122
-154226 -218392
357872 480022
959841 -721978
994805 -581207
-561320 389034
-10505 -209068
-971228 -97030
850669 -154922
735073 -714287
-794445 -233184
-208125 -274939
923103 -717003
894428 -10576
535048 612805
3
-355835 992164
253109 -370087
847197 995941
11
-634910 -634910
470300 470300
-332130 -332130
-583550 -583550
-554565 -554565
17505 17505
-997565 -997565
-763940 -763940
-605005 -605005
444835 444835
433485 433485
10
-932984 -543289
-167581 -543289
259620 -543289
33591 -543289
356846 -543289
-629945 -543289
-529454 -543289
160874 -543289
474578 -543289
-740187 -543289
7
307397 -330174
-241083 131023
-456866 356256
118826 -686900
969880 852707
-195956 982093
-664496 -174351
9
678678 1000000
816829 -544266
-266480 123871
895614 942932
964781 1000000
-898671 -893809
-823845 1000000
-203781 672299
217266 1000000
15
-46901 -420543
797862 889180
-758226 -795021
-468743 -739889
370157 329708
261494 532948
176058 832090
78088 703949
-14868 273958
917911 350970
262154 630636
493796 -463715
559244 328932
-565514 238032
-209944 -646816
2
363679 -409303
1000000 -179072
3
829087 66836
838615 109981
-170840 385271
5
88920 -19760
742302 -164956
-803730 492504
246879 -54862
999099 -222022
11
-875595 1000000
848004 1000000
-524683 1000000
-54106 1000000
-560979 1000000
-986994 1000000
486007 1000000
-129591 1000000
789168 1000000
952563 1000000
-274751 1000000
5
-170038 515682
48164 216877
299537 6728
-361424 13831
85481 870406
8
758992 -474370
814048 -508780
-895560 559725
405256 -253285
-341072 213170
51960 -32475
-242808 151755
-968200 605125
5
67142 240598
-838199 240598
28416 240598
-750484 240598
463327 240598
7
253661 -726603
-901788 -447860
-737435 -294974
-813185 -325274
-297235 -118894
849054 -821586
996610 398644
15
-293092 -826354
645556 245121
-601842 469428
-586940 -743170
-983674 -622322
465441 526400
-528251 -564263
140898 -441430
149563 355916
457035 820137
673109 -381251
68146 -144902
-702619 369066
-910718 867727
-530578 423909
4
-480557 -144443
126384 568728
170824 768708
-75178 -338301
5
497023 330578
-676963 -297299
-514611 613493
978910 388156
-132667 -817877
2
111825 -629984
16214 99918
13
-531792 690494
212399 -700073
54098 660107
-347439 -443828
-330728 -700073
-905258 -700073
607283 -700073
-761432 -700073
785949 -317918
355787 288933
241719 -232471
-515055 996312
388008 -700073
5
857928 -857928
363704 -363704
-669348 669348
-547872 547872
-941988 941988
1
67070 1000000
11
1000000 -915118
1000000 935979
1000000 -34250
1000000 735558
1000000 501195
1000000 493375
1000000 942405
1000000 475752
1000000 706416
1000000 -843282
1000000 137753
8
33391 -1000000
896489 -1000000
-182367 -1000000
674938 -1000000
251676 -1000000
410376 -1000000
-526722 -1000000
961052 -1000000
1
1000000 -545220
2
721184 -435664
-806295 76766
7
-781366 221770
372000 446400
-622036 -634862
-816800 -518680
617050 740460
-363918 316834
-634460 -761352
15
394726 367238
-400532 -232353
308426 439581
510665 -810323
36654 179218
-774899 180401
503790 541745
488024 95191
669047 607248
681238 -880093
840919 145892
-179405 401497
-45872 664111
-983471 -701359
383014 -946939
15
521839 -998586
992623 -157118
-289699 -362082
-744978 -611988
751299 -949238
-576937 -551796
-662725 956624
-854822 109905
-528849 -847663
-996040 613042
-869553 40001
-440349 293663
-68964 -446943
-277603 -809572
-855863 560719
15
-758902 -813526
-699850 -207699
-969923 537604
-326152 -92451
-481078 814326
-488957 883970
567995 359950
-906713 653560
176002 -794593
-148190 -358356
-857934 -439987
470877 510248
22766 -7198
473812 -345148
-764577 -990925
10
315241 -492623
315241 199541
315241 -606579
315241 -998708
315241 -979904
315241 -233168
315241 -895794
315241 42348
315241 -257088
315241 -228905
15
720223 182400
-104495 515348
558584 189539
-836066 724750
965805 224622
-884638 -454881
-287507 -587208
91072 -146364
-995842 -705006
603821 -927792
378440 11440
-74212 -195842
244250 584125
315957 -563951
641137 -329656
9
-634524 -1000000
-531505 -1000000
-356458 550573
-406736 -1000000
834627 969422
-614653 -793826
-302123 -754072
214516 -811250
158231 -1000000
15
-878246 384820
240712 763822
491795 -321909
579257 837588
-564672 -530644
241587 176435
-820507 925562
-945471 -653183
712197 484815
-333670 -722032
597786 -334559
620052 -621894
489540 156392
964629 -776033
237716 -136409
13
653854 349473
312999 349473
-919912 -414445
-452469 349473
270117 349473
-944339 349473
401952 19570
-62165 -146333
452294 349473
-439815 349473
-959247 -632011
469372 -813593
95943 -163743
9
359937 -60595
-737416 368708
988207 584914
128069 448285
-49328 24664
-233120 116560
981570 95639
-80464 40232
-401384 200692
15
-473365 -279100
-399693 2894
-863965 -83967
646705 -709708
-4173 -677965
-123498 -357650
425155 557983
897448 -100697
-830031 831727
718266 549749
235808 -585460
119516 644812
46963 -276347
522848 -550020
15118 -631029
3
-545616 87928
-655425 87928
728939 87928
5
-562557 -1000000
12375 761038
261271 -958098
-76641 318251
352008 -552337
8
122092 -386402
718672 883379
-687610 788056
-505719 640970
804945 290260
646675 -763353
-468463 727845
-311182 777981
14
-780927 -322063
371506 -322063
-364105 -322063
-57237 -322063
-335271 -322063
701593 -322063
406565 -322063
716240 -322063
699436 -322063
-535996 -322063
662855 -322063
505655 -322063
130642 -322063
-147723 -322063
3
-9032 -2258
582276 145569
-470267 -523647
15
502046 937438
444350 620631
-974296 11683
-297331 959914
-250131 738598
129780 -487286
-536851 53658
175024 -603502
-261168 161578
-896551 748753
432655 151564
678753 948147
671099 150248
67716 -676917
437560 -960090
11
900393 96826
85452 96826
245990 -599157
-357165 96826
-601712 96826
288670 96826
-318785 -750697
169574 96826
277153 -254989
851014 -331712
-739512 96826
7
-9819 -2182
402165 89370
-929241 -206498
993411 220758
-89235 -19830
156078 34684
-361287 -80286
9
-321154 -985453
-878503 -324714
604586 755789
719925 -386141
-700170 -357535
-534195 559453
415880 -581580
405897 292069
231998 931782
15
566468 -561743
-72118 -454689
298599 -259330
23108 -790438
936302 -113516
407050 -11420
-409463 -992333
398858 509332
536084 -933450
-372165 -453357
468830 -873031
447439 -186371
-246247 276736
932154 260929
108196 -982464
6
-867602 251268
10291 747556
498354 558561
937668 68192
58478 586660
383455 -606896
11
843129 -1000000
506903 -1000000
217925 -1000000
-89272 -1000000
-968098 -1000000
-488644 -1000000
355248 -1000000
-876456 -1000000
-538624 -1000000
556779 -1000000
288793 -1000000
15
-836082 428681
845653 26943
-164768 -34055
375283 -541675
820300 -406960
498160 997029
2330 -829810
384493 120148
-758023 -215746
512022 445222
847019 -218049
793486 543176
342822 75156
-896892 -842447
633510 -681419
15
-98825 651362
179077 -968735
-44307 -348042
-2917 281806
-628048 281900
307851 -46330
202728 -193959
412575 -843643
464287 -847764
23034 -952946
-456880 -74524
-175556 -138039
429115 274418
-313021 -896554
-429162 262406
5
-206891 858838
301778 42099
654632 -245487
-975968 365988
680900 37826
8
420948 -332465
-752870 -982323
-988308 -177704
-821754 706973
-760752 -531197
696651 409967
463346 889920
734496 725616
15
826390 253938
730395 -487165
-400765 506699
600600 -951523
-826493 114474
-211690 -148921
-27823 -247565
38186 -819659
-939388 -174014
751569 260805
-283865 65671
-742350 -616746
-228961 786059
386453 71907
539047 -795658
3
-35430 14172
-11750 4700
951680 -380672
15
-59045 92241
834077 -69361
-974972 28661
963174 302617
-793489 -300427
-990405 301257
-31209 153778
209048 -962200
-845983 596751
-79781 -518740
-430032 -12405
-115430 366844
-642402 562168
889128 -476895
-554425 -784168
15
-971121 227378
487936 338729
-539486 -667043
952996 958241
483091 802433
-994768 940813
419250 -227362
14436 686251
928633 501477
368812 237738
-947977 -128165
173832 942382
-709068 546805
-501019 -633556
656597 -650688
15
786440 -939748
-915237 -71177
-668273 963549
941171 -335951
-713690 623554
-185720 -568352
452677 -918149
101407 275942
446954 284275
-752305 748710
7559 297583
100205 9055
334006 30163
-632048 -930519
444157 138583
7
-129775 -731966
894954 92787
-525307 -951328
-914187 781251
689066 -190928
-225081 -537535
461471 455825
14
626536 -292920
-945824 -526429
-591720 -348386
654324 609637
895914 207593
641991 -701246
-496377 -308222
43906 -400233
729199 -475547
-777420 809942
-872140 856350
329601 525180
736930 -252334
-62563 -805598
15
-700041 90796
-588634 501064
-769488 448651
-103177 848305
216468 13330
448902 20856
959321 -232118
-182708 -335430
-76825 -393587
-34485 -158307
-750673 -656843
449493 -159929
-565655 899807
-950848 -195493
981023 577182
7
-608001 -224633
-834823 525853
-598262 -233939
-535400 -983606
-923850 -891634
88610 -282444
40692 417614
13
908571 -211563
-754243 -513935
125450 -149111
791596 -513935
875576 993746
769887 -513935
-347690 -513935
448495 -513935
105427 -513935
-135020 635056
-976265 602097
848673 -513935
-603003 -287662
7
-785191 714532
656180 714532
-733761 714532
-30058 -645472
-917276 714532
591843 -234851
-925528 689599
11
-915957 -649002
-491368 -649002
535596 -649002
283149 -649002
-375140 -649002
291916 -649002
-764257 -649002
662887 -649002
-485103 -649002
-75887 -649002
578023 -649002
4
-161373 715662
628460 618941
843164 -238828
364825 665573
9
142649 255629
-999243 -29540
903700 455973
-431480 -667234
457761 166820
-44219 96842
11345 910134
579380 943958
-655974 -641199
15
192946 986042
-652025 902262
441079 609587
566600 -221512
-97157 214271
-40336 -85146
-214105 512959
-997256 -13595
-870911 449348
-445939 599370
-751032 -621508
274439 -281272
-681814 776576
-278016 -421129
-471469 713083
15
-778610 -377966
-303581 281487
-776812 315825
52160 823497
371216 455650
-389778 -109171
-481053 -114928
460225 709285
583055 367241
576759 -770699
-568437 -139184
-290714 233956
-253312 271120
-510727 -393822
-861877 243225
9
-13672 6836
846680 -423340
-561857 748845
188330 64505
-184816 92408
-231274 734386
-826456 413228
939820 260762
209384 -104692
7
-346016 43252
407632 -50954
931944 -116493
729504 -91188
-574824 71853
-366248 45781
-773256 96657
15
-119660 -239320
19272 38544
-488108 -976216
-64800 -129600
244192 488384
-416584 -833168
-93436 -186872
-214228 -428456
-304628 -609256
-56092 -112184
-421484 -842968
183728 367456
99440 198880
-89076 -178152
114096 228192
9
370216 11736
-410229 81761
-12597 -407947
518198 -759832
777743 256322
338530 -707062
-3698 937906
55969 -850537
814807 693349
1
866169 866169
12
989069 451276
250260 -166840
-887315 717423
322221 -108554
766607 -10898
-80754 53836
611178 -407452
956552 414862
619359 -353450
-217746 145164
45640 439500
87162 -58108
7
830606 -330367
925639 -704837
-924873 -968187
753511 687051
-360260 219836
-121196 -705614
355652 -943415
15
-238010 932805
753430 364993
716119 -20533
418431 77472
-229161 175012
-904336 -400153
-338338 929930
879998 -606366
-727503 735069
-472336 606722
144844 -521486
636145 -137243
824272 112128
498276 428309
-971724 544531
10
-26850 -601976
-26850 -406544
-26850 446007
-26850 -663573
-26850 97689
-26850 736976
-26850 -956929
-26850 -848694
-26850 122078
-26850 -224083
11
825521 -813093
-477392 -875192
810085 -671529
568207 515485
459296 -610630
-926904 -126501
926963 749866
286490 -996195
-757859 -23432
-287767 -760124
-166603 -46598
2
-458112 -113187
-321036 -897322
9
865122 -612785
233823 -179717
-888415 1000000
407378 919985
133136 1000000
94632 1000000
-736109 1000000
606519 1000000
-557321 -858710
6
-410182 -250268
880078 -288600
-290698 -528721
659627 1098
-676798 -302597
-566590 840535
10
900050 -233734
967647 147923
-241914 561386
-74398 -990891
-232884 154695
-472106 -894631
598699 -936645
238313 579717
-325192 -690806
606499 -365082
15
-259894 -282638
327720 -659145
-853132 26438
41516 818251
983729 754692
416325 243675
831787 -35283
787946 -160923
-884738 261585
-178183 -313055
-104636 -201421
620742 642939
-402776 -200648
-435789 -431458
-312550 233269
1
-655469 -103316
