20
855 390 629
20
387 456 303
689 97 355
440 293 297
33 777 143
148 769 21
729 811 907
17 954 233
761 15 172
102 38 21
22 199 198
614 916 620
42 56 55
603 32 829
139 53 968
689 168 61
14 680 22
952 147 134
307 632 625
290 57 773
10 13 152
292 381 558
20
10 38 218
12 148 673
10 471 330
844 732 240
406 298 322
691 617 121
752 545 241
410 301 823
155 641 273
955 165 121
84 320 64
56 60 93
18 48 239
928 925 34
308 625 182
13 13 701
630 13 212
124 304 913
289 242 458
696 822 421
861 317 892
20
18 145 886
649 860 629
155 836 119
430 13 420
712 461 982
92 604 10
304 69 68
128 30 814
138 217 726
76 17 255
332 399 820
256 366 30
907 304 186
76 49 439
796 289 273
16 515 355
10 10 223
596 355 758
429 218 10
573 213 10
861 695 625
20
10 77 445
958 23 124
398 967 12
23 379 811
714 78 384
59 37 16
13 569 71
113 129 32
688 20 215
158 267 96
823 123 170
353 483 10
964 560 17
75 11 154
21 356 125
10 281 16
760 157 656
13 651 599
888 314 10
474 876 659
181 750 819
20
60 10 576
303 39 917
158 159 42
16 499 333
115 959 782
841 229 358
142 10 742
181 750 819
53 588 951
668 160 18
10 66 238
865 416 10
374 107 988
149 926 470
59 223 914
11 564 201
23 24 28
10 359 455
818 159 841
132 963 10
415 542 410
20
22 585 19
99 661 543
173 46 12
10 38 73
74 598 77
46 730 935
49 950 123
523 11 17
747 751 281
691 301 34
374 48 608
968 10 924
400 484 906
11 738 36
298 270 12
238 20 136
314 818 666
345 374 77
472 301 517
101 10 129
991 827 352
20
29 560 929
139 681 102
144 853 10
84 729 80
218 20 67
140 80 901
428 20 500
520 970 128
422 419 30
413 101 192
467 448 501
32 939 684
34 20 38
251 317 132
588 437 10
648 21 79
391 25 14
499 22 24
854 77 361
405 25 20
292 264 512
20
909 302 261
705 597 823
291 51 126
28 697 57
593 31 826
311 256 57
292 14 47
29 730 716
12 529 146
768 16 439
37 472 15
350 192 34
163 468 238
69 173 10
203 72 690
424 875 213
223 593 292
151 46 10
88 90 16
773 653 711
978 383 580
20
58 445 25
462 16 364
44 639 37
22 876 239
437 128 293
540 588 21
304 22 249
310 957 587
29 589 10
99 983 763
96 49 987
119 10 62
654 53 10
151 435 15
13 300 449
399 656 102
10 158 322
215 688 112
10 116 576
207 283 517
985 848 926
20
179 356 12
44 490 297
126 181 58
55 225 110
321 99 486
115 70 171
602 187 844
391 11 188
53 76 203
29 374 307
78 959 34
182 24 828
318 296 43
244 72 530
161 730 76
751 808 296
487 54 106
857 36 588
231 12 118
291 62 35
734 644 887
20
676 968 23
946 215 329
122 851 31
219 99 845
311 57 422
229 117 452
114 78 48
329 388 63
855 924 12
335 774 659
463 361 424
308 947 550
191 252 239
10 245 760
133 369 824
860 193 530
10 485 782
487 197 15
852 61 373
118 426 365
868 903 789
20
12 103 782
696 535 181
632 98 10
154 74 998
10 240 300
95 10 698
26 196 686
384 930 414
12 163 161
163 38 440
422 15 637
355 25 10
740 26 930
277 740 302
328 129 135
20 714 250
39 730 61
822 578 333
639 23 10
485 16 75
827 994 940
20
262 846 390
19 543 52
839 400 405
23 859 592
420 513 357
562 331 218
497 141 492
748 632 524
15 722 48
80 521 176
815 533 62
508 51 171
19 291 136
674 895 157
325 10 62
209 362 439
12 50 10
88 373 711
13 58 274
287 342 443
100 100 100
1
100 100 100
425 837 606
20
36 382 976
898 10 596
773 773 287
160 170 135
166 13 340
412 94 139
441 348 778
676 103 850
134 37 244
12 146 165
542 14 623
264 248 10
89 71 18
173 27 452
340 222 227
62 560 446
139 245 48
15 830 769
774 655 30
429 216 92
393 821 883
20
389 586 269
363 927 476
156 65 852
92 924 146
40 332 572
205 135 101
69 62 351
156 849 10
35 18 438
355 39 774
478 477 442
59 744 795
188 213 136
11 712 410
703 728 365
91 960 333
36 157 517
880 71 23
253 46 520
924 39 79
828 683 564
20
526 612 937
85 194 532
729 56 190
29 46 518
363 18 134
60 741 529
321 353 874
90 376 71
11 391 83
52 179 772
832 292 690
524 434 459
571 38 10
32 415 58
96 352 802
47 848 436
980 73 621
174 60 10
60 339 250
64 39 423
588 838 678
20
314 743 943
659 696 10
10 10 352
223 53 91
733 594 19
384 64 487
15 11 770
569 639 471
590 613 747
777 99 217
12 666 132
396 456 914
186 72 157
505 952 153
143 56 197
380 988 876
869 213 672
76 388 744
68 504 684
833 56 709
390 818 745
20
208 14 139
694 107 395
23 987 19
25 786 329
493 104 401
200 122 23
50 386 241
827 128 73
45 961 682
206 366 86
15 71 282
12 293 553
650 454 495
148 385 497
392 968 334
199 387 39
973 51 280
354 11 672
493 127 17
540 308 143
212 742 882
20
60 808 88
705 10 132
473 456 113
599 186 220
182 932 34
31 10 719
132 843 813
383 223 950
326 68 61
909 564 74
32 175 784
305 20 62
280 193 919
746 96 441
97 209 10
315 989 764
320 37 281
773 852 44
11 920 679
371 540 596
